0.2159090909090909
0.21618625277161863
0.21646341463414634
0.21674057649667405
0.2170177383592018
0.2344789356984479
0.23475609756097562
0.23503325942350334
0.3187361419068736
0.31901330376940135
0.31929046563192903
0.3195676274944568
0.31984478935698446
0.3201219512195122
0.3203991130820399
0.32067627494456763
0.3209534368070953
0.32123059866962306
0.32150776053215074
0.3217849223946785
0.32206208425720617
0.3223392461197339
0.3226164079822616
0.3228935698447894
0.323170731707317
0.3234478935698448
0.3245565410199557
0.32483370288248337
0.3251108647450111
0.3253880266075388
0.32566518847006654
0.3259423503325942
0.34340354767184034
0.343680709534368
0.3439578713968958
0.3442350332594235
0.34451219512195125
0.34866962305986693
0.34894678492239467
0.34922394678492236
0.356430155210643
0.3567073170731707
0.3569844789356984
0.21119733924611972
0.21147450110864743
0.21175166297117515
0.23198447893569846
0.23558758314855877
0.23586474501108648
0.2361419068736142
0.2364190687361419
0.23669623059866962
0.23697339246119734
0.23725055432372505
0.23752771618625276
0.24722838137472283
0.24750554323725055
0.24778270509977826
0.24805986696230597
0.24833702882483372
0.24861419068736143
0.25083148558758317
0.25637472283813745
0.2566518847006652
0.2569290465631929
0.2572062084257206
0.25970066518847007
0.25997782705099776
0.2602549889135255
0.26302660753880264
0.2633037694013304
0.26358093126385806
0.2638580931263858
0.26579822616407983
0.2660753880266075
0.2691241685144124
0.26940133037694014
0.2696784922394678
0.2721729490022173
0.272450110864745
0.2727272727272727
0.27300443458980045
0.27328159645232813
0.28713968957871394
0.32788248337028825
0.32815964523281593
0.3284368070953437
0.32871396895787136
0.3289911308203991
0.3292682926829268
0.32954545454545453
0.3298226164079822
0.33009977827051
0.3303769401330377
0.33065410199556544
0.33148558758314856
0.332039911308204
0.34672949002217296
0.34839246119733924
0.34866962305986693
0.3495011086474501
0.3497782705099778
0.3500554323725055
0.3503325942350332
0.350609756097561
0.35088691796008864
0.35587583148558755
0.3561529933481153
0.356430155210643
0.36557649667405767
0.36585365853658536
0.3661308203991131
0.3664079822616408
0.3677937915742794
0.36807095343680707
0.3799889135254989
0.3802660753880266
0.38054323725055433
0.380820399113082
0.38109756097560976
0.38137472283813745
0.3816518847006652
0.3819290465631929
0.3822062084257206
0.3824833702882483
0.38276053215077604
0.38303769401330373
0.3833148558758315
0.38359201773835916
0.3838691796008869
0.3841463414634146
0.38442350332594233
0.38470066518847
0.38497782705099776
0.38525498891352544
0.38553215077605324
0.39190687361419063
0.3921840354767184
0.39246119733924606
0.39273835920177386
0.3960643015521064
0.3963414634146341
0.39661862527716185
0.39689578713968954
0.3971729490022173
0.39745011086474497
0.3977272727272727
0.3980044345898004
0.39828159645232813
0.3985587583148558
0.4021618625277162
0.40243902439024387
0.4027161862527716
0.4029933481152993
0.40327050997782704
0.4035476718403547
0.40382483370288247
0.40410199556541015
0.4043791574279379
0.4046563192904656
0.4049334811529933
0.405210643015521
0.40548780487804875
0.40576496674057644
0.8619733924611973
0.862250554323725
0.8625277161862528
0.8628048780487805
0.8630820399113082
0.8633592017738358
0.21812638580931265
0.21840354767184036
0.21868070953436808
0.2189578713968958
0.2192350332594235
0.21951219512195122
0.21978935698447893
0.22006651884700665
0.22034368070953436
0.2206208425720621
0.2710643015521064
0.28686252771618626
0.28713968957871394
0.2874168514412417
0.3004434589800443
0.30072062084257206
0.30099778270509975
0.3012749445676275
0.3015521064301552
0.30376940133037694
0.3159645232815964
0.3165188470066519
0.31679600886917963
0.3170731707317073
0.31735033259423506
0.31762749445676275
0.3179046563192905
0.3181818181818182
0.3184589800443459
0.3187361419068736
0.31901330376940135
0.31929046563192903
0.3195676274944568
0.31984478935698446
0.3201219512195122
0.3203991130820399
0.32067627494456763
0.3209534368070953
0.32123059866962306
0.32150776053215074
0.3217849223946785
0.32206208425720617
0.3223392461197339
0.3226164079822616
0.3228935698447894
0.323170731707317
0.3234478935698448
0.3237250554323725
0.32400221729490025
0.32427937915742794
0.3245565410199557
0.32483370288248337
0.3251108647450111
0.3253880266075388
0.32566518847006654
0.3259423503325942
0.32621951219512196
0.32649667405764965
0.3267738359201774
0.3270509977827051
0.3273281596452328
0.3276053215077605
0.32788248337028825
0.32815964523281593
0.3284368070953437
0.32871396895787136
0.3289911308203991
0.3292682926829268
0.32954545454545453
0.3298226164079822
0.3406319290465632
0.3409090909090909
0.3411862527716186
0.3414634146341463
0.34174057649667405
0.34201773835920174
0.3422949002217295
0.34257206208425717
0.3428492239467849
0.3431263858093126
0.34340354767184034
0.343680709534368
0.3439578713968958
0.3442350332594235
0.34451219512195125
0.34478935698447893
0.3450665188470067
0.34534368070953436
0.3456208425720621
0.3458980044345898
0.34617516629711753
0.3464523281596452
0.34672949002217296
0.34700665188470065
0.3472838137472284
0.3475609756097561
0.3478381374722838
0.3481152993348115
0.34839246119733924
0.34866962305986693
0.34894678492239467
0.34922394678492236
0.3495011086474501
0.3497782705099778
0.3500554323725055
0.35116407982261644
0.3514412416851441
0.35171840354767187
0.35199556541019955
0.3522727272727273
0.352549889135255
0.3528270509977827
0.3531042128603104
0.35338137472283815
0.35365853658536583
0.3539356984478936
0.35421286031042126
0.354490022172949
0.3547671840354767
0.35504434589800443
0.3553215077605321
0.35559866962305986
0.35587583148558755
0.3561529933481153
0.356430155210643
0.3567073170731707
0.3569844789356984
0.35726164079822614
0.35753880266075383
0.3578159645232816
0.3580931263858093
0.35837028824833705
0.35864745011086474
0.3589246119733925
0.35920177383592017
0.3594789356984479
0.3597560975609756
0.36003325942350334
0.360310421286031
0.36058758314855877
0.36086474501108645
0.3611419068736142
0.3614190687361419
0.3616962305986696
0.3619733924611973
0.36225055432372505
0.36252771618625274
0.3628048780487805
0.36308203991130816
0.3633592017738359
0.3636363636363636
0.36391352549889133
0.364190687361419
0.36446784922394676
0.36474501108647445
0.36502217294900224
0.36529933481152993
0.3869179600886918
0.3871951219512195
0.3874722838137472
0.38774944567627495
0.38802660753880264
0.3883037694013304
0.38858093126385806
0.3888580931263858
0.3891352549889135
0.38941241685144123
0.3896895787139689
0.38996674057649666
0.39024390243902435
0.39246119733924606
0.39273835920177386
0.39745011086474497
0.3977272727272727
0.3980044345898004
0.39828159645232813
0.3985587583148558
0.39883592017738356
0.39911308203991125
0.399390243902439
0.4049334811529933
0.405210643015521
0.4212860310421286
0.4215631929046563
0.421840354767184
0.42211751662971175
0.2156319290465632
0.2159090909090909
0.21618625277161863
0.21646341463414634
0.21674057649667405
0.2170177383592018
0.2172949002217295
0.21757206208425722
0.22810421286031043
0.22838137472283815
0.22865853658536586
0.22893569844789358
0.2292128603104213
0.229490022172949
0.22976718403547672
0.23004434589800443
0.23032150776053215
0.23059866962305986
0.2308758314855876
0.23226164079822617
0.23253880266075388
0.2328159645232816
0.2330931263858093
0.23364745011086474
0.23558758314855877
0.23586474501108648
0.2361419068736142
0.2364190687361419
0.26995565410199557
0.27300443458980045
0.27328159645232813
0.2735587583148559
0.27383592017738356
0.2741130820399113
0.2827050997782705
0.28991130820399114
0.2901884700665189
0.29046563192904656
0.2907427937915743
0.291019955654102
0.29129711751662973
0.2915742793791574
0.29185144124168516
0.29212860310421285
0.2924057649667406
0.2926829268292683
0.292960088691796
0.2932372505543237
0.29351441241685144
0.29379157427937913
0.2940687361419069
0.29434589800443456
0.2946230598669623
0.29490022172949
0.2951773835920178
0.29545454545454547
0.2957317073170732
0.2960088691796009
0.29628603104212864
0.2965631929046563
0.29684035476718407
0.29711751662971175
0.2973946784922395
0.2976718403547672
0.2979490022172949
0.30099778270509975
0.3040465631929047
0.31762749445676275
0.3179046563192905
0.3181818181818182
0.3184589800443459
0.3187361419068736
0.31901330376940135
0.31929046563192903
0.3195676274944568
0.31984478935698446
0.3201219512195122
0.3203991130820399
0.32067627494456763
0.3209534368070953
0.32123059866962306
0.32150776053215074
0.3217849223946785
0.32206208425720617
0.3223392461197339
0.3226164079822616
0.3228935698447894
0.323170731707317
0.3234478935698448
0.3237250554323725
0.32400221729490025
0.32427937915742794
0.3245565410199557
0.32483370288248337
0.3251108647450111
0.3253880266075388
0.32566518847006654
0.3259423503325942
0.32621951219512196
0.32649667405764965
0.3267738359201774
0.3270509977827051
0.3273281596452328
0.3276053215077605
0.32788248337028825
0.32815964523281593
0.3284368070953437
0.32871396895787136
0.3289911308203991
0.3292682926829268
0.32954545454545453
0.3298226164079822
0.33009977827051
0.3303769401330377
0.33065410199556544
0.3309312638580931
0.33120842572062087
0.34035476718403546
0.3406319290465632
0.3409090909090909
0.3411862527716186
0.3414634146341463
0.34174057649667405
0.34201773835920174
0.3431263858093126
0.34340354767184034
0.343680709534368
0.3439578713968958
0.3442350332594235
0.34451219512195125
0.34478935698447893
0.3450665188470067
0.34534368070953436
0.3456208425720621
0.3458980044345898
0.34617516629711753
0.3464523281596452
0.34672949002217296
0.34700665188470065
0.3472838137472284
0.3478381374722838
0.3481152993348115
0.34839246119733924
0.34866962305986693
0.34894678492239467
0.34922394678492236
0.3495011086474501
0.3497782705099778
0.3500554323725055
0.35088691796008864
0.3514412416851441
0.35171840354767187
0.35199556541019955
0.3522727272727273
0.352549889135255
0.3528270509977827
0.3531042128603104
0.35338137472283815
0.35365853658536583
0.354490022172949
0.3547671840354767
0.35504434589800443
0.3553215077605321
0.35559866962305986
0.35587583148558755
0.3561529933481153
0.356430155210643
0.3567073170731707
0.3569844789356984
0.35726164079822614
0.35753880266075383
0.3578159645232816
0.3580931263858093
0.35837028824833705
0.35864745011086474
0.3589246119733925
0.35920177383592017
0.3594789356984479
0.3597560975609756
0.36003325942350334
0.360310421286031
0.36058758314855877
0.36086474501108645
0.3616962305986696
0.3619733924611973
0.36225055432372505
0.36252771618625274
0.3628048780487805
0.36308203991130816
0.3633592017738359
0.3636363636363636
0.36391352549889133
0.364190687361419
0.36446784922394676
0.36474501108647445
0.36502217294900224
0.36529933481152993
0.38858093126385806
0.3888580931263858
0.3891352549889135
0.38941241685144123
0.3896895787139689
0.38996674057649666
0.39024390243902435
0.3905210643015521
0.3907982261640798
0.3910753880266075
0.3913525498891352
0.39162971175166295
0.39190687361419063
0.3980044345898004
0.39828159645232813
0.3985587583148558
0.39883592017738356
0.39911308203991125
0.399390243902439
0.3996674057649667
0.3999445676274945
0.4029933481152993
0.40327050997782704
0.4035476718403547
0.40382483370288247
0.40410199556541015
0.4043791574279379
0.4046563192904656
0.4049334811529933
0.405210643015521
0.40548780487804875
0.40576496674057644
0.4060421286031042
0.40631929046563187
0.40659645232815966
0.40687361419068735
0.4071507760532151
0.4074279379157428
0.4077050997782705
0.4079822616407982
0.41546563192904656
0.41574279379157425
0.416019955654102
0.4162971175166297
0.41990022172949
0.4201773835920177
0.42045454545454547
0.4207317073170731
0.4210088691796009
0.4212860310421286
0.4215631929046563
0.4276607538802661
0.9451219512195121
0.9453991130820398
0.9456762749445676
0.9459534368070953
0.946230598669623
0.9465077605321507
0.9697893569844789
0.9700665188470067
0.9703436807095344
0.970620842572062
0.9708980044345897
0.9711751662971175
0.9714523281596452
0.9717294900221729
0.9720066518847006
0.9722838137472284
0.9725609756097561
0.9728381374722838
0.06845898004434589
0.06873614190687362
0.06901330376940133
0.09645232815964522
0.09672949002217295
0.09700665188470066
0.09728381374722837
0.09756097560975609
0.0978381374722838
0.09811529933481151
0.09839246119733924
0.09866962305986696
0.10005543237250554
0.15493348115299335
0.15521064301552107
0.15548780487804878
0.1557649667405765
0.1748891352549889
0.1762749445676275
0.1765521064301552
0.17682926829268292
0.17710643015521063
0.17738359201773835
0.17766075388026606
0.17793791574279377
0.1782150776053215
0.1784922394678492
0.17876940133037691
0.17904656319290466
0.17932372505543237
0.17960088691796008
0.1798780487804878
0.1801552106430155
0.18043237250554323
0.18070953436807094
0.18098669623059865
0.18126385809312637
0.18154101995565408
0.1820953436807095
0.18237250554323722
0.18264966740576496
0.18292682926829268
0.1832039911308204
0.1834811529933481
0.19179600886917958
0.192350332594235
0.19512195121951217
0.1953991130820399
0.1956762749445676
0.19595343680709532
0.19623059866962303
0.19650776053215077
0.19678492239467849
0.1970620842572062
0.1973392461197339
0.19761640798226163
0.19789356984478934
0.19817073170731705
0.19844789356984477
0.19872505543237248
0.1990022172949002
0.20121951219512194
0.2062084257206208
0.20648558758314853
0.2075942350332594
0.20787139689578712
0.20814855875831484
0.20842572062084255
0.2095343680709534
0.20981152993348112
0.21008869179600884
0.21036585365853655
0.2106430155210643
0.210920177383592
0.21119733924611972
0.21147450110864743
0.21175166297117515
0.21202882483370286
0.21230598669623058
0.2125831485587583
0.21286031042128603
0.21313747228381374
0.2134146341463415
0.2136917960088692
0.21396895787139691
0.21507760532150777
0.21535476718403548
0.2156319290465632
0.2159090909090909
0.21618625277161863
0.21646341463414634
0.21674057649667405
0.2170177383592018
0.2172949002217295
0.21757206208425722
0.21784922394678494
0.21812638580931265
0.21840354767184036
0.21868070953436808
0.2189578713968958
0.2192350332594235
0.21951219512195122
0.21978935698447893
0.22006651884700665
0.22034368070953436
0.2206208425720621
0.22089800443458982
0.22117516629711753
0.22145232815964525
0.22172949002217296
0.22283813747228381
0.22311529933481153
0.22339246119733924
0.22366962305986696
0.2239467849223947
0.2242239467849224
0.22450110864745013
0.22477827050997784
0.22505543237250555
0.22533259423503327
0.22560975609756098
0.2258869179600887
0.2261640798226164
0.22644124168514412
0.22671840354767184
0.22699556541019955
0.22727272727272727
0.22838137472283815
0.22865853658536586
0.22893569844789358
0.2292128603104213
0.229490022172949
0.22976718403547672
0.23004434589800443
0.23032150776053215
0.23059866962305986
0.2308758314855876
0.23115299334811532
0.23143015521064303
0.23170731707317074
0.23198447893569846
0.23392461197339245
0.23420177383592017
0.2344789356984479
0.23475609756097562
0.23503325942350334
0.23725055432372505
0.24168514412416853
0.24196230598669624
0.24223946784922396
0.24251662971175167
0.24279379157427938
0.2430709534368071
0.2433481152993348
0.24362527716186252
0.24390243902439024
0.24695121951219512
0.24722838137472283
0.24750554323725055
0.24778270509977826
0.24805986696230597
0.24833702882483372
0.24861419068736143
0.24889135254988914
0.24916851441241686
0.24944567627494457
0.24972283813747229
0.25
0.26358093126385806
0.2638580931263858
0.26413525498891355
0.2721729490022173
0.272450110864745
0.2727272727272727
0.27300443458980045
0.27328159645232813
0.2735587583148559
0.27743902439024387
0.27799334811529935
0.27827050997782704
0.2785476718403548
0.27882483370288247
0.2791019955654102
0.2793791574279379
0.27965631929046564
0.2799334811529933
0.28021064301552107
0.28048780487804875
0.2885254988913526
0.2888026607538803
0.289079822616408
0.2893569844789357
0.28963414634146345
0.28991130820399114
0.2901884700665189
0.29046563192904656
0.2907427937915743
0.291019955654102
0.29129711751662973
0.2915742793791574
0.29185144124168516
0.2926829268292683
0.292960088691796
0.2932372505543237
0.2965631929046563
0.2976718403547672
0.3040465631929047
0.30432372505543237
0.3046008869179601
0.3048780487804878
0.30515521064301554
0.31735033259423506
0.31762749445676275
0.3179046563192905
0.3181818181818182
0.3184589800443459
0.3187361419068736
0.31901330376940135
0.31929046563192903
0.3195676274944568
0.31984478935698446
0.3201219512195122
0.3203991130820399
0.32067627494456763
0.3209534368070953
0.32123059866962306
0.32150776053215074
0.3217849223946785
0.32206208425720617
0.3223392461197339
0.3226164079822616
0.3228935698447894
0.323170731707317
0.3234478935698448
0.3237250554323725
0.32400221729490025
0.32427937915742794
0.3245565410199557
0.32483370288248337
0.3251108647450111
0.3253880266075388
0.32566518847006654
0.3259423503325942
0.32621951219512196
0.32649667405764965
0.3267738359201774
0.3270509977827051
0.3273281596452328
0.3276053215077605
0.32788248337028825
0.32815964523281593
0.3284368070953437
0.32871396895787136
0.3289911308203991
0.3292682926829268
0.32954545454545453
0.3298226164079822
0.33009977827051
0.3303769401330377
0.33065410199556544
0.34035476718403546
0.3406319290465632
0.3409090909090909
0.3411862527716186
0.3414634146341463
0.34174057649667405
0.34201773835920174
0.3422949002217295
0.34257206208425717
0.3428492239467849
0.3431263858093126
0.34340354767184034
0.343680709534368
0.3439578713968958
0.3442350332594235
0.34451219512195125
0.34478935698447893
0.3450665188470067
0.34534368070953436
0.3456208425720621
0.3458980044345898
0.34617516629711753
0.3464523281596452
0.34672949002217296
0.34700665188470065
0.3472838137472284
0.3475609756097561
0.3478381374722838
0.3481152993348115
0.34839246119733924
0.34866962305986693
0.34894678492239467
0.34922394678492236
0.3495011086474501
0.3497782705099778
0.3500554323725055
0.3503325942350332
0.350609756097561
0.35088691796008864
0.35116407982261644
0.3514412416851441
0.35171840354767187
0.35199556541019955
0.3522727272727273
0.352549889135255
0.3531042128603104
0.35338137472283815
0.35365853658536583
0.3539356984478936
0.35864745011086474
0.3589246119733925
0.35920177383592017
0.3594789356984479
0.3597560975609756
0.36003325942350334
0.360310421286031
0.36058758314855877
0.36086474501108645
0.3611419068736142
0.3614190687361419
0.3616962305986696
0.3619733924611973
0.36225055432372505
0.36252771618625274
0.3628048780487805
0.36308203991130816
0.3633592017738359
0.3636363636363636
0.36391352549889133
0.3691796008869179
0.36945676274944567
0.36973392461197335
0.3700110864745011
0.38636363636363635
0.3866407982261641
0.3869179600886918
0.3871951219512195
0.3874722838137472
0.3888580931263858
0.3891352549889135
0.38941241685144123
0.3896895787139689
0.38996674057649666
0.39024390243902435
0.39745011086474497
0.3977272727272727
0.3980044345898004
0.39828159645232813
0.3985587583148558
0.39883592017738356
0.39911308203991125
0.399390243902439
0.3996674057649667
0.3999445676274945
0.40022172949002216
0.40105321507760533
0.401330376940133
0.40160753880266076
0.40188470066518844
0.4021618625277162
0.40243902439024387
0.4027161862527716
0.4029933481152993
0.40327050997782704
0.4035476718403547
0.40382483370288247
0.40410199556541015
0.4043791574279379
0.4046563192904656
0.4049334811529933
0.405210643015521
0.40548780487804875
0.40576496674057644
0.9503880266075387
0.9506651884700664
0.9509423503325941
0.951219512195122
0.08675166297117516
0.08702882483370288
0.09229490022172948
0.0925720620842572
0.09284922394678491
0.09312638580931264
0.09340354767184035
0.09368070953436806
0.09395787139689578
0.09423503325942349
0.0945121951219512
0.09478935698447893
0.09506651884700665
0.09534368070953436
0.0961751662971175
0.09645232815964522
0.09672949002217295
0.09700665188470066
0.09728381374722837
0.09756097560975609
0.0978381374722838
0.09811529933481151
0.09839246119733924
0.09977827050997781
0.10005543237250554
0.10227272727272727
0.15659645232815964
0.15687361419068735
0.15715077605321506
0.1613082039911308
0.1615853658536585
0.16186252771618626
0.1682372505543237
0.17766075388026606
0.17793791574279377
0.1782150776053215
0.1784922394678492
0.17876940133037691
0.17904656319290466
0.17932372505543237
0.17960088691796008
0.1798780487804878
0.1801552106430155
0.18043237250554323
0.18070953436807094
0.19124168514412415
0.19983370288248334
0.20205099778270508
0.2075942350332594
0.20787139689578712
0.20814855875831484
0.20842572062084255
0.20870288248337027
0.20898004434589798
0.2092572062084257
0.2095343680709534
0.20981152993348112
0.2134146341463415
0.2136917960088692
0.21396895787139691
0.21424611973392463
0.21452328159645234
0.21480044345898006
0.21507760532150777
0.21535476718403548
0.2156319290465632
0.2159090909090909
0.21618625277161863
0.21646341463414634
0.21674057649667405
0.2170177383592018
0.2172949002217295
0.21757206208425722
0.21784922394678494
0.21812638580931265
0.21840354767184036
0.21868070953436808
0.2189578713968958
0.2192350332594235
0.21951219512195122
0.21978935698447893
0.22006651884700665
0.22034368070953436
0.2206208425720621
0.22089800443458982
0.22117516629711753
0.22145232815964525
0.22172949002217296
0.22200665188470067
0.2222838137472284
0.2225609756097561
0.22283813747228381
0.22311529933481153
0.22339246119733924
0.22366962305986696
0.2239467849223947
0.2242239467849224
0.22450110864745013
0.22477827050997784
0.22505543237250555
0.22533259423503327
0.22560975609756098
0.2258869179600887
0.2261640798226164
0.22644124168514412
0.22671840354767184
0.22699556541019955
0.22810421286031043
0.2292128603104213
0.229490022172949
0.22976718403547672
0.23004434589800443
0.23170731707317074
0.23198447893569846
0.23226164079822617
0.23253880266075388
0.2328159645232816
0.2330931263858093
0.23337028824833703
0.23364745011086474
0.23392461197339245
0.23420177383592017
0.2344789356984479
0.23475609756097562
0.23503325942350334
0.23531042128603105
0.23558758314855877
0.24168514412416853
0.24196230598669624
0.24223946784922396
0.24417960088691795
0.24445676274944567
0.24473392461197338
0.24501108647450112
0.24528824833702884
0.24556541019955655
0.24584257206208426
0.24611973392461198
0.2463968957871397
0.2466740576496674
0.24695121951219512
0.25055432372505543
0.2513858093126386
0.27466740576496673
0.2749445676274945
0.27522172949002216
0.2754988913525499
0.2757760532150776
0.27605321507760533
0.2777161862527716
0.27799334811529935
0.27827050997782704
0.2785476718403548
0.27882483370288247
0.28713968957871394
0.2874168514412417
0.28769401330376937
0.28797117516629717
0.2882483370288248
0.2885254988913526
0.2888026607538803
0.289079822616408
0.2893569844789357
0.28963414634146345
0.28991130820399114
0.2901884700665189
0.2979490022172949
0.2982261640798226
0.29850332594235035
0.3201219512195122
0.3203991130820399
0.32067627494456763
0.3209534368070953
0.32123059866962306
0.32150776053215074
0.3217849223946785
0.32206208425720617
0.3223392461197339
0.3226164079822616
0.3228935698447894
0.323170731707317
0.3234478935698448
0.3237250554323725
0.32400221729490025
0.32427937915742794
0.3245565410199557
0.32483370288248337
0.3251108647450111
0.3253880266075388
0.32566518847006654
0.3259423503325942
0.32621951219512196
0.32649667405764965
0.36003325942350334
0.360310421286031
0.36058758314855877
0.36086474501108645
0.3611419068736142
0.3614190687361419
0.3616962305986696
0.3619733924611973
0.36225055432372505
0.36252771618625274
0.3628048780487805
0.36308203991130816
0.3633592017738359
0.3636363636363636
0.36391352549889133
0.364190687361419
0.36446784922394676
0.039634146341463415
0.03991130820399113
0.04185144124168514
0.08619733924611973
0.08647450110864745
0.08675166297117516
0.08702882483370288
0.08730598669623059
0.0875831485587583
0.08786031042128603
0.08813747228381374
0.08841463414634146
0.08869179600886917
0.08896895787139689
0.0892461197339246
0.08952328159645233
0.08980044345898004
0.0909090909090909
0.09118625277161861
0.09146341463414634
0.09229490022172948
0.0925720620842572
0.09312638580931264
0.09340354767184035
0.09368070953436806
0.09645232815964522
0.09672949002217295
0.09700665188470066
0.12028824833702882
0.12056541019955654
0.12084257206208426
0.12111973392461198
0.12139689578713969
0.1646341463414634
0.20288248337028822
0.20426829268292682
0.20454545454545453
0.20482261640798224
0.20509977827050996
0.20537694013303767
0.20565410199556539
0.2059312638580931
0.2062084257206208
0.2192350332594235
0.21951219512195122
0.21978935698447893
0.22006651884700665
0.22034368070953436
0.2206208425720621
0.22089800443458982
0.22117516629711753
0.22145232815964525
0.22172949002217296
0.22200665188470067
0.2222838137472284
0.2225609756097561
0.22283813747228381
0.22311529933481153
0.22339246119733924
0.22366962305986696
0.2239467849223947
0.2242239467849224
0.22450110864745013
0.22477827050997784
0.22505543237250555
0.22533259423503327
0.22560975609756098
0.22782705099778272
0.23558758314855877
0.23586474501108648
0.2361419068736142
0.2364190687361419
0.23669623059866962
0.23697339246119734
0.2430709534368071
0.2433481152993348
0.24362527716186252
0.24390243902439024
0.24417960088691795
0.24445676274944567
0.24473392461197338
0.24501108647450112
0.24528824833702884
0.24556541019955655
0.24584257206208426
0.24611973392461198
0.2741130820399113
0.274390243902439
0.27466740576496673
0.27522172949002216
0.2754988913525499
0.2757760532150776
0.276330376940133
0.27660753880266076
0.27743902439024387
0.28353658536585363
0.2838137472283814
0.2840909090909091
0.30072062084257206
0.3203991130820399
0.32067627494456763
0.3209534368070953
0.32123059866962306
0.3217849223946785
0.03187361419068736
0.08176274944567627
0.08203991130820398
0.0823170731707317
0.08259423503325942
0.08287139689578714
0.08314855875831485
0.08342572062084257
0.08370288248337028
0.08564301552106429
0.085920177383592
0.08619733924611973
0.08647450110864745
0.08675166297117516
0.08702882483370288
0.08730598669623059
0.0875831485587583
0.08786031042128603
0.08813747228381374
0.09174057649667405
0.09201773835920177
0.0925720620842572
0.09284922394678491
0.09368070953436806
0.09395787139689578
0.09506651884700665
0.09534368070953436
0.09562084257206208
0.09589800443458979
0.0961751662971175
0.09645232815964522
0.09672949002217295
0.09700665188470066
0.09728381374722837
0.09756097560975609
0.0978381374722838
0.09811529933481151
0.09839246119733924
0.09866962305986696
0.09894678492239467
0.09922394678492238
0.0995011086474501
0.09977827050997781
0.10005543237250554
0.10033259423503325
0.10060975609756097
0.10532150776053215
0.10559866962305986
0.10587583148558757
0.10615299334811529
0.10643015521064302
0.10670731707317074
0.10698447893569846
0.11169623059866962
0.11197339246119735
0.11225055432372506
0.11252771618625278
0.11280487804878049
0.1130820399113082
0.11419068736141907
0.11446784922394679
0.1147450110864745
0.11502217294900222
0.11529933481152993
0.11557649667405766
0.11696230598669623
0.11723946784922396
0.11751662971175167
0.11779379157427938
0.1180709534368071
0.11834811529933481
0.11862527716186252
0.11890243902439025
0.11917960088691797
0.11945676274944568
0.1197339246119734
0.12001108647450111
0.12028824833702882
0.1216740576496674
0.12195121951219512
0.12222838137472283
0.12250554323725056
0.12278270509977827
0.12305986696230599
0.1233370288248337
0.12361419068736142
0.12389135254988913
0.12416851441241686
0.12444567627494457
0.12472283813747229
0.125
0.12527716186252771
0.12555432372505543
0.14107538802660755
0.14135254988913526
0.14162971175166297
0.1419068736141907
0.1421840354767184
0.14246119733924612
0.14273835920177383
0.1507760532150776
0.1510532150776053
0.15133037694013304
0.15160753880266076
0.15188470066518847
0.15216186252771619
0.1524390243902439
0.1527161862527716
0.15299334811529933
0.15327050997782704
0.15354767184035475
0.15382483370288247
0.15410199556541018
0.15742793791574278
0.1577050997782705
0.1579822616407982
0.15825942350332595
0.15853658536585366
0.15881374722838137
0.1590909090909091
0.1593680709534368
0.15964523281596452
0.15992239467849223
0.16019955654101994
0.16047671840354766
0.16075388026607537
0.1732261640798226
0.2156319290465632
0.2159090909090909
0.22172949002217296
0.22339246119733924
0.22366962305986696
0.27660753880266076
0.09395787139689578
0.09423503325942349
0.09534368070953436
0.09562084257206208
0.09589800443458979
0.0961751662971175
0.09645232815964522
0.09672949002217295
0.09700665188470066
0.09728381374722837
0.09756097560975609
0.0978381374722838
0.09811529933481151
0.09839246119733924
0.09866962305986696
0.09894678492239467
0.09922394678492238
0.0995011086474501
0.09977827050997781
0.10005543237250554
0.10033259423503325
0.10060975609756097
0.10088691796008868
0.1011640798226164
0.10144124168514411
0.10171840354767184
0.10199556541019955
0.10421286031042128
0.10449002217294899
0.1047671840354767
0.10504434589800442
0.11557649667405766
0.11585365853658537
0.11613082039911309
0.1164079822616408
0.11668514412416851
0.11696230598669623
0.11723946784922396
0.11751662971175167
0.11779379157427938
0.1180709534368071
0.11834811529933481
0.11862527716186252
0.11890243902439025
0.11917960088691797
0.11945676274944568
0.1197339246119734
0.12001108647450111
0.12028824833702882
0.12056541019955654
0.1216740576496674
0.12195121951219512
0.12222838137472283
0.12250554323725056
0.12278270509977827
0.12305986696230599
0.1233370288248337
0.12361419068736142
0.12389135254988913
0.12416851441241686
0.12444567627494457
0.12472283813747229
0.125
0.12527716186252771
0.12555432372505543
0.12583148558758314
0.12610864745011086
0.12638580931263857
0.12694013303769403
0.12721729490022174
0.12749445676274945
0.12915742793791574
0.12943458980044345
0.12971175166297116
0.12998891352549888
0.13026607538802662
0.13054323725055433
0.13082039911308205
0.13109756097560976
0.13137472283813748
0.14273835920177383
0.14440133037694014
0.15049889135254987
0.1507760532150776
0.1510532150776053
0.15133037694013304
0.16380266075388025
0.16407982261640797
0.16435698447893568
0.1646341463414634
0.1649113082039911
0.16518847006651885
0.19983370288248334
0.2225609756097561
0.22283813747228381
0.22311529933481153
0.22339246119733924
0.03464523281596452
0.0961751662971175
0.09645232815964522
0.09672949002217295
0.09700665188470066
0.09728381374722837
0.09756097560975609
0.0978381374722838
0.09811529933481151
0.09839246119733924
0.09866962305986696
0.0995011086474501
0.10005543237250554
0.1164079822616408
0.11668514412416851
0.11696230598669623
0.11723946784922396
0.11751662971175167
0.11779379157427938
0.1180709534368071
0.11834811529933481
0.11862527716186252
0.12139689578713969
0.1216740576496674
0.12195121951219512
0.12222838137472283
0.12250554323725056
0.12278270509977827
0.12943458980044345
0.12971175166297116
0.13580931263858093
0.13608647450110864
0.13636363636363635
0.13664079822616407
0.13691796008869178
0.1421840354767184
0.14301552106430154
0.14329268292682926
0.14356984478935697
0.14384700665188468
0.1441241685144124
0.14440133037694014
0.14467849223946785
0.14495565410199557
0.14523281596452328
0.145509977827051
0.1457871396895787
0.14606430155210642
0.14634146341463414
0.14661862527716185
0.14689578713968957
0.1629711751662971
0.16324833702882482
0.16352549889135254
0.16380266075388025
0.16407982261640797
0.16435698447893568
-0.009146341463414634
-0.00942350332594235
-0.009700665188470067
-0.0024944567627494456
-0.0027716186252771616
-0.0030487804878048777
-0.0033259423503325942
-0.0036031042128603103
-0.003880266075388027
-0.0041574279379157425
-0.004434589800443459
-0.004711751662971175
-0.012472283813747227
-0.012749445676274944
-0.01302660753880266
-0.013580931263858094
-0.01385809312638581
-0.014135254988913526
-0.014412416851441241
-0.014689578713968959
-0.014966740576496674
-0.01524390243902439
-0.015521064301552107
-0.01579822616407982
-0.01607538802660754
-0.016352549889135256
-0.01662971175166297
-0.016906873614190687
-0.017184035476718405
-0.01746119733924612
-0.017738359201773836
-0.01801552106430155
-0.018292682926829267
-0.02771618625277162
-0.0291019955654102
-0.029379157427937917
-0.02965631929046563
-0.02993348115299335
-0.030210643015521066
-0.03048780487804878
-0.030764966740576497
-0.031042128603104215
-0.03713968957871397
-0.03741685144124168
-0.0376940133037694
-0.03797117516629712
-0.03824833702882483
-0.038525498891352546
-0.038802660753880266
-0.03907982261640798
-0.039356984478935694
-0.039634146341463415
-0.03991130820399113
-0.04018847006651884
-0.040465631929046564
-0.04074279379157428
-0.04101995565410199
-0.04129711751662971
-0.041574279379157426
-0.04185144124168514
-0.042128603104212854
-0.042405764966740575
-0.04268292682926829
-0.042960088691796
-0.09506651884700665
-0.09534368070953436
-0.09562084257206208
-0.09589800443458979
-0.0961751662971175
-0.09645232815964522
-0.10753880266075388
-0.1078159645232816
-0.10809312638580931
-0.10837028824833703
-0.2170177383592018
-0.2172949002217295
-0.2821507760532151
-0.2824279379157428
-0.2827050997782705
-0.2829822616407982
-0.28325942350332595
-0.28353658536585363
-0.2838137472283814
-0.2840909090909091
-0.2843680709534368
-0.28464523281596454
-0.28492239467849223
-0.28519955654101997
-0.28547671840354766
-0.2857538802660754
-0.2860310421286031
-0.2863082039911308
-0.2865853658536585
-0.28686252771618626
-0.28713968957871394
-0.2874168514412417
-0.28769401330376937
-0.28797117516629717
-0.10920177383592018
-0.1094789356984479
-0.10975609756097561
-0.11003325942350332
-0.11031042128603105
-0.11058758314855877
-0.1111419068736142
-0.11141906873614191
-0.17128603104212858
-0.1715631929046563
-0.171840354767184
-0.17211751662971175
-0.17239467849223947
-0.17267184035476718
-0.1729490022172949
-0.1732261640798226
-0.17350332594235032
-0.17378048780487804
-0.17405764966740575
-0.17433481152993346
-0.17461197339246118
-0.1748891352549889
-0.1751662971175166
-0.17544345898004432
-0.17572062084257206
-0.17599778270509978
-0.1762749445676275
-0.1765521064301552
-0.17682926829268292
-0.17710643015521063
-0.17738359201773835
-0.17766075388026606
-0.17793791574279377
-0.1782150776053215
-0.1784922394678492
-0.17876940133037691
-0.17904656319290466
-0.17932372505543237
-0.17960088691796008
-0.1798780487804878
-0.1801552106430155
-0.18043237250554323
-0.18070953436807094
-0.18098669623059865
-0.18126385809312637
-0.18154101995565408
-0.1818181818181818
-0.1820953436807095
-0.18237250554323722
-0.22976718403547672
-0.23004434589800443
-0.23032150776053215
-0.23059866962305986
-0.2308758314855876
-0.23115299334811532
-0.24057649667405764
-0.24085365853658536
-0.24113082039911307
-0.2414079822616408
-0.24168514412416853
-0.24196230598669624
-0.24223946784922396
-0.24251662971175167
-0.24279379157427938
-0.24362527716186252
-0.24390243902439024
-0.25914634146341464
-0.25942350332594233
-0.25970066518847007
-0.25997782705099776
-0.2602549889135255
-0.26053215077605324
-0.2608093126385809
-0.2633037694013304
-0.26358093126385806
-0.2638580931263858
-0.26413525498891355
-0.26441241685144123
-0.264689578713969
-0.26496674057649666
-0.2652439024390244
