0.008124166363526131
0.010913059294288834
0.011034315508669821
0.011155571723050808
0.011276827937431793
0.011398084151812782
0.01151934036619377
0.011640596580574755
0.011761852794955742
0.01188310900933673
0.012004365223717717
0.012125621438098703
0.01224687765247969
0.012368133866860679
0.012489390081241666
0.012610646295622651
0.012731902510003638
0.012853158724384627
0.012974414938765614
0.0130956711531466
0.013216927367527586
0.013338183581908575
0.013459439796289562
0.013580696010670548
0.013701952225051535
0.013823208439432523
0.013944464653813509
0.014065720868194496
0.014186977082575483
0.014308233296956472
0.014429489511337457
0.014550745725718444
0.014672001940099431
0.01479325815448042
0.014914514368861405
0.015035770583242392
0.017703407299624108
0.017824663514005093
0.017945919728386082
0.018067175942767067
0.018188432157148056
0.01830968837152904
0.01843094458591003
0.01855220080029102
0.018673457014672004
0.01879471322905299
0.018915969443433978
0.019037225657814964
0.019158481872195952
0.019279738086576938
0.019400994300957927
0.019522250515338915
0.019643506729719897
0.019764762944100886
0.019886019158481875
0.02000727537286286
0.020249787801624834
0.020371044016005823
0.020492300230386812
0.020613556444767794
0.020734812659148782
0.02085606887352977
0.020977325087910757
0.021098581302291745
0.02121983751667273
0.02134109373105372
0.021462349945434705
0.02158360615981569
0.02170486237419668
0.021826118588577668
0.021947374802958653
0.022068631017339642
0.022189887231720627
0.022311143446101616
0.0224323996604826
0.022553655874863587
0.022674912089244575
0.022796168303625564
0.02376621801867346
0.023887474233054446
0.024008730447435435
0.02412998666181642
0.024251242876197406
0.024372499090578394
0.02449375530495938
0.02461501151934037
0.024736267733721357
0.024857523948102343
0.02497878016248333
0.025100036376864317
0.025221292591245302
0.02534254880562629
0.025463805020007276
0.025585061234388265
0.025706317448769254
0.02582757366315024
0.025948829877531228
0.02607008609191221
0.0261913423062932
0.026312598520674187
0.026433854735055173
0.02655511094943616
0.02667636716381715
0.026797623378198136
0.026918879592579124
0.02740390445010307
0.027525160664484058
0.027646416878865047
0.027767673093246032
0.027888929307627017
0.028010185522008006
0.02958651630896084
0.02970777252334182
0.02982902873772281
0.03104159088153268
0.031162847095913666
0.03128410331029466
0.031405359524675644
0.036498120528677104
0.03661937674305808
0.03674063295743907
0.03686188917182006
0.036983145386201045
0.03710440160058204
0.03722565781496302
0.03734691402934401
0.037468170243724994
0.03758942645810598
0.03771068267248697
0.037831938886867957
0.03795319510124894
0.03819570753001092
0.038316963744391905
0.03843821995877289
0.038559476173153875
0.03868073238753486
0.03880198860191585
0.03892324481629684
0.03904450103067783
0.039165757245058816
0.039287013459439794
0.03940826967382079
0.039893294531344735
0.04001455074572572
0.04013580696010671
0.0402570631744877
0.04037831938886868
0.04049957560324967
0.040620831817630654
0.040742088032011646
0.04425851824906027
0.044379774463441254
0.04450103067782224
0.04462228689220323
0.04474354310658422
0.04510731174972717
0.045228567964108166
0.04534982417848915
0.04547108039287014
0.04559233660725113
0.04571359282163211
0.0458348490360131
0.04789620468048988
0.04801746089487087
0.048138717109251855
0.05141263489753851
0.051533891111919486
0.05165514732630048
0.051776403540681463
0.051897659755062456
0.05201891596944344
0.05214017218382442
0.05226142839820541
0.0523826846125864
0.05699042075906391
0.05929428883230266
0.05941554504668364
0.059536801261064635
0.05965805747544562
0.05977931368982661
0.0599005699042076
0.271250151570268
0.2756153752879835
0.27573663150236455
0.27998059900569905
0.2801018552200801
0.28022311143446105
0.280344367648842
0.2831332605796047
0.018673457014672004
0.01879471322905299
0.018915969443433978
0.019037225657814964
0.020371044016005823
0.020492300230386812
0.020613556444767794
0.020734812659148782
0.02085606887352977
0.020977325087910757
0.021098581302291745
0.02121983751667273
0.02134109373105372
0.021462349945434705
0.02158360615981569
0.02170486237419668
0.021826118588577668
0.021947374802958653
0.022068631017339642
0.022189887231720627
0.022311143446101616
0.0224323996604826
0.022553655874863587
0.022674912089244575
0.022796168303625564
0.02291742451800655
0.02303868073238754
0.023159936946768524
0.023523705589911483
0.023644961804292472
0.02376621801867346
0.023887474233054446
0.025221292591245302
0.02582757366315024
0.025948829877531228
0.02607008609191221
0.0261913423062932
0.026312598520674187
0.026433854735055173
0.03104159088153268
0.04037831938886868
0.04049957560324967
0.040620831817630654
0.040742088032011646
0.04086334424639263
0.05565660240087305
0.06014308233296957
0.06111313204801747
0.06123438826239845
0.061355644476779436
0.06147690069116043
0.061598156905541414
0.061719413119922406
0.06184066933430339
0.06196192554868438
0.06208318176306536
0.271128895355887
0.29295501394446466
0.29307627015884563
0.29319752637322666
0.29331878258760763
0.2934400388019886
0.29356129501636957
0.2936825512307506
0.29380380744513157
0.29392506365951254
0.29404631987389357
0.29416757608827454
0.2942888323026555
0.29441008851703654
0.2945313447314175
0.2946526009457985
0.2947738571601795
0.2948951133745605
0.29501636958894145
0.2951376258033224
0.29525888201770345
0.2953801382320844
0.2955013944464654
0.2956226506608464
0.2957439068752274
0.29586516308960836
0.2959864193039894
0.29610767551837036
0.2981690311628471
0.29829028737722807
0.2984115435916091
0.29853279980599007
0.29865405602037104
0.29877531223475207
0.29889656844913304
0.299017824663514
0.299139080877895
0.299260337092276
0.299381593306657
0.29950284952103795
0.299624105735419
0.29974536194979995
0.2998666181641809
0.29998787437856195
0.30144294895113377
0.3015642051655148
0.30168546137989577
0.30180671759427674
0.3019279738086577
0.30204923002303874
0.3021704862374197
0.30265551109494365
0.3027767673093247
0.30289802352370565
0.3030192797380866
0.30314053595246754
0.30326179216684856
0.30338304838122954
0.3035043045956105
0.30362556080999153
0.3037468170243725
0.3038680732387535
0.3039893294531345
0.3041105856675155
0.30423184188189645
0.3043530980962775
0.30447435431065845
0.3045956105250394
0.3047168667394204
0.3048381229538014
0.3049593791681824
0.30508063538256336
0.3052018915969444
0.30532314781132536
0.30544440402570633
0.30556566024008736
0.3056869164544683
0.3058081726688493
0.30592942888323027
0.3060506850976113
0.31126470231599374
0.3113859585303747
0.3115072147447557
0.3116284709591367
0.3117497271735177
0.31187098338789865
0.3119922396022797
0.31211349581666065
0.3122347520310416
0.31235600824542264
0.31817630653571
0.318297562750091
0.318418818964472
0.31854007517885297
0.3186613313932339
0.3187825876076149
0.3189038438219959
0.31902510003637685
0.3191463562507579
0.31926761246513885
0.3193888686795198
0.31951012489390085
0.3196313811082818
0.3197526373226628
0.31987389353704376
0.3199951497514248
0.32011640596580576
0.32023766218018673
0.32035891839456776
0.32048017460894873
0.3206014308233297
0.32072268703771073
0.327391778828665
0.327513035043046
0.327634291257427
0.32775554747180796
0.33284830847580943
0.34060870619619255
0.3407299624105736
0.34085121862495454
0.3409724748393355
0.34958166606038565
0.3497029222747666
0.3498241784891476
0.34994543470352857
0.35006669091790954
0.35018794713229057
0.35030920334667154
0.3504304595610525
0.3505517157754335
0.3506729719898145
0.3507942282041955
0.35091548441857645
0.3510367406329575
0.35115799684733845
0.3512792530617194
0.35140050927610045
0.3515217654904814
0.3516430217048624
0.35176427791924336
0.3518855341336244
0.35200679034800536
0.35212804656238633
0.35224930277676736
0.35237055899114833
0.42864071783678914
0.42876197405117017
0.42888323026555114
0.4290044864799321
0.42912574269431314
0.4292469989086941
0.4293682551230751
0.01830968837152904
0.01843094458591003
0.01855220080029102
0.018673457014672004
0.01879471322905299
0.018915969443433978
0.019037225657814964
0.020371044016005823
0.020492300230386812
0.020613556444767794
0.020734812659148782
0.020977325087910757
0.021098581302291745
0.02121983751667273
0.02134109373105372
0.021462349945434705
0.02158360615981569
0.02170486237419668
0.021826118588577668
0.022189887231720627
0.022311143446101616
0.0224323996604826
0.022553655874863587
0.022674912089244575
0.022796168303625564
0.02291742451800655
0.02303868073238754
0.023159936946768524
0.02328119316114951
0.023402449375530498
0.023523705589911483
0.023644961804292472
0.02376621801867346
0.023887474233054446
0.024008730447435435
0.02412998666181642
0.024251242876197406
0.024372499090578394
0.02449375530495938
0.025221292591245302
0.02534254880562629
0.025463805020007276
0.025706317448769254
0.02582757366315024
0.025948829877531228
0.02607008609191221
0.0261913423062932
0.026312598520674187
0.02655511094943616
0.02667636716381715
0.026797623378198136
0.031162847095913666
0.03128410331029466
0.031405359524675644
0.035406814599248215
0.040620831817630654
0.040742088032011646
0.04086334424639263
0.040984600460773624
0.04110585667515461
0.04122711288953559
0.04923002303868074
0.055535346186492064
0.05565660240087305
0.05626288347277798
0.05771795804534983
0.05783921425973082
0.057960470474111805
0.11689099066327151
0.12040742088032012
0.12052867709470111
0.12064993330908211
0.1207711895234631
0.12113495816660605
0.1393233903237541
0.1394446465381351
0.14259730811204074
0.14271856432642174
0.14283982054080274
0.1429610767551837
0.1430823329695647
0.252697950769977
0.25281920698435795
0.252940463198739
0.29295501394446466
0.29307627015884563
0.29319752637322666
0.29331878258760763
0.2934400388019886
0.29356129501636957
0.2936825512307506
0.29380380744513157
0.29392506365951254
0.29404631987389357
0.29416757608827454
0.2942888323026555
0.2945313447314175
0.2946526009457985
0.2947738571601795
0.2948951133745605
0.29501636958894145
0.2951376258033224
0.29525888201770345
0.2953801382320844
0.2955013944464654
0.2956226506608464
0.2957439068752274
0.29586516308960836
0.2959864193039894
0.29610767551837036
0.29622893173275133
0.2963501879471323
0.29647144416151333
0.2965927003758943
0.2967139565902753
0.29865405602037104
0.29877531223475207
0.29889656844913304
0.299017824663514
0.299139080877895
0.299260337092276
0.299381593306657
0.29950284952103795
0.299624105735419
0.29974536194979995
0.2998666181641809
0.29998787437856195
0.3001091305929429
0.3002303868073239
0.3003516430217049
0.3004728992360859
0.30059415545046686
0.30071541166484783
0.30083666787922886
0.30095792409360983
0.3010791803079908
0.30120043652237183
0.3013216927367528
0.30144294895113377
0.3015642051655148
0.30168546137989577
0.30180671759427674
0.3019279738086577
0.30204923002303874
0.3021704862374197
0.3022917424518007
0.3024129986661817
0.3025342548805627
0.30265551109494365
0.3027767673093247
0.30289802352370565
0.3030192797380866
0.30314053595246754
0.30326179216684856
0.30338304838122954
0.3035043045956105
0.30362556080999153
0.3037468170243725
0.3038680732387535
0.3039893294531345
0.3041105856675155
0.30423184188189645
0.3043530980962775
0.30447435431065845
0.3049593791681824
0.30508063538256336
0.3052018915969444
0.30532314781132536
0.30544440402570633
0.30556566024008736
0.3056869164544683
0.3058081726688493
0.30592942888323027
0.3060506850976113
0.30617194131199227
0.30629319752637324
0.30641445374075427
0.30653570995513524
0.3066569661695162
0.30677822238389724
0.3068994785982782
0.3070207348126592
0.3071419910270402
0.3072632472414212
0.30738450345580215
0.3075057596701831
0.30762701588456415
0.3077482720989451
0.3078695283133261
0.3079907845277071
0.3081120407420881
0.30823329695646906
0.30835455317085003
0.308475809385231
0.3186613313932339
0.3187825876076149
0.3189038438219959
0.31902510003637685
0.3191463562507579
0.31926761246513885
0.3193888686795198
0.31951012489390085
0.3196313811082818
0.3197526373226628
0.31987389353704376
0.3199951497514248
0.32011640596580576
0.32023766218018673
0.32035891839456776
0.32048017460894873
0.3206014308233297
0.32072268703771073
0.3208439432520917
0.3209651994664727
0.3210864556808537
0.32120771189523467
0.32132896810961564
0.3214502243239966
0.32520916696980723
0.3253304231841882
0.32545167939856917
0.3255729356129502
0.32569419182733117
0.32581544804171214
0.32593670425609317
0.32605796047047414
0.3261792166848551
0.32630047289923614
0.3264217291136171
0.3265429853279981
0.3266642415423791
0.3267854977567601
0.32690675397114105
0.327028010185522
0.32714926639990305
0.327270522614284
0.327391778828665
0.3286043409724749
0.3287255971868559
0.32884685340123687
0.32896810961561784
0.3290893658299988
0.3292106220443798
0.32933187825876076
0.3294531344731418
0.32957439068752276
0.3296956469019037
0.3298169031162847
0.3299381593306657
0.3300594155450467
0.33018067175942767
0.3303019279738087
0.33042318418818967
0.33054444040257064
0.3323632836182855
0.33248453983266646
0.33260579604704743
0.33818358190857284
0.33830483812295387
0.33842609433733484
0.3385473505517158
0.3505517157754335
0.3506729719898145
0.3507942282041955
0.35091548441857645
0.3510367406329575
0.35115799684733845
0.3512792530617194
0.35140050927610045
0.3515217654904814
0.3516430217048624
0.35176427791924336
0.3518855341336244
0.35200679034800536
0.35212804656238633
0.35224930277676736
0.35237055899114833
0.3524918152055293
0.35758457620953077
0.35770583242391174
0.3630411058566752
0.3631623620710562
0.36328361828543715
0.3634048744998182
0.36352613071419915
0.3636473869285801
0.36376864314296115
0.3638898993573421
0.3640111555717231
0.3658299987874379
0.36595125500181885
0.3660725112161998
0.36619376743058085
0.3663150236449618
0.3664362798593428
0.3665575360737238
0.3666787922881048
0.36680004850248576
0.3669213047168668
0.36704256093124776
0.36716381714562873
0.3672850733600097
0.36740632957439073
0.3675275857887717
0.3676488420031527
0.3677700982175337
0.3678913544319147
0.36801261064629565
0.3681338668606767
0.36825512307505764
0.3683763792894386
0.3684976355038196
0.3686188917182006
0.3687401479325816
0.36886140414696256
0.3689826603613436
0.36910391657572456
0.3695889414332485
0.3697101976476295
0.3698314538620105
0.36995271007639147
0.37007396629077244
0.37019522250515347
0.37031647871953444
0.3704377349339154
0.3705589911482964
0.37068024736267735
0.3708015035770583
0.37092275979143935
0.3710440160058203
0.3711652722202013
0.37128652843458226
0.3714077846489633
0.37152904086334426
0.37165029707772523
0.37177155329210626
0.37189280950648723
0.3720140657208682
0.37213532193524923
0.3722565781496302
0.3723778343640112
0.37249909057839214
0.37262034679277317
0.37274160300715414
0.37747059536801264
0.3775918515823936
0.37771310779677464
0.3778343640111556
0.3779556202255366
0.37807687643991755
0.3781981326542986
0.37831938886867955
0.3784406450830605
0.37856190129744155
0.3786831575118225
0.3788044137262035
0.3789256699405845
0.3790469261549655
0.37916818236934646
0.3792894385837275
0.37941069479810846
0.383412149872681
0.383533406087062
0.38365466230144296
0.383775918515824
0.38389717473020496
0.38401843094458593
0.38413968715896696
0.38426094337334793
0.3843821995877289
0.38450345580210993
0.3846247120164909
0.38474596823087187
0.3848672244452529
0.38498848065963387
0.38510973687401484
0.3852309930883958
0.38535224930277684
0.3854735055171578
0.3855947617315388
0.3857160179459198
0.3858372741603008
0.38595853037468175
0.3860797865890627
0.3862010428034437
0.38632229901782467
0.38644355523220564
0.38656481144658666
0.38668606766096764
0.3868073238753486
0.38692858008972963
0.3870498363041106
0.3871710925184916
0.3872923487328726
0.3874136049472536
0.38753486116163455
0.3876561173760156
0.38777737359039655
0.3878986298047775
0.38886867951982546
0.3889899357342064
0.3891111919485874
0.38923244816296837
0.3946889778101128
0.3948102340244938
0.3949314902388748
0.3950527464532558
0.39517400266763675
0.3952952588820178
0.39541651509639875
0.3955377713107797
0.39565902752516074
0.3957802837395417
0.3959015399539227
0.3960227961683037
0.3961440523826847
0.39626530859706566
0.3963865648114466
0.3965078210258276
0.39662907724020857
0.39675033345458954
0.39687158966897057
0.39699284588335154
0.3971141020977325
0.39723535831211354
0.3973566145264945
0.3974778707408755
0.39759912695525645
0.3977203831696375
0.39784163938401845
0.40451073117497277
0.40923972353583127
0.40936097975021224
0.41130107918030806
0.41142233539468903
0.41154359160907
0.41166484782345103
0.411786104037832
0.4119073602522129
0.41202861646659394
0.4177276585425003
0.4178489147568813
0.4179701709712623
0.4180914271856433
0.41821268340002427
0.41833393961440524
0.41845519582878626
0.41857645204316724
0.4186977082575482
0.41881896447192923
0.4189402206863102
0.4190614769006912
0.4191827331150722
0.4193039893294532
0.41942524554383415
0.4195465017582152
0.41966775797259614
0.4197890141869771
0.4199102704013581
0.4200315266157391
0.4201527828301201
0.42027403904450106
0.4203952952588821
0.42051655147326306
0.420637807687644
0.42075906390202505
0.420880320116406
0.421001576330787
0.42112283254516797
0.421244088759549
0.42136534497392997
0.42148660118831094
0.42160785740269197
0.42172911361707294
0.4218503698314539
0.6161028252697951
0.6162240814841762
0.6163453376985571
0.6164665939129381
0.6165878501273191
0.6167091063417001
0.616830362556081
0.616951618770462
0.6170728749848431
0.617194131199224
0.617315387413605
0.6174366436279859
0.617557899842367
0.617679156056748
0.6178004122711289
0.6179216684855099
0.9025100036376865
0.9026312598520675
0.9027525160664485
0.9028737722808295
0.9029950284952104
0.9031162847095915
0.9032375409239723
0.017460894870862134
0.017582151085243122
0.017703407299624108
0.019886019158481875
0.02000727537286286
0.02012853158724385
0.020249787801624834
0.020371044016005823
0.020492300230386812
0.020613556444767794
0.020734812659148782
0.021462349945434705
0.02158360615981569
0.02170486237419668
0.021826118588577668
0.022068631017339642
0.022189887231720627
0.022311143446101616
0.0224323996604826
0.022553655874863587
0.022674912089244575
0.02291742451800655
0.02303868073238754
0.023159936946768524
0.02328119316114951
0.023402449375530498
0.023523705589911483
0.023644961804292472
0.02376621801867346
0.023887474233054446
0.024008730447435435
0.02412998666181642
0.024372499090578394
0.02449375530495938
0.02461501151934037
0.024736267733721357
0.024857523948102343
0.02534254880562629
0.025463805020007276
0.025585061234388265
0.025706317448769254
0.02582757366315024
0.025948829877531228
0.02607008609191221
0.0261913423062932
0.026312598520674187
0.02667636716381715
0.026797623378198136
0.040742088032011646
0.04086334424639263
0.040984600460773624
0.04110585667515461
0.04122711288953559
0.04134836910391658
0.041469625318297565
0.1393233903237541
0.1394446465381351
0.13956590275251607
0.13968715896689707
0.13980841518127804
0.13992967139565904
0.14005092761004004
0.140172183824421
0.252697950769977
0.25281920698435795
0.29295501394446466
0.29307627015884563
0.29319752637322666
0.2953801382320844
0.2955013944464654
0.2956226506608464
0.2957439068752274
0.29586516308960836
0.2959864193039894
0.29610767551837036
0.3170850006062811
0.3172062568206621
0.3173275130350431
0.31744876924942406
0.3175700254638051
0.31769128167818605
0.317812537892567
0.31793379410694805
0.318055050321329
0.31817630653571
0.318297562750091
0.318418818964472
0.31854007517885297
0.3186613313932339
0.3189038438219959
0.31926761246513885
0.31951012489390085
0.3196313811082818
0.3197526373226628
0.31987389353704376
0.3199951497514248
0.32011640596580576
0.32023766218018673
0.32035891839456776
0.32048017460894873
0.3206014308233297
0.32072268703771073
0.3208439432520917
0.3209651994664727
0.3210864556808537
0.32120771189523467
0.32132896810961564
0.3214502243239966
0.32157148053837764
0.3216927367527586
0.3218139929671396
0.3219352491815206
0.3220565053959016
0.32217776161028255
0.3222990178246636
0.32242027403904455
0.3225415302534255
0.3226627864678065
0.3227840426821875
0.3229052988965685
0.32302655511094946
0.3231478113253305
0.32326906753971146
0.32363283618285443
0.3237540923972354
0.3238753486116164
0.32399660482599735
0.3241178610403783
0.3242391172547593
0.3243603734691403
0.3244816296835213
0.32460288589790226
0.3247241421122833
0.32484539832666426
0.32496665454104523
0.32508791075542626
0.32520916696980723
0.3253304231841882
0.32545167939856917
0.3255729356129502
0.32569419182733117
0.32581544804171214
0.32593670425609317
0.32605796047047414
0.3261792166848551
0.32630047289923614
0.3264217291136171
0.3265429853279981
0.3266642415423791
0.3267854977567601
0.32690675397114105
0.327028010185522
0.32714926639990305
0.327391778828665
0.327513035043046
0.327634291257427
0.32775554747180796
0.327876803686189
0.32933187825876076
0.3294531344731418
0.32957439068752276
0.3296956469019037
0.3298169031162847
0.3323632836182855
0.33248453983266646
0.33260579604704743
0.33272705226142846
0.33284830847580943
0.3329695646901904
0.3330908209045714
0.3332120771189524
0.33333333333333337
0.3345458954771432
0.3346671516915242
0.3347884079059052
0.33490966412028617
0.3412149872680975
0.34558021098581304
0.345701467200194
0.35115799684733845
0.3512792530617194
0.35140050927610045
0.3515217654904814
0.3516430217048624
0.35176427791924336
0.3518855341336244
0.35200679034800536
0.35212804656238633
0.35224930277676736
0.35237055899114833
0.3524918152055293
0.35261307141991033
0.3527343276342913
0.35758457620953077
0.35770583242391174
0.35782708863829277
0.35794834485267374
0.3609797502121984
0.3611010064265794
0.36122226264096036
0.3613435188553414
0.36146477506972235
0.3615860312841033
0.3617072874984843
0.3618285437128653
0.3619497999272463
0.36207105614162727
0.3621923123560083
0.36231356857038927
0.36243482478477024
0.36255608099915126
0.36267733721353224
0.3627985934279132
0.3629198496422942
0.3630411058566752
0.3631623620710562
0.36328361828543715
0.3634048744998182
0.36352613071419915
0.3636473869285801
0.36376864314296115
0.3638898993573421
0.3640111555717231
0.3641324117861041
0.3658299987874379
0.36595125500181885
0.3660725112161998
0.36619376743058085
0.3663150236449618
0.3664362798593428
0.3665575360737238
0.3666787922881048
0.36680004850248576
0.3669213047168668
0.36886140414696256
0.3689826603613436
0.36910391657572456
0.3697101976476295
0.3698314538620105
0.3705589911482964
0.37068024736267735
0.3708015035770583
0.37092275979143935
0.3710440160058203
0.3711652722202013
0.37128652843458226
0.37807687643991755
0.3781981326542986
0.37831938886867955
0.3784406450830605
0.37856190129744155
0.383533406087062
0.38365466230144296
0.383775918515824
0.38389717473020496
0.38401843094458593
0.38413968715896696
0.38426094337334793
0.3843821995877289
0.38450345580210993
0.3846247120164909
0.38474596823087187
0.3848672244452529
0.38498848065963387
0.38510973687401484
0.3852309930883958
0.38535224930277684
0.3854735055171578
0.3855947617315388
0.3857160179459198
0.3858372741603008
0.38595853037468175
0.3860797865890627
0.3862010428034437
0.38632229901782467
0.38644355523220564
0.38656481144658666
0.38668606766096764
0.3868073238753486
0.38692858008972963
0.3870498363041106
0.3871710925184916
0.3872923487328726
0.3874136049472536
0.38753486116163455
0.3891111919485874
0.38923244816296837
0.3893537043773494
0.38947496059173037
0.38959621680611134
0.38971747302049237
0.38983872923487334
0.3899599854492543
0.39008124166363534
0.3902024978780163
0.3935976718806839
0.3937189280950649
0.3938401843094459
0.39396144052382687
0.3940826967382079
0.39420395295258887
0.39432520916696984
0.39444646538135086
0.39456772159573184
0.3946889778101128
0.3948102340244938
0.3949314902388748
0.3950527464532558
0.39723535831211354
0.3973566145264945
0.3974778707408755
0.39759912695525645
0.3977203831696375
0.4177276585425003
0.4178489147568813
0.4179701709712623
0.4180914271856433
0.41821268340002427
0.41881896447192923
0.4189402206863102
0.4190614769006912
0.4191827331150722
0.4193039893294532
0.41942524554383415
0.4195465017582152
0.41966775797259614
0.4197890141869771
0.6198617679156058
0.6199830241299867
0.6201042803443677
0.6202255365587487
0.6203467927731297
0.6204680489875107
0.6205893052018916
0.9014186977082577
0.9015399539226385
0.9016612101370196
0.9017824663514006
0.9019037225657816
0.9020249787801625
0.9021462349945436
0.9022674912089245
0.9023887474233055
0.9025100036376865
0.9026312598520675
0.9027525160664485
0.9028737722808295
0.9029950284952104
0.9031162847095915
0.9032375409239723
0.9033587971383534
0.9034800533527344
0.9036013095671154
0.9037225657814963
0.9038438219958774
0.9039650782102583
0.9040863344246394
0.9042075906390203
0.01709712622771917
0.01721838244210016
0.017339638656481145
0.017460894870862134
0.019764762944100886
0.019886019158481875
0.02000727537286286
0.02012853158724385
0.020249787801624834
0.020371044016005823
0.020492300230386812
0.020734812659148782
0.02158360615981569
0.02170486237419668
0.022311143446101616
0.0224323996604826
0.022553655874863587
0.02328119316114951
0.02412998666181642
0.024251242876197406
0.02449375530495938
0.02461501151934037
0.024736267733721357
0.024857523948102343
0.02497878016248333
0.025221292591245302
0.02534254880562629
0.025463805020007276
0.034800533527343275
0.252940463198739
0.3189038438219959
0.31902510003637685
0.3191463562507579
0.31926761246513885
0.3193888686795198
0.31951012489390085
0.3196313811082818
0.3197526373226628
0.31987389353704376
0.3199951497514248
0.32011640596580576
0.32023766218018673
0.32035891839456776
0.32048017460894873
0.3206014308233297
0.32072268703771073
0.3208439432520917
0.3209651994664727
0.3210864556808537
0.32120771189523467
0.32132896810961564
0.3214502243239966
0.32157148053837764
0.32302655511094946
0.3231478113253305
0.32326906753971146
0.32339032375409243
0.32351157996847346
0.32363283618285443
0.3237540923972354
0.327876803686189
0.32799805990056996
0.32811931611495093
0.3282405723293319
0.32836182854371293
0.3284830847580939
0.3286043409724749
0.3287255971868559
0.32884685340123687
0.32896810961561784
0.3290893658299988
0.3292106220443798
0.32933187825876076
0.3294531344731418
0.35176427791924336
0.3518855341336244
0.35200679034800536
0.35212804656238633
0.35224930277676736
0.35237055899114833
0.3524918152055293
0.35794834485267374
0.3848672244452529
0.3905662665211593
0.39068752273554025
0.3908087789499212
0.6375651752152298
0.6505395901539955
0.6506608463683764
0.8935370437734934
0.8936582999878745
0.8937795562022555
0.8939008124166364
0.8940220686310174
0.8941433248453985
0.8942645810597794
0.8943858372741604
0.8945070934885414
0.9004486479932097
0.9005699042075908
0.9006911604219717
0.9008124166363527
0.9009336728507337
0.9010549290651148
0.9011761852794956
0.9012974414938767
0.9014186977082577
0.9015399539226385
0.9016612101370196
0.9017824663514006
0.9031162847095915
0.9032375409239723
0.9033587971383534
0.9034800533527344
0.9036013095671154
0.9037225657814963
0.9038438219958774
0.9039650782102583
0.9040863344246394
0.9042075906390203
0.9043288468534013
0.9044501030677823
0.9045713592821634
0.944585910027889
0.94470716624227
0.944828422456651
0.019643506729719897
0.019764762944100886
0.021462349945434705
0.02158360615981569
0.02170486237419668
0.021826118588577668
0.021947374802958653
0.022068631017339642
0.022189887231720627
0.022311143446101616
0.0224323996604826
0.022553655874863587
0.022674912089244575
0.022796168303625564
0.02291742451800655
0.02303868073238754
0.023159936946768524
0.02328119316114951
0.023402449375530498
0.023523705589911483
0.024251242876197406
0.024372499090578394
0.02449375530495938
0.024736267733721357
0.025100036376864317
0.025221292591245302
0.26785497756760035
0.6124651388383655
0.6131926761246514
0.6145264944828424
0.6152540317691283
0.6153752879835092
0.6154965441978902
0.6156178004122712
0.6157390566266522
0.6158603128410332
0.6159815690554142
0.6161028252697951
0.6162240814841762
0.6163453376985571
0.6164665939129381
0.6165878501273191
0.6220443797744635
0.6221656359888444
0.6222868922032255
0.6224081484176064
0.6225294046319875
0.6401115557172306
0.6414453740754215
0.6608463683763793
0.6609676245907604
0.6610888808051413
0.6612101370195224
0.6613313932339033
0.6614526494482843
0.6615739056626653
0.6616951618770464
0.6618164180914272
0.6619376743058083
0.6620589305201892
0.6621801867345702
0.6623014429489512
0.6624226991633322
0.6625439553777132
0.6626652115920942
0.6627864678064751
0.6629077240208562
0.6630289802352372
0.6631502364496181
0.8650418333939616
0.8651630896083425
0.8663756517521524
0.8664969079665333
0.8666181641809144
0.8667394203952953
0.8668606766096764
0.8669819328240573
0.8671031890384383
0.8672244452528193
0.8673457014672002
0.8674669576815812
0.8675882138959623
0.8677094701103432
0.8678307263247242
0.8679519825391052
0.8680732387534862
0.8681944949678672
0.8683157511822482
0.8684370073966291
0.8685582636110102
0.8686795198253912
0.8688007760397721
0.8689220322541531
0.8690432884685342
0.869164544682915
0.8692858008972961
0.8694070571116771
0.8695283133260581
0.869649569540439
0.8697708257548201
0.869892081969201
0.8700133381835821
0.8701345943979629
0.870255850612344
0.870377106826725
0.8704983630411058
0.8706196192554869
0.8707408754698679
0.8708621316842489
0.8709833878986298
0.8711046441130109
0.8712259003273918
0.8713471565417729
0.8714684127561538
0.8715896689705348
0.8717109251849158
0.8718321813992969
0.8738935370437736
0.8740147932581546
0.8741360494725355
0.8742573056869166
0.8743785619012975
0.8744998181156786
0.8746210743300595
0.8747423305444405
0.8748635867588215
0.8749848429732026
0.8751060991875834
0.8752273554019645
0.8753486116163455
0.8754698678307264
0.8755911240451074
0.8757123802594883
0.8758336364738694
0.8759548926882503
0.8760761489026313
0.8761974051170123
0.8763186613313934
0.8764399175457742
0.8765611737601553
0.8766824299745363
0.8768036861889172
0.8769249424032982
0.8770461986176793
0.8771674548320602
0.8772887110464412
0.8774099672608222
0.8775312234752032
0.8776524796895842
0.8777737359039652
0.8778949921183461
0.8780162483327272
0.8781375045471081
0.8782587607614891
0.8783800169758701
0.8785012731902511
0.878622529404632
0.8787437856190131
0.878865041833394
0.8789862980477751
0.879107554262156
0.879228810476537
0.879350066690918
0.8794713229052991
0.8795925791196799
0.879713835334061
0.8871104644113011
0.8872317206256821
0.8873529768400631
0.8874742330544442
0.887595489268825
0.8877167454832061
0.8878380016975871
0.8879592579119681
0.888080514126349
0.8882017703407301
0.888323026555111
0.888444282769492
0.888565538983873
0.888686795198254
0.888808051412635
0.888929307627016
0.8890505638413969
0.889171820055778
0.8892930762701589
0.8894143324845399
0.8895355886989209
0.8896568449133019
0.8897781011276829
0.8898993573420639
0.8900206135564448
0.8901418697708259
0.8902631259852068
0.8903843821995878
0.8905056384139688
0.8906268946283499
0.8907481508427307
0.8908694070571118
0.8909906632714928
0.8911119194858738
0.8912331757002547
0.8913544319146357
0.8914756881290167
0.8915969443433976
0.8917182005577787
0.8918394567721596
0.8919607129865407
0.8920819692009215
0.8922032254153026
0.8923244816296836
0.8924457378440646
0.8925669940584455
0.8926882502728266
0.8928095064872075
0.8929307627015886
0.8930520189159695
0.8931732751303505
0.8932945313447315
0.8934157875591126
0.8935370437734934
0.8936582999878745
0.8937795562022555
0.8939008124166364
0.8940220686310174
0.8941433248453985
0.8942645810597794
0.8943858372741604
0.8945070934885414
0.8946283497029224
0.8947496059173033
0.8948708621316843
0.8949921183460653
0.8951133745604464
0.8952346307748272
0.8953558869892083
0.8954771432035893
0.8955983994179703
0.8957196556323512
0.8958409118467323
0.8959621680611132
0.8960834242754943
0.8962046804898752
0.8963259367042562
0.8964471929186372
0.8965684491330181
0.8966897053473991
0.8968109615617801
0.8969322177761612
0.897053473990542
0.8971747302049231
0.8972959864193041
0.897417242633685
0.897538498848066
0.897659755062447
0.897781011276828
0.897902267491209
0.8980235237055899
0.898144779919971
0.8987510609918758
0.8988723172062569
0.8989935734206379
0.8991148296350189
0.8992360858493998
0.8993573420637809
0.8994785982781618
0.8995998544925429
0.8997211107069238
0.8998423669213048
0.8999636231356858
0.9000848793500669
0.9002061355644477
0.9003273917788288
0.9004486479932097
0.9005699042075908
0.9006911604219717
0.9008124166363527
0.9009336728507337
0.9010549290651148
0.9011761852794956
0.9012974414938767
0.9014186977082577
0.9015399539226385
0.9016612101370196
0.9017824663514006
0.9019037225657816
0.9020249787801625
0.9021462349945436
0.9022674912089245
0.9023887474233055
0.9025100036376865
0.9026312598520675
0.9027525160664485
0.9028737722808295
0.9029950284952104
0.9031162847095915
0.9032375409239723
0.9033587971383534
0.9034800533527344
0.9036013095671154
0.9037225657814963
0.9038438219958774
0.9039650782102583
0.9040863344246394
0.9042075906390203
0.9043288468534013
0.9044501030677823
0.9134230629319753
0.9135443191463564
0.9136655753607373
0.9137868315751183
0.9139080877894993
0.9140293440038804
0.9141506002182612
0.9142718564326423
0.9143931126470232
0.9145143688614042
0.9146356250757852
0.9147568812901662
0.9148781375045472
0.9149993937189282
0.9151206499333091
0.9152419061476902
0.9153631623620712
0.9154844185764521
0.9156056747908331
0.9157269310052142
0.915848187219595
0.9159694434339761
0.9160906996483571
0.9162119558627381
0.916333212077119
0.9164544682915001
0.916575724505881
0.9166969807202621
0.916818236934643
0.916939493149024
0.917060749363405
0.9171820055777858
0.9173032617921669
0.9174245180065479
0.9175457742209289
0.9176670304353098
0.9177882866496909
0.9179095428640718
0.9180307990784529
0.9181520552928338
0.9182733115072148
0.9183945677215958
0.9185158239359769
0.9186370801503577
0.9187583363647388
0.9188795925791198
0.9190008487935007
0.9191221050078817
0.9192433612222628
0.9193646174366437
0.9194858736510247
0.9196071298654057
0.9197283860797867
0.9198496422941677
0.9318540075178854
0.9319752637322664
0.9320965199466474
0.9322177761610283
0.9323390323754094
0.9324602885897904
0.9325815448041713
0.9327028010185523
0.9328240572329333
0.9329453134473142
0.9330665696616952
0.9331878258760763
0.9333090820904572
0.9334303383048382
0.9335515945192192
0.9336728507336002
0.9337941069479812
0.9339153631623621
0.9340366193767431
0.9341578755911242
0.934279131805505
0.9344003880198861
0.9345216442342671
0.9346429004486481
0.934764156663029
0.9348854128774101
0.935006669091791
0.9365829998787439
0.9367042560931248
0.9368255123075059
0.9369467685218869
0.9370680247362678
0.9371892809506488
0.9373105371650299
0.9374317933794107
0.9375530495937918
0.9376743058081728
0.9377955620225537
0.9379168182369347
0.9380380744513157
0.9381593306656967
0.9382805868800776
0.9384018430944587
0.9385230993088396
0.9386443555232207
0.9387656117376016
0.9400994300957926
0.9402206863101734
0.9403419425245545
0.9404631987389355
0.9405844549533164
0.9407057111676974
0.9408269673820785
0.9409482235964594
0.9410694798108404
0.9411907360252214
0.9413119922396024
0.9414332484539834
0.9415545046683644
0.9416757608827453
0.9417970170971264
0.9419182733115073
0.9420395295258883
0.9421607857402693
0.9422820419546503
0.9424032981690312
0.9425245543834123
0.9426458105977932
0.9427670668121743
0.9428883230265552
0.9430095792409361
0.9431308354553172
0.9432520916696981
0.9433733478840791
0.9434946040984601
0.9436158603128412
0.943737116527222
0.9438583727416031
0.9439796289559841
0.9441008851703651
0.944222141384746
0.9443433975991271
0.944464653813508
0.944585910027889
0.94470716624227
0.944828422456651
0.944949678671032
0.9450709348854129
0.9451921910997939
0.945313447314175
0.9454347035285559
0.9455559597429369
0.9456772159573179
0.9457984721716989
0.9459197283860798
0.9460409846004609
0.9461622408148418
0.9462834970292229
0.9464047532436038
0.9465260094579848
0.9466472656723658
0.9467685218867469
0.9479810840305567
0.9481023402449377
0.9482235964593185
0.9483448526736996
0.9484661088880806
0.9485873651024616
0.9487086213168425
0.9488298775312236
0.9489511337456045
0.9490723899599856
0.9491936461743665
0.9493149023887475
0.9494361586031285
0.9495574148175095
0.9496786710318904
0.9497999272462715
0.9499211834606525
0.9500424396750334
0.9501636958894144
0.9502849521037955
0.9504062083181763
0.9505274645325574
0.9506487207469383
0.9507699769613194
0.9508912331757003
0.9510124893900813
0.9511337456044623
0.9512550018188434
0.9513762580332242
0.9514975142476053
0.9516187704619863
0.9517400266763673
0.9518612828907482
0.9519825391051293
0.9521037953195102
0.9522250515338913
0.9523463077482722
0.9524675639626532
0.025221292591245302
0.02534254880562629
0.02740390445010307
0.617679156056748
0.6178004122711289
0.6179216684855099
0.618042924699891
0.6181641809142718
0.6182854371286529
0.6184066933430339
0.6185279495574149
0.6186492057717958
0.6187704619861769
0.6219231235600825
0.6220443797744635
0.6221656359888444
0.6222868922032255
0.6224081484176064
0.6225294046319875
0.6226506608463684
0.6227719170607494
0.627015884564084
0.6271371407784649
0.8651630896083425
0.8652843458227234
0.8654056020371045
0.8655268582514855
0.8656481144658664
0.8657693706802474
0.8658906268946285
0.8660118831090093
0.8661331393233904
0.8662543955377714
0.8663756517521524
0.8664969079665333
0.8709833878986298
0.8711046441130109
0.8712259003273918
0.8713471565417729
0.8714684127561538
0.8715896689705348
0.8717109251849158
0.8763186613313934
0.8764399175457742
0.8765611737601553
0.8766824299745363
0.8768036861889172
0.8769249424032982
0.8770461986176793
0.8771674548320602
0.8772887110464412
0.8774099672608222
0.8775312234752032
0.8776524796895842
0.8777737359039652
0.8778949921183461
0.8780162483327272
0.8837152904086336
0.8838365466230145
0.8839578028373956
0.8840790590517764
0.8842003152661575
0.8843215714805385
0.8844428276949194
0.8845640839093004
0.8846853401236815
0.8848065963380624
0.8866254395537772
0.8867466957681582
0.8868679519825391
0.8869892081969202
0.8871104644113011
0.8872317206256821
0.8873529768400631
0.8874742330544442
0.887595489268825
0.8877167454832061
0.8878380016975871
0.8879592579119681
0.888080514126349
0.8882017703407301
0.888323026555111
0.888444282769492
0.888565538983873
0.888686795198254
0.888808051412635
0.888929307627016
0.8890505638413969
0.889171820055778
0.8892930762701589
0.8894143324845399
0.8895355886989209
0.8896568449133019
0.8897781011276829
0.8898993573420639
0.8900206135564448
0.8901418697708259
0.8902631259852068
0.8903843821995878
0.8905056384139688
0.8906268946283499
0.8907481508427307
0.8908694070571118
0.8909906632714928
0.8911119194858738
0.8912331757002547
0.8913544319146357
0.8914756881290167
0.8915969443433976
0.8917182005577787
0.8918394567721596
0.8919607129865407
0.8920819692009215
0.8922032254153026
0.8923244816296836
0.8924457378440646
0.8925669940584455
0.8926882502728266
0.8928095064872075
0.8929307627015886
0.8930520189159695
0.8931732751303505
0.8932945313447315
0.8934157875591126
0.8935370437734934
0.8936582999878745
0.8937795562022555
0.8939008124166364
0.8940220686310174
0.8941433248453985
0.8942645810597794
0.8943858372741604
0.8945070934885414
0.8946283497029224
0.8947496059173033
0.8948708621316843
0.8949921183460653
0.8951133745604464
0.8952346307748272
0.8953558869892083
0.8954771432035893
0.8955983994179703
0.8957196556323512
0.8958409118467323
0.8959621680611132
0.8960834242754943
0.8962046804898752
0.8963259367042562
0.8964471929186372
0.8965684491330181
0.8966897053473991
0.8968109615617801
0.8969322177761612
0.897053473990542
0.8971747302049231
0.8972959864193041
0.897417242633685
0.897538498848066
0.897659755062447
0.897902267491209
0.898266036134352
0.8983872923487329
0.8985085485631139
0.898629804777495
0.8987510609918758
0.8988723172062569
0.8989935734206379
0.8991148296350189
0.8992360858493998
0.8993573420637809
0.8994785982781618
0.8995998544925429
0.8997211107069238
0.8998423669213048
0.8999636231356858
0.9000848793500669
0.9002061355644477
0.9003273917788288
0.9004486479932097
0.9005699042075908
0.9006911604219717
0.9008124166363527
0.9009336728507337
0.9010549290651148
0.9011761852794956
0.9012974414938767
0.9014186977082577
0.9015399539226385
0.9016612101370196
0.9017824663514006
0.9019037225657816
0.9020249787801625
0.9021462349945436
0.9022674912089245
0.9023887474233055
0.9025100036376865
0.9026312598520675
0.9027525160664485
0.9028737722808295
0.9029950284952104
0.9031162847095915
0.9032375409239723
0.9033587971383534
0.9034800533527344
0.9036013095671154
0.9037225657814963
0.9038438219958774
0.9039650782102583
0.9040863344246394
0.9042075906390203
0.9043288468534013
0.9055414089972113
0.9056626652115922
0.9111191948587366
0.9112404510731177
0.9113617072874985
0.9114829635018796
0.9116042197162605
0.9117254759306416
0.9118467321450225
0.9119679883594034
0.9120892445737845
0.9122105007881655
0.9123317570025464
0.9124530132169274
0.9125742694313085
0.9126955256456893
0.9128167818600704
0.9129380380744514
0.9130592942888324
0.9131805505032133
0.9133018067175944
0.9134230629319753
0.9135443191463564
0.9136655753607373
0.9137868315751183
0.9139080877894993
0.9140293440038804
0.9141506002182612
0.9142718564326423
0.9143931126470232
0.9145143688614042
0.9146356250757852
0.9147568812901662
0.9148781375045472
0.9149993937189282
0.9151206499333091
0.9152419061476902
0.9153631623620712
0.9154844185764521
0.9156056747908331
0.9157269310052142
0.915848187219595
0.9159694434339761
0.9160906996483571
0.9162119558627381
0.916333212077119
0.9164544682915001
0.916575724505881
0.9166969807202621
0.916818236934643
0.916939493149024
0.917060749363405
0.9171820055777858
0.9173032617921669
0.9174245180065479
0.9175457742209289
0.9176670304353098
0.9177882866496909
0.9179095428640718
0.9180307990784529
0.9181520552928338
0.9182733115072148
0.9183945677215958
0.9185158239359769
0.9186370801503577
0.9187583363647388
0.9188795925791198
0.9190008487935007
0.9191221050078817
0.9192433612222628
0.9193646174366437
0.9194858736510247
0.9196071298654057
0.9197283860797867
0.9198496422941677
0.9199708985085486
0.9200921547229296
0.9202134109373107
0.9203346671516915
0.9204559233660726
0.9205771795804536
0.9206984357948346
0.9208196920092155
0.9209409482235966
0.9210622044379775
0.9211834606523586
0.9213047168667395
0.9238510973687402
0.9239723535831212
0.9240936097975022
0.925548684370074
0.9256699405844551
0.925791196798836
0.925912453013217
0.926033709227598
0.9261549654419791
0.9262762216563599
0.926397477870741
0.926518734085122
0.926639990299503
0.9339153631623621
0.9340366193767431
0.9341578755911242
0.934279131805505
0.9344003880198861
0.9345216442342671
0.9346429004486481
0.934764156663029
0.9348854128774101
0.935006669091791
0.9351279253061721
0.935249181520553
0.935370437734934
0.935491693949315
0.935612950163696
0.9357342063780769
0.935855462592458
0.935976718806839
0.9360979750212199
0.9362192312356009
0.936340487449982
0.9364617436643629
0.9365829998787439
0.9367042560931248
0.9368255123075059
0.9369467685218869
0.9370680247362678
0.9371892809506488
0.9373105371650299
0.9374317933794107
0.9375530495937918
0.9376743058081728
0.9377955620225537
0.9379168182369347
0.9380380744513157
0.9381593306656967
0.9382805868800776
0.9384018430944587
0.9385230993088396
0.9386443555232207
0.9387656117376016
0.9388868679519826
0.9390081241663636
0.9391293803807447
0.9392506365951255
0.9393718928095066
0.9394931490238875
0.9396144052382686
0.9397356614526495
0.9398569176670305
0.9399781738814115
0.9400994300957926
0.9402206863101734
0.9403419425245545
0.9404631987389355
0.9405844549533164
0.9407057111676974
0.9408269673820785
0.9409482235964594
0.9410694798108404
0.9411907360252214
0.9413119922396024
0.9414332484539834
0.9415545046683644
0.9416757608827453
0.9417970170971264
0.9419182733115073
0.9420395295258883
0.9421607857402693
0.9422820419546503
0.9424032981690312
0.9425245543834123
0.9426458105977932
0.9427670668121743
0.9428883230265552
0.9430095792409361
0.9431308354553172
0.9432520916696981
0.9433733478840791
0.9434946040984601
0.9436158603128412
0.943737116527222
0.9438583727416031
0.9439796289559841
0.9441008851703651
0.944222141384746
0.9443433975991271
0.944464653813508
0.944585910027889
0.94470716624227
0.944828422456651
0.944949678671032
0.9450709348854129
0.9451921910997939
0.945313447314175
0.9454347035285559
0.9502849521037955
0.9504062083181763
0.9505274645325574
0.9506487207469383
0.9507699769613194
0.9508912331757003
0.9510124893900813
0.9511337456044623
0.9512550018188434
0.9513762580332242
0.954407663392749
0.9545289196071299
0.9546501758215109
0.954771432035892
0.9548926882502728
0.9550139444646539
0.9551352006790349
0.9552564568934159
0.9553777131077968
0.9554989693221779
0.9556202255365588
0.9557414817509399
0.9558627379653208
0.9559839941797018
0.9561052503940828
0.9562265066084638
0.9563477628228447
0.9564690190372258
0.9565902752516067
0.962531829756275
0.9626530859706561
0.9627743421850371
0.9628955983994181
0.963016854613799
0.9631381108281801
0.963259367042561
0.9633806232569421
0.963501879471323
0.963623135685704
0.963744391900085
0.963865648114466
0.9639869043288469
0.9641081605432279
0.9642294167576089
0.9643506729719898
0.9644719291863709
0.9645931854007518
0.9647144416151329
0.9648356978295138
0.9649569540438948
0.9650782102582758
0.9651994664726569
0.9653207226870377
0.9654419789014188
0.9655632351157998
0.9656844913301807
0.9658057475445617
0.9659270037589428
0.9660482599733237
0.9661695161877047
0.9662907724020857
0.9664120286164667
0.9741724263368499
0.9742936825512308
0.9744149387656118
0.9745361949799928
0.9780526251970415
0.9781738814114224
0.9782951376258034
0.9784163938401844
0.9785376500545654
0.9786589062689464
0.9787801624833274
0.9789014186977083
0.9790226749120894
0.9791439311264704
0.9792651873408512
0.9793864435552323
0.9795076997696133
0.9796289559839942
0.9797502121983752
0.9798714684127563
0.9799927246271372
0.9801139808415182
0.9802352370558992
0.11858857766460532
0.1187098338789863
0.11883109009336729
0.32605796047047414
0.3261792166848551
0.32630047289923614
0.3264217291136171
0.355159451921911
0.355280708136292
0.35673578270886386
0.35685703892324483
0.35697829513762586
0.3570995513520068
0.36680004850248576
0.3669213047168668
0.36704256093124776
0.36716381714562873
0.3672850733600097
0.6136777009821753
0.6137989571965564
0.6139202134109374
0.6140414696253184
0.617194131199224
0.617315387413605
0.6174366436279859
0.617557899842367
0.617679156056748
0.6178004122711289
0.6179216684855099
0.618042924699891
0.6181641809142718
0.6182854371286529
0.6184066933430339
0.6185279495574149
0.6186492057717958
0.6187704619861769
0.6188917182005578
0.6190129744149389
0.6191342306293198
0.6192554868437008
0.6193767430580818
0.6194979992724629
0.6196192554868437
0.6197405117012248
0.6198617679156058
0.6199830241299867
0.6201042803443677
0.6202255365587487
0.6203467927731297
0.6204680489875107
0.6205893052018916
0.6207105614162727
0.6208318176306536
0.6209530738450346
0.6210743300594156
0.6211955862737967
0.6213168424881775
0.6214380987025586
0.6215593549169396
0.6216806111313206
0.6218018673457015
0.6242269916333213
0.6243482478477023
0.6244695040620832
0.6245907602764642
0.6247120164908453
0.6248332727052262
0.6249545289196072
0.6250757851339882
0.6264096034921791
0.62653085970656
0.626652115920941
0.626773372135322
0.626894628349703
0.627015884564084
0.6271371407784649
0.6272583969928459
0.6273796532072269
0.888565538983873
0.888686795198254
0.888808051412635
0.888929307627016
0.8890505638413969
0.889171820055778
0.8892930762701589
0.8894143324845399
0.8895355886989209
0.8896568449133019
0.8897781011276829
0.8931732751303505
0.8932945313447315
0.8934157875591126
0.8935370437734934
0.8936582999878745
0.8937795562022555
0.8939008124166364
0.8940220686310174
0.8941433248453985
0.8942645810597794
0.8943858372741604
0.8945070934885414
0.8946283497029224
0.8947496059173033
0.8948708621316843
0.8949921183460653
0.8951133745604464
0.8952346307748272
0.8953558869892083
0.8954771432035893
0.8955983994179703
0.8957196556323512
0.8958409118467323
0.8959621680611132
0.8960834242754943
0.8962046804898752
0.8963259367042562
0.897781011276828
0.897902267491209
0.8983872923487329
0.8985085485631139
0.898629804777495
0.8987510609918758
0.8988723172062569
0.8989935734206379
0.9192433612222628
0.9193646174366437
0.9254274281556931
0.925548684370074
0.9256699405844551
0.925791196798836
0.925912453013217
0.926033709227598
0.9261549654419791
0.9276100400145508
0.9277312962289318
0.9278525524433128
0.9319752637322664
0.9320965199466474
0.9322177761610283
0.9323390323754094
0.9324602885897904
0.9325815448041713
0.9327028010185523
0.9328240572329333
0.9329453134473142
0.9330665696616952
0.9331878258760763
0.9333090820904572
0.9334303383048382
0.9335515945192192
0.9336728507336002
0.9337941069479812
0.9339153631623621
0.9340366193767431
0.9341578755911242
0.934279131805505
0.9344003880198861
0.9345216442342671
0.9346429004486481
0.934764156663029
0.9348854128774101
0.935006669091791
0.9351279253061721
0.935249181520553
0.935370437734934
0.935491693949315
0.935612950163696
0.9357342063780769
0.935855462592458
0.935976718806839
0.9360979750212199
0.9362192312356009
0.936340487449982
0.9364617436643629
0.9365829998787439
0.9367042560931248
0.9368255123075059
0.9369467685218869
0.9370680247362678
0.9371892809506488
0.9373105371650299
0.9374317933794107
0.9375530495937918
0.9376743058081728
0.9377955620225537
0.9379168182369347
0.9380380744513157
0.9381593306656967
0.9382805868800776
0.9384018430944587
0.9385230993088396
0.9386443555232207
0.9387656117376016
0.9388868679519826
0.9390081241663636
0.9391293803807447
0.9392506365951255
0.9393718928095066
0.9394931490238875
0.9396144052382686
0.9397356614526495
0.9398569176670305
0.9399781738814115
0.9400994300957926
0.9402206863101734
0.9403419425245545
0.9404631987389355
0.9405844549533164
0.9407057111676974
0.9408269673820785
0.9409482235964594
0.9410694798108404
0.9411907360252214
0.9413119922396024
0.9414332484539834
0.9415545046683644
0.9416757608827453
0.9417970170971264
0.9419182733115073
0.9420395295258883
0.9421607857402693
0.9422820419546503
0.9424032981690312
0.9425245543834123
0.9426458105977932
0.9427670668121743
0.9428883230265552
0.9430095792409361
0.9431308354553172
0.9432520916696981
0.9433733478840791
0.9434946040984601
0.9436158603128412
0.943737116527222
0.9438583727416031
0.9439796289559841
0.9441008851703651
0.944222141384746
0.9506487207469383
0.9507699769613194
0.9508912331757003
0.9510124893900813
0.9511337456044623
0.9512550018188434
0.9513762580332242
0.9514975142476053
0.9516187704619863
0.9517400266763673
0.9518612828907482
0.9519825391051293
0.9521037953195102
0.9522250515338913
0.9523463077482722
0.9524675639626532
0.9525888201770342
0.9527100763914153
0.9528313326057961
0.9529525888201772
0.9530738450345582
0.9531951012489391
0.9533163574633201
0.953437613677701
0.953558869892082
0.953680126106463
0.953801382320844
0.953922638535225
0.954043894749606
0.9541651509639869
0.954286407178368
0.954407663392749
0.9545289196071299
0.9546501758215109
0.954771432035892
0.9548926882502728
0.9550139444646539
0.9551352006790349
0.9552564568934159
0.9553777131077968
0.9554989693221779
0.9556202255365588
0.9557414817509399
0.9558627379653208
0.9559839941797018
0.9561052503940828
0.9562265066084638
0.9563477628228447
0.9564690190372258
0.9565902752516067
0.9596216806111314
0.9597429368255124
0.9598641930398933
0.9599854492542744
0.9601067054686553
0.9602279616830364
0.9603492178974173
0.9604704741117983
0.9609554989693223
0.9610767551837033
0.9611980113980843
0.9613192676124652
0.9614405238268462
0.9615617800412272
0.9616830362556082
0.9618042924699891
0.9619255486843702
0.963623135685704
0.963744391900085
0.963865648114466
0.9639869043288469
0.9641081605432279
0.9642294167576089
0.9643506729719898
0.9644719291863709
0.9645931854007518
0.9647144416151329
0.9648356978295138
0.9649569540438948
0.9650782102582758
0.9651994664726569
0.9653207226870377
0.9658057475445617
0.9659270037589428
0.9660482599733237
0.9661695161877047
0.9662907724020857
0.9664120286164667
0.9670183096883715
0.9671395659027526
0.972474839335516
0.972596095549897
0.972717351764278
0.9728386079786591
0.9729598641930399
0.973081120407421
0.973202376621802
0.973323632836183
0.9734448890505639
0.973566145264945
0.9736874014793259
0.973808657693707
0.9739299139080879
0.9740511701224689
0.9741724263368499
0.9742936825512308
0.9744149387656118
0.9745361949799928
0.9746574511943739
0.9747787074087547
0.9748999636231358
0.9750212198375168
0.9751424760518977
0.9752637322662787
0.9753849884806597
0.9755062446950407
0.9756275009094217
0.9757487571238026
0.9758700133381837
0.9759912695525647
0.9761125257669456
0.9762337819813266
0.9763550381957077
0.9764762944100885
0.9765975506244696
0.9767188068388506
0.9768400630532316
0.9769613192676125
0.9770825754819936
0.9772038316963745
0.9791439311264704
0.9792651873408512
0.9798714684127563
0.9799927246271372
0.9801139808415182
0.9802352370558992
0.9803564932702802
0.9804777494846612
0.9805990056990422
0.9807202619134231
0.9808415181278042
0.980962774342185
0.9810840305565661
0.9812052867709471
0.9813265429853281
0.981447799199709
0.9815690554140901
0.981690311628471
0.9818115678428521
0.981932824057233
0.982054080271614
0.982175336485995
0.9822965927003761
0.9824178489147569
0.982539105129138
0.982660361343519
0.9827816175579
0.9829028737722809
0.983024129986662
0.9831453862010429
0.9832666424154239
0.9833878986298049
0.9835091548441859
0.9836304110585669
0.9837516672729478
0.9838729234873288
0.9839941797017099
0.9841154359160907
0.9842366921304718
0.9843579483448528
0.9844792045592337
0.9846004607736147
0.9847217169879957
0.9848429732023767
0.9849642294167577
0.9850854856311387
0.9852067418455196
0.9853279980599007
0.9861767915605676
0.9862980477749486
0.9955135200679036
0.9956347762822846
0.9957560324966657
0.9958772887110464
0.9959985449254275
0.9961198011398085
0.9962410573541896
0.9963623135685705
0.9964835697829514
0.9966048259973324
0.9967260822117134
0.9968473384260944
0.9969685946404755
0.9970898508548565
0.9972111070692373
0.9973323632836183
0.9974536194979994
0.9983024129986663
0.9984236692130474
0.9985449254274283
0.9986661816418092
0.9987874378561902
0.9989086940705713
0.10137019522250516
0.10149145143688615
0.10209773250879109
0.10221898872317207
0.10234024493755306
0.10246150115193405
0.32326906753971146
0.32339032375409243
0.32351157996847346
0.32363283618285443
0.3237540923972354
0.3303019279738087
0.33042318418818967
0.33054444040257064
0.33066569661695167
0.33078695283133264
0.3309082090457136
0.3347884079059052
0.33490966412028617
0.3350309203346672
0.33515217654904816
0.33527343276342914
0.3353946889778101
0.33551594519219113
0.3356372014065721
0.3357584576209531
0.3358797138353341
0.345943979628956
0.346065235843337
0.34642900448647995
0.3465502607008609
0.34667151691524195
0.3467927731296229
0.3469140293440039
0.3470352855583849
0.3471565417727659
0.3663150236449618
0.3664362798593428
0.37031647871953444
0.3704377349339154
0.617194131199224
0.617315387413605
0.6184066933430339
0.6185279495574149
0.6186492057717958
0.6187704619861769
0.6188917182005578
0.6190129744149389
0.6191342306293198
0.6192554868437008
0.6193767430580818
0.6194979992724629
0.6196192554868437
0.6197405117012248
0.6198617679156058
0.6199830241299867
0.6249545289196072
0.6250757851339882
0.6251970413483692
0.6253182975627501
0.6254395537771312
0.6255608099915121
0.6256820662058932
0.625803322420274
0.6259245786346551
0.6260458348490361
0.6261670910634171
0.626288347277798
0.6264096034921791
0.62653085970656
0.626652115920941
0.626773372135322
0.626894628349703
0.6484782345095186
0.8952346307748272
0.8953558869892083
0.8954771432035893
0.8955983994179703
0.8957196556323512
0.8958409118467323
0.8959621680611132
0.8960834242754943
0.8962046804898752
0.8963259367042562
0.8964471929186372
0.8965684491330181
0.8966897053473991
0.8968109615617801
0.8969322177761612
0.9405844549533164
0.9436158603128412
0.943737116527222
0.9438583727416031
0.9439796289559841
0.9441008851703651
0.9516187704619863
0.9517400266763673
0.9518612828907482
0.9519825391051293
0.9521037953195102
0.9522250515338913
0.9523463077482722
0.9524675639626532
0.9525888201770342
0.9527100763914153
0.9528313326057961
0.9529525888201772
0.9530738450345582
0.9531951012489391
0.9533163574633201
0.953437613677701
0.953558869892082
0.953680126106463
0.953801382320844
0.953922638535225
0.954043894749606
0.9541651509639869
0.954286407178368
0.954407663392749
0.9545289196071299
0.9546501758215109
0.954771432035892
0.9548926882502728
0.9550139444646539
0.9554989693221779
0.9556202255365588
0.9557414817509399
0.9558627379653208
0.980962774342185
0.9810840305565661
0.9812052867709471
0.9813265429853281
0.981447799199709
0.9815690554140901
0.981690311628471
0.9818115678428521
0.981932824057233
0.982054080271614
0.982175336485995
0.9822965927003761
0.9824178489147569
0.982539105129138
0.982660361343519
0.9827816175579
0.06911604219716262
0.06923729841154361
0.06935855462592458
0.06947981084030556
0.06960106705468655
0.06972232326906755
0.06984357948344853
0.06996483569782952
0.0700860919122105
0.0702073481265915
0.07032860434097249
0.07044986055535347
0.07057111676973446
0.07069237298411543
0.07081362919849643
0.07093488541287742
0.0710561416272584
0.07117739784163939
0.08160543227840428
0.08172668849278526
0.08184794470716625
0.08196920092154725
0.08209045713592823
0.08221171335030922
0.10949436158603129
0.10961561780041228
0.10973687401479326
0.10985813022917425
0.10997938644355525
0.11082817994422214
0.11094943615860313
0.3141748514611374
0.31429610767551835
0.3144173638898994
0.31453862010428035
0.3158724384624712
0.31599369467685223
0.3161149508912332
0.3162362071056142
0.3163574633199952
0.3164787195343762
0.32048017460894873
0.3206014308233297
0.33369710197647634
0.3338183581908573
0.33393961440523834
0.3340608706196193
0.3341821268340003
0.33430338304838125
0.3344246392627622
0.3345458954771432
0.3346671516915242
0.3443676488420032
0.3444889050563842
0.34461016127076516
0.34473141748514613
0.3448526736995271
0.34994543470352857
0.35006669091790954
0.35018794713229057
0.35346186492057724
0.3535831211349582
0.3537043773493392
0.6470231599369469
0.6471444161513278
0.6472656723657089
0.6473869285800898
0.6475081847944708
0.6476294410088518
0.6477506972232328
0.06778222383897176
0.07978658906268947
0.07990784527707046
0.08136291984964229
0.09045713592821633
0.09057839214259732
0.09470110343155087
0.09664120286164667
0.09676245907602765
0.09858130229174246
0.09870255850612344
0.09882381472050444
0.09918758336364739
0.09930883957802839
0.10088517036498121
0.10100642657936221
0.10112768279374319
0.10137019522250516
0.10149145143688615
0.32957439068752276
0.3296956469019037
0.3298169031162847
0.33430338304838125
0.3344246392627622
0.3345458954771432
0.3346671516915242
0.3347884079059052
0.33490966412028617
0.3350309203346672
0.33515217654904816
0.33527343276342914
0.3353946889778101
0.33551594519219113
0.3356372014065721
0.3357584576209531
0.3358797138353341
0.3360009700497151
0.33612222626409605
0.3362434824784771
0.33636473869285805
0.336485994907239
0.33660725112162
0.336728507336001
0.336849763550382
0.3433975991269553
0.3435188553413363
0.34400388019886025
0.3441251364132412
0.35346186492057724
-0.07966533284830847
-0.09482235964593187
-0.09494361586031286
-0.09506487207469384
-0.09518612828907483
-0.0953073845034558
-0.0954286407178368
-0.09554989693221778
-0.09615617800412272
-0.09627743421850371
-0.0963986904328847
-0.09651994664726568
-0.09664120286164667
-0.09846004607736147
-0.09882381472050444
-0.09894507093488543
-0.32957439068752276
-0.3296956469019037
-0.3298169031162847
-0.3299381593306657
-0.33527343276342914
-0.3353946889778101
-0.33551594519219113
-0.3356372014065721
-0.3357584576209531
-0.33612222626409605
-0.3362434824784771
-0.33636473869285805
-0.336485994907239
-0.33660725112162
-0.336728507336001
-0.336849763550382
-0.33697101976476296
-0.337092275979144
-0.33721353219352496
-0.09009336728507336
-0.3376985570510489
-0.33781981326542987
-0.3379410694798109
-0.33806232569419187
-0.33818358190857284
-0.33830483812295387
-0.33842609433733484
-0.3385473505517158
-0.33866860676609684
-0.3387898629804778
-0.3389111191948588
-0.3390323754092398
-0.3391536316236208
-0.33927488783800175
-0.33939614405238266
-0.3395174002667637
-0.33963865648114466
-0.33975991269552563
-0.33988116890990666
-0.34000242512428763
-0.34024493755304963
-0.3403661937674306
-0.3407299624105736
-0.34085121862495454
-0.3409724748393355
-0.34109373105371654
-0.3412149872680975
-0.34291257426943134
-0.34303383048381236
-0.34315508669819333
-0.12889535588698922
-0.33806232569419187
-0.33818358190857284
-0.33830483812295387
-0.33842609433733484
-0.3385473505517158
-0.33866860676609684
-0.3387898629804778
-0.3389111191948588
-0.3390323754092398
-0.3391536316236208
-0.33927488783800175
-0.33939614405238266
-0.3395174002667637
-0.33963865648114466
-0.33975991269552563
-0.33988116890990666
-0.34000242512428763
-0.3401236813386686
-0.34024493755304963
-0.3403661937674306
-0.3404874499818116
-0.34060870619619255
-0.3407299624105736
-0.34085121862495454
-0.3409724748393355
-0.34109373105371654
-0.3412149872680975
-0.3415787559112405
-0.34194252455438345
-0.3420637807687644
-0.3421850369831454
-0.3423062931975264
-0.34254880562628837
-0.3426700618406694
-0.34279131805505036
-0.34291257426943134
-0.34303383048381236
-0.34315508669819333
-0.6057960470474113
-0.6059173032617923
-0.6060385594761732
-0.6179216684855099
-0.618042924699891
-0.12331757002546381
-0.12343882623984481
-0.1235600824542258
-0.12368133866860678
-0.12380259488298775
-0.12392385109736875
-0.12404510731174974
-0.12416636352613072
-0.12489390081241666
-0.12513641324117863
-0.1252576694555596
-0.1253789256699406
-0.1255001818843216
-0.12562143809870258
-0.12574269431308355
-0.12586395052746455
-0.1262277191706075
-0.1263489753849885
-0.1264702315993695
-0.12659148781375046
-0.12671274402813146
-0.12683400024251243
-0.12695525645689343
-0.1273190251000364
-0.3242391172547593
-0.33963865648114466
-0.6055535346186494
-0.6056747908330302
-0.6057960470474113
-0.6148902631259853
-0.6150115193403662
-0.6151327755547472
-0.6152540317691283
-0.6153752879835092
-0.6154965441978902
-0.6156178004122712
-0.6157390566266522
-0.6158603128410332
-0.6159815690554142
-0.6161028252697951
-0.6162240814841762
-0.6163453376985571
-0.6164665939129381
-0.6165878501273191
-0.6167091063417001
-0.616830362556081
-0.616951618770462
-0.6170728749848431
-0.617194131199224
-0.617315387413605
-0.6174366436279859
-0.617557899842367
-0.617679156056748
-0.6178004122711289
-0.6179216684855099
-0.023523705589911483
-0.023887474233054446
-0.060870619619255495
-0.3161149508912332
-0.3162362071056142
-0.3163574633199952
-0.33866860676609684
-0.3387898629804778
-0.3469140293440039
-0.3471565417727659
-0.34752031041590886
-0.34764156663028983
-0.3506729719898145
-0.3507942282041955
-0.3510367406329575
-0.3669213047168668
-0.6031284103310296
-0.6032496665454105
-0.6033709227597915
-0.6034921789741724
-0.6036134351885535
-0.6037346914029345
-0.6071298654056021
-0.6072511216199831
-0.607372377834364
-0.607493634048745
-0.6076148902631261
-0.607736146477507
-0.6119801139808415
-0.6121013701952226
-0.6122226264096035
-0.6123438826239845
-0.6124651388383655
-0.6125863950527465
-0.6127076512671275
-0.6128289074815085
-0.6129501636958894
-0.6130714199102705
-0.6131926761246514
-0.6133139323390324
-0.6134351885534134
-0.6135564447677945
-0.6136777009821753
-0.6137989571965564
-0.6139202134109374
-0.6140414696253184
-0.6141627258396993
-0.6142839820540804
-0.6144052382684613
-0.6145264944828424
-0.6146477506972232
-0.6147690069116043
-0.6148902631259853
-0.6150115193403662
-0.6151327755547472
-0.6152540317691283
-0.6153752879835092
-0.6154965441978902
-0.6156178004122712
-0.6157390566266522
-0.6158603128410332
-0.6159815690554142
-0.6161028252697951
-0.6162240814841762
-0.6163453376985571
-0.6164665939129381
-0.6165878501273191
-0.6167091063417001
-0.616830362556081
-0.616951618770462
-0.0224323996604826
-0.022674912089244575
-0.022796168303625564
-0.02291742451800655
-0.02303868073238754
-0.02328119316114951
-0.023402449375530498
-0.023523705589911483
-0.023644961804292472
-0.02376621801867346
-0.023887474233054446
-0.024008730447435435
-0.02412998666181642
-0.024251242876197406
-0.024372499090578394
-0.024857523948102343
-0.02497878016248333
-0.025100036376864317
-0.025221292591245302
-0.02813144173638899
-0.07748272098945072
-0.07772523341821269
-0.07821025827573665
-0.0784527707044986
-0.07857402691887959
-0.07869528313326059
-0.1255001818843216
-0.12562143809870258
-0.2647023159936947
-0.2659148781375046
-0.26603613435188556
-0.2661573905662666
-0.26627864678064755
-0.3433975991269553
-0.3435188553413363
-0.3436401115557173
-0.34376136777009825
-0.3438826239844793
-0.34400388019886025
-0.3441251364132412
-0.34424639262762224
-0.3443676488420032
-0.3444889050563842
-0.34461016127076516
-0.34473141748514613
-0.3448526736995271
-0.3449739299139081
-0.3450951861282891
-0.34521644234267007
-0.34533769855705104
-0.34545895477143207
-0.3631623620710562
-0.36328361828543715
-0.3634048744998182
-0.4748393355159452
-0.47496059173032623
-0.4750818479447072
-0.48005335273432764
-0.6110100642657937
-0.6111313204801747
-0.6201042803443677
-0.6202255365587487
-0.6203467927731297
-0.6204680489875107
-0.6205893052018916
-0.015763307869528315
-0.015884564083909303
-0.01600582029829029
-0.016127076512671274
-0.016248332727052263
-0.016369588941433248
-0.016490845155814237
-0.01673335758457621
-0.0168546137989572
-0.016975870013338185
-0.01709712622771917
-0.01721838244210016
-0.017945919728386082
-0.018067175942767067
-0.018188432157148056
-0.01830968837152904
-0.020492300230386812
-0.02085606887352977
-0.021947374802958653
-0.022068631017339642
-0.022311143446101616
-0.0224323996604826
-0.022553655874863587
-0.022674912089244575
-0.022796168303625564
-0.02291742451800655
-0.02303868073238754
-0.023159936946768524
-0.02328119316114951
-0.023402449375530498
-0.02461501151934037
-0.024736267733721357
-0.024857523948102343
-0.02497878016248333
-0.028616466593912943
-0.02873772280829393
-0.09943009579240937
-0.09955135200679036
-0.09967260822117134
-0.09979386443555233
-0.09991512064993333
-0.10003637686431431
-0.1001576330786953
-0.10027888929307628
-0.10040014550745727
-0.10076391415060022
-0.10088517036498121
-0.10100642657936221
-0.10112768279374319
-0.10124893900812418
-0.10149145143688615
-0.10161270765126715
-0.10173396386564812
-0.11495089123317571
-0.1150721474475567
-0.11519340366193768
-0.11531465987631867
-0.11543591609069966
-0.11555717230508065
-0.11567842851946164
-0.11579968473384263
-0.11616345337698558
-0.11628470959136657
-0.11664847823450954
-0.11676973444889052
-0.11689099066327151
-0.11701224687765249
-0.11713350309203348
-0.2564568934157876
-0.25657814963016856
-0.26154965441978906
-0.26167091063417
-0.261792166848551
-0.26191342306293197
-0.2628834727779799
-0.26312598520674185
-0.2632472414211228
-0.35261307141991033
-0.36122226264096036
-0.3613435188553414
-0.36146477506972235
-0.3615860312841033
-0.3617072874984843
-0.3618285437128653
-0.36485994907239
-0.364981205286771
-0.47471807930156423
-0.4752031041590882
-0.47532436037346915
-0.4754456165878502
-0.4756881290166121
-0.00327391778828665
-0.012731902510003638
-0.012853158724384627
-0.013701952225051535
-0.013823208439432523
-0.013944464653813509
-0.014308233296956472
-0.014429489511337457
-0.015278283012004368
-0.015399539226385353
-0.01552079544076634
-0.01564205165514733
-0.015763307869528315
-0.015884564083909303
-0.01600582029829029
-0.016127076512671274
-0.016248332727052263
-0.016369588941433248
-0.016490845155814237
-0.016612101370195226
-0.01673335758457621
-0.0168546137989572
-0.016975870013338185
-0.01709712622771917
-0.01721838244210016
-0.017339638656481145
-0.017460894870862134
-0.017582151085243122
-0.017703407299624108
-0.017824663514005093
-0.017945919728386082
-0.01830968837152904
-0.01843094458591003
-0.01855220080029102
-0.018915969443433978
-0.019158481872195952
-0.019279738086576938
-0.019400994300957927
-0.020613556444767794
-0.020734812659148782
-0.021098581302291745
-0.02121983751667273
-0.022068631017339642
-0.022189887231720627
-0.022311143446101616
-0.0224323996604826
-0.024736267733721357
-0.024857523948102343
-0.02497878016248333
-0.025100036376864317
-0.036255608099915126
-0.03661937674305808
-0.03674063295743907
-0.03686188917182006
-0.036983145386201045
-0.03710440160058204
-0.03722565781496302
-0.03734691402934401
-0.09894507093488543
-0.09906632714926641
-0.09918758336364739
-0.09930883957802839
-0.09943009579240937
-0.09955135200679036
-0.09967260822117134
-0.09979386443555233
-0.09991512064993333
-0.10027888929307628
-0.10040014550745727
-0.10052140172183825
-0.10064265793621924
-0.10100642657936221
-0.10112768279374319
-0.10124893900812418
-0.10137019522250516
-0.10149145143688615
-0.10173396386564812
-0.10258275736631503
-0.10270401358069603
-0.10282526979507702
-0.102946526009458
-0.25063659512550024
-0.2507578513398812
-0.2508791075542622
-0.2510003637686432
-0.2568206620589305
-0.25694191827331153
-0.2626409603492179
-0.2627622165635989
-0.2628834727779799
-0.2630047289923609
-0.26312598520674185
-0.2632472414211228
-0.26336849763550385
-0.3570995513520068
-0.005092761004001456
-0.005214017218382443
-0.00533527343276343
-0.005456529647144417
-0.005577785861525404
-0.005699042075906391
-0.005820298290287377
-0.005941554504668365
-0.006062810719049351
-0.006184066933430339
-0.0063053231478113255
-0.0064265793621923134
-0.0065478355765733
-0.0066690917909542876
-0.006790348005335274
-0.006911604219716262
-0.007032860434097248
-0.007154116648478236
-0.007275372862859222
-0.00739662907724021
-0.007517885291621196
-0.008366678792288106
-0.008487935006669093
-0.00860919122105008
-0.008730447435431067
-0.009821753364859949
-0.009943009579240937
-0.010064265793621924
-0.013338183581908575
-0.013459439796289562
-0.013580696010670548
-0.013701952225051535
-0.013823208439432523
-0.013944464653813509
-0.014065720868194496
-0.014186977082575483
-0.014429489511337457
-0.01515702679762338
-0.015278283012004368
-0.01600582029829029
-0.016127076512671274
-0.016248332727052263
-0.016369588941433248
-0.016490845155814237
-0.016612101370195226
-0.01673335758457621
-0.0168546137989572
-0.016975870013338185
-0.01709712622771917
-0.01721838244210016
-0.017339638656481145
-0.017460894870862134
-0.017582151085243122
-0.017703407299624108
-0.019886019158481875
-0.02000727537286286
-0.02012853158724385
-0.020249787801624834
-0.020371044016005823
-0.020492300230386812
-0.020613556444767794
-0.020734812659148782
-0.02085606887352977
-0.020977325087910757
-0.021098581302291745
-0.02121983751667273
-0.02134109373105372
-0.021462349945434705
-0.02158360615981569
-0.02170486237419668
-0.021826118588577668
-0.021947374802958653
-0.02291742451800655
-0.02303868073238754
-0.023159936946768524
-0.02328119316114951
-0.023402449375530498
-0.023523705589911483
-0.023644961804292472
-0.02376621801867346
-0.023887474233054446
-0.024008730447435435
-0.02412998666181642
-0.024251242876197406
-0.02497878016248333
-0.025100036376864317
-0.025221292591245302
-0.02534254880562629
-0.025463805020007276
-0.027040135806960106
-0.027161392021341095
-0.027282648235722084
-0.02740390445010307
-0.027525160664484058
-0.027767673093246032
-0.027888929307627017
-0.028010185522008006
-0.02813144173638899
-0.02825269795076998
-0.028373954165150966
-0.028495210379531954
-0.028616466593912943
-0.02873772280829393
-0.028858979022674914
-0.028980235237055903
-0.029101491451436888
-0.029222747665817877
-0.029344003880198862
-0.02946526009457985
-0.02958651630896084
-0.02970777252334182
-0.032981690311628474
-0.03310294652600946
-0.04171213774705954
-0.049715047896204685
-0.05117012246877653
-0.051291378683157515
-0.05141263489753851
-0.051533891111919486
-0.05165514732630048
-0.051776403540681463
-0.05201891596944344
-0.0551715775433491
-0.055292833757730094
-0.05941554504668364
-0.059536801261064635
-0.05965805747544562
-0.05977931368982661
-0.0599005699042076
-0.2796168303625561
-0.2797380865769371
-0.2798593427913181
-0.27998059900569905
-0.2816781860070329
-0.2817994422214139
-0.28192069843579487
-0.2820419546501759
-0.28216321086455687
-0.28228446707893784
-0.28240572329331876
-0.2825269795076998
