0.2942525221644757
0.2944053806175482
0.2956282482421278
0.29578110669520025
0.2959339651482727
0.2960868236013452
0.29700397431977993
0.2971568327728524
0.2973096912259248
0.29746254967899727
0.47752980739834916
0.48410272088046474
0.4842555793335372
0.48440843778660964
0.4845612962396821
0.48471415469275453
0.484867013145827
0.4850198715988995
0.4851727300519719
0.48532558850504437
0.4863955976765516
0.48654845612962405
0.4867013145826965
0.48685417303576894
0.4870070314888414
0.48715988994191384
0.4873127483949863
0.48746560684805873
0.4876184653011312
0.4877713237542037
0.4879241822072761
0.48807704066034857
0.488229899113421
0.48838275756649346
0.4885356160195659
0.48868847447263836
0.4888413329257108
0.4889941913787833
0.48914704983185575
0.4892999082849282
0.48945276673800064
0.48960562519107315
0.4897584836441456
0.48991134209721804
0.4900642005502905
0.49021705900336293
0.49036991745643543
0.4905227759095079
0.4906756343625803
0.4908284928156528
0.4909813512687252
0.49113420972179767
0.4912870681748701
0.49143992662794256
0.491592785081015
0.4917456435340875
0.49189850198715995
0.4920513604402324
0.49220421889330485
0.4923570773463773
0.49250993579944974
0.4926627942525222
0.49281565270559463
0.4929685111586671
0.49312136961173964
0.4932742280648121
0.49342708651788453
0.493579944970957
0.4937328034240294
0.49388566187710187
0.4940385203301743
0.49419137878324676
0.49434423723631926
0.4944970956893917
0.49464995414246415
0.4948028125955366
0.49495567104860905
0.4951085295016815
0.49526138795475394
0.4961785386731887
0.4963313971262611
0.49648425557933357
0.496637114032406
0.49678997248547846
0.4969428309385509
0.49709568939162346
0.4972485478446959
0.49740140629776836
0.4975542647508408
0.49770712320391325
0.4978599816569857
0.4998471415469276
0.5000000000000001
0.5013757260776521
0.5015285845307246
0.501681442983797
0.5018343014368695
0.5019871598899419
0.5021400183430144
0.5022928767960868
0.5024457352491594
0.5073372057474779
0.5074900642005503
0.5076429226536228
0.5077957811066953
0.5079486395597678
0.510088657902782
0.5102415163558545
0.510394374808927
0.48807704066034857
0.488229899113421
0.48838275756649346
0.4885356160195659
0.48868847447263836
0.4888413329257108
0.4889941913787833
0.48914704983185575
0.4892999082849282
0.48945276673800064
0.48960562519107315
0.4897584836441456
0.4975542647508408
0.49770712320391325
0.4978599816569857
0.49801284011005814
0.4981656985631306
0.49831855701620303
0.49847141546927554
0.498624273922348
0.49877713237542043
0.4989299908284929
0.500305716906145
0.5004585753592175
0.5006114338122899
0.5007642922653623
0.5009171507184348
0.5010700091715072
0.5012228676245797
0.26566799143992664
0.2658208498929991
0.2659737083460716
0.26612656679914404
0.3931519413023541
0.39330479975542654
0.393457658208499
0.39361051666157143
0.3937633751146439
0.3939162335677163
0.3940690920207888
0.39422195047386127
0.3994191378783247
0.3995719963313972
0.3997248547844696
0.39987771323754207
0.4000305716906145
0.40018343014368696
0.4003362885967594
0.40048914704983185
0.4006420055029043
0.41455212473249775
0.4171507184347295
0.43656374197493125
0.4367166004280037
0.43732803424029354
0.437480892693366
0.43763375114643843
0.46163252827881385
0.4617853867318863
0.46193824518495874
0.4620911036380312
0.46224396209110374
0.4623968205441762
0.46254967899724864
0.4627025374503211
0.46285539590339353
0.463008254356466
0.4631611128095384
0.46331397126261087
0.4634668297156833
0.4636196881687558
0.46377254662182826
0.4639254050749007
0.46407826352797316
0.4642311219810456
0.46438398043411805
0.4645368388871905
0.46468969734026294
0.4648425557933354
0.4649954142464079
0.46514827269948034
0.4653011311525528
0.46545398960562523
0.4656068480586977
0.4657597065117701
0.473096912259248
0.47324977071232044
0.4734026291653929
0.47355548761846533
0.4737083460715378
0.4738612045246102
0.47401406297768267
0.4741669214307551
0.4758483644145522
0.47600122286762464
0.4761540813206971
0.47630693977376953
0.476459798226842
0.4766126566799144
0.4767655151329869
0.4769183735860593
0.4770712320391318
0.47722409049220427
0.4773769489452767
0.47752980739834916
0.4776826658514216
0.47783552430449405
0.4779883827575665
0.47814124121063895
0.4782940996637115
0.47844695811678395
0.4785998165698564
0.47875267502292884
0.4789055334760013
0.47905839192907373
0.4792112503821462
0.4793641088352186
0.4795169672882911
0.4796698257413636
0.479822684194436
0.47997554264750847
0.4801284011005809
0.48028125955365336
0.4804341180067258
0.48058697645979825
0.4807398349128707
0.48089269336594315
0.48104555181901565
0.4811984102720881
0.48135126872516054
0.481504127178233
0.4839498624273923
0.48410272088046474
0.4842555793335372
0.48440843778660964
0.4845612962396821
0.48471415469275453
0.484867013145827
0.4850198715988995
0.4851727300519719
0.48532558850504437
0.4854784469581168
0.48563130541118926
0.4857841638642617
0.48593702231733416
0.48608988077040666
0.4862427392234791
0.4863955976765516
0.48654845612962405
0.4867013145826965
0.48685417303576894
0.4870070314888414
0.48715988994191384
0.4873127483949863
0.48746560684805873
0.4876184653011312
0.4877713237542037
0.4879241822072761
0.48807704066034857
0.488229899113421
0.48838275756649346
0.4885356160195659
0.48868847447263836
0.4888413329257108
0.4889941913787833
0.48914704983185575
0.4892999082849282
0.48945276673800064
0.48960562519107315
0.4897584836441456
0.48991134209721804
0.4900642005502905
0.49021705900336293
0.49036991745643543
0.4905227759095079
0.4906756343625803
0.5050443289513911
0.5051971874044635
0.505350045857536
0.5055029043106084
0.5056557627636808
0.5058086212167533
0.5059614796698257
0.5061143381228982
0.5981351268725161
0.5982879853255886
0.598440843778661
0.5985937022317335
0.5987465606848059
0.5988994191378784
0.5990522775909508
0.5992051360440233
0.5993579944970957
0.5995108529501681
0.6025680220116173
0.6027208804646897
0.6028737389177622
0.6030265973708346
0.6031794558239071
0.3463772546621829
0.34653011311525533
0.3466829715683278
0.3468358300214002
0.3469886884744727
0.3479058391929074
0.3772546621828187
0.39620911036380313
0.3963619688168756
0.396514827269948
0.39666768572302047
0.396820544176093
0.3969734026291655
0.3977376948945277
0.5123815346988689
0.5125343931519414
0.5126872516050138
0.5128401100580863
0.5129929685111587
0.5132986854173036
0.5134515438703761
0.5136044023234485
0.513757260776521
0.5139101192295934
0.5140629776826658
0.5142158361357383
0.5143686945888107
0.5145215530418833
0.5146744114949557
0.5148272699480282
0.5149801284011006
0.5151329868541731
0.5152858453072455
0.5194130235402018
0.5195658819932742
0.5197187404463467
0.5198715988994193
0.5200244573524917
0.5201773158055641
0.5203301742586366
0.520483032711709
0.5206358911647815
0.5207887496178539
0.5209416080709264
0.5210944665239988
0.5212473249770713
0.5214001834301437
0.5215530418832162
0.5217059003362886
0.521858758789361
0.5227759095077958
0.5229287679608683
0.5230816264139407
0.5232344848670132
0.5233873433200856
0.5235402017731581
0.5236930602262305
0.5238459186793031
0.5239987771323755
0.524151635585448
0.5243044940385204
0.5244573524915929
0.5246102109446653
0.5247630693977378
0.5249159278508102
0.5250687863038827
0.5252216447569551
0.5253745032100275
0.5255273616631
0.5301131152552736
0.530265973708346
0.5304188321614185
0.530571690614491
0.5307245490675635
0.530877407520636
0.5666462855395904
0.5667991439926628
0.5669520024457353
0.5671048608988077
0.5672577193518802
0.5674105778049526
0.5675634362580251
0.5677162947110975
0.56786915316417
0.5680220116172425
0.5762763680831551
0.5764292265362275
0.5765820849893
0.5767349434423724
0.5768878018954449
0.5770406603485173
0.5771935188015898
0.5773463772546623
0.5774992357077348
0.5776520941608072
0.5794863955976766
0.579639254050749
0.5797921125038215
0.5799449709568939
0.5865178844390095
0.586670742892082
0.5901864873127485
0.5903393457658209
0.5966065423417916
0.5975236930602263
0.5976765515132988
0.5978294099663712
0.5979822684194437
0.5981351268725161
0.5982879853255886
0.6016508712931826
0.6018037297462551
0.6019565881993275
0.6021094466524
0.6022623051054724
0.6024151635585449
0.6031794558239071
0.6033323142769795
0.603485172730052
0.6036380311831244
0.6037908896361969
0.6039437480892693
0.6040966065423419
0.6042494649954143
0.6044023234484868
0.6045551819015592
0.6047080403546317
0.6048608988077041
0.6050137572607766
0.605166615713849
0.6053194741669214
0.605472332619994
0.6056251910730664
0.6057780495261389
0.6059309079792113
0.6060837664322838
0.6062366248853562
0.6063894833384287
0.6065423417915011
0.6066952002445736
0.606848058697646
0.6070009171507185
0.6071537756037909
0.6073066340568634
0.6074594925099358
0.6076123509630083
0.6091409354937328
0.6099052277590952
0.6100580862121676
0.6102109446652401
0.6103638031183125
0.610516661571385
0.6106695200244574
0.6108223784775298
0.6109752369306023
0.6111280953836747
0.6112809538367472
0.6219810455518191
0.6221339040048915
0.622286762457964
0.6224396209110364
0.6225924793641089
0.6227453378171813
0.6228981962702539
0.6230510547233263
0.6232039131763988
0.6233567716294712
0.6235096300825437
0.6236624885356161
0.6238153469886886
0.623968205441761
0.6241210638948335
0.6251910730663406
0.625343931519413
0.6259553653317029
0.6261082237847754
0.6262610822378479
0.6264139406909203
0.6265667991439928
0.6267196575970652
0.6268725160501377
0.62702537450321
0.6271782329562826
0.627331091409355
0.6274839498624275
0.6276368083155
0.6277896667685724
0.6279425252216448
0.6280953836747173
0.6282482421277897
0.6284011005808622
0.6285539590339346
0.6299296851115868
0.6300825435646591
0.6302354020177316
0.6351268725160503
0.6352797309691226
0.6372668908590646
0.637419749312137
0.6395597676551514
0.6397126261082239
0.6398654845612963
0.6400183430143688
0.6401712014674412
0.6403240599205137
0.6404769183735861
0.6406297768266586
0.640782635279731
0.6409354937328035
0.641088352185876
0.683430143686946
0.6835830021400183
0.6837358605930909
0.6838887190461633
0.6840415774992358
0.6841944359523082
0.6843472944053807
0.6845001528584531
0.6846530113115256
0.684805869764598
0.6849587282176705
0.6851115866707429
0.6852644451238155
0.6854173035768879
0.6855701620299604
0.6857230204830328
0.6858758789361052
0.6860287373891777
0.6861815958422501
0.6863344542953227
0.686487312748395
0.6866401712014676
0.6867930296545399
0.6869458881076125
0.6870987465606848
0.6872516050137574
0.6874044634668297
0.6875573219199023
0.6877101803729747
0.6878630388260472
0.6880158972791196
0.688168755732192
0.6883216141852645
0.6884744726383369
0.6886273310914094
0.6887801895444818
0.6991745643534087
0.6993274228064813
0.6994802812595536
0.6996331397126262
0.6997859981656988
0.6999388566187711
0.7000917150718436
0.700244573524916
0.7003974319779885
0.7005502904310609
0.7007031488841334
0.7008560073372058
0.7010088657902783
0.7011617242433508
0.7013145826964232
0.7014674411494957
0.7016202996025681
0.7017731580556406
0.701926016508713
0.7020788749617854
0.7022317334148579
0.7023845918679303
0.7025374503210029
0.7059003362885968
0.7060531947416693
0.7062060531947417
0.7063589116478142
0.7065117701008866
0.7066646285539592
0.7068174870070315
0.7069703454601041
0.7071232039131764
0.707276062366249
0.7074289208193213
0.7075817792723939
0.7077346377254664
0.7078874961785387
0.7080403546316113
0.7081932130846836
0.7083460715377562
0.7084989299908285
0.7086517884439011
0.7907367777438093
0.5132986854173036
0.5134515438703761
0.5136044023234485
0.513757260776521
0.5139101192295934
0.5140629776826658
0.5142158361357383
0.5143686945888107
0.5145215530418833
0.5160501375726079
0.5162029960256803
0.5163558544787528
0.5165087129318252
0.5166615713848977
0.5168144298379701
0.5169672882910425
0.517120146744115
0.5172730051971874
0.5174258636502599
0.5175787221033323
0.5177315805564048
0.5178844390094772
0.5180372974625497
0.5181901559156221
0.5183430143686946
0.5184958728217671
0.5186487312748396
0.518801589727912
0.5189544481809845
0.5191073066340569
0.5192601650871294
0.5194130235402018
0.5195658819932742
0.5197187404463467
0.5198715988994193
0.5200244573524917
0.5201773158055641
0.5243044940385204
0.5244573524915929
0.5246102109446653
0.5247630693977378
0.5249159278508102
0.5258330785692449
0.5259859370223173
0.5261387954753898
0.5262916539284622
0.5287373891776216
0.528890247630694
0.5290431060837665
0.5291959645368389
0.5293488229899114
0.5295016814429838
0.5296545398960563
0.5299602568022012
0.530265973708346
0.5304188321614185
0.530571690614491
0.5307245490675635
0.530877407520636
0.5328645674105779
0.5330174258636503
0.5331702843167228
0.5519718740446348
0.5521247324977072
0.5522775909507797
0.5524304494038521
0.5525833078569246
0.552736166309997
0.5528890247630694
0.5530418832161419
0.5536533170284318
0.5538061754815042
0.5539590339345767
0.5541118923876491
0.5542647508407216
0.554417609293794
0.5545704677468665
0.5547233261999389
0.5548761846530114
0.5567104860898808
0.5629776826658515
0.5631305411189239
0.5632833995719964
0.564506267196576
0.5646591256496485
0.5648119841027209
0.5706206053194742
0.5707734637725467
0.5709263222256191
0.5710791806786916
0.571232039131764
0.5713848975848365
0.5747477835524305
0.574900642005503
0.5750535004585754
0.5752063589116478
0.5753592173647203
0.5755120758177927
0.5756649342708652
0.5923265056557628
0.5924793641088353
0.5926322225619077
0.5943136655457048
0.5944665239987772
0.5946193824518496
0.5947722409049221
0.5949250993579945
0.595077957811067
0.5958422500764292
0.5959951085295017
0.5964536838887191
0.5966065423417916
0.596759400794864
0.6065423417915011
0.6066952002445736
0.606848058697646
0.6070009171507185
0.6071537756037909
0.6073066340568634
0.6074594925099358
0.6076123509630083
0.6077652094160807
0.6079180678691531
0.6080709263222257
0.6082237847752981
0.6083766432283706
0.608529501681443
0.7237847752980741
0.7239376337511466
0.7269948028125957
0.727147661265668
0.7273005197187405
0.7274533781718129
0.7276062366248854
0.7277590950779578
0.7279119535310303
0.7280648119841029
0.7282176704371752
0.728829104249465
0.7289819627025376
0.72913482115561
0.7292876796086825
0.7294405380617549
0.7295933965148274
0.7485478446958117
0.7487007031488843
0.7488535616019566
0.7490064200550292
0.7491592785081015
0.749312136961174
0.7525221644756956
0.752675022928768
0.7528278813818405
0.7529807398349129
0.7531335982879854
0.7532864567410579
0.7974625496789974
0.7976154081320698
0.7977682665851423
0.7979211250382147
0.7980739834912872
0.7982268419443596
0.7983797003974321
0.7985325588505044
0.798685417303577
0.7988382757566495
0.7989911342097219
0.7991439926627943
0.7992968511158668
0.7994497095689392
0.8026597370834607
0.8028125955365333
0.8029654539896057
0.8031183124426782
0.8032711708957506
0.8041883216141853
0.8043411800672579
0.8044940385203302
0.8046468969734027
0.8047997554264751
0.8049526138795476
0.80510547233262
0.8052583307856925
0.8054111892387651
0.8055640476918374
0.80571690614491
0.8165698563130541
0.8167227147661267
0.816875573219199
0.8381228981962704
0.8382757566493427
0.8384286151024153
0.8385814735554876
0.8387343320085602
0.8388871904616326
0.8390400489147051
0.8391929073677776
0.83934576582085
0.8394986242739225
0.8396514827269949
0.8398043411800674
0.8399571996331398
0.8401100580862123
0.8402629165392848
0.8404157749923572
0.8405686334454296
0.8419443595230818
0.8420972179761541
0.8422500764292267
0.5158972791195354
0.5160501375726079
0.5162029960256803
0.5163558544787528
0.5165087129318252
0.517120146744115
0.5178844390094772
0.5180372974625497
0.5181901559156221
0.5206358911647815
0.5207887496178539
0.5209416080709264
0.5210944665239988
0.522470192601651
0.5226230510547234
0.5227759095077958
0.5229287679608683
0.5230816264139407
0.5232344848670132
0.5233873433200856
0.5554876184653011
0.5680220116172425
0.568174870070315
0.5683277285233874
0.5718434729440538
0.5719963313971264
0.5721491898501988
0.5723020483032712
0.5724549067563437
0.5726077652094161
0.5727606236624886
0.572913482115561
0.5730663405686335
0.5733720574747785
0.7178232956282483
0.7179761540813208
0.7181290125343932
0.7182818709874657
0.7184347294405382
0.7211861815958424
0.7213390400489148
0.7214918985019872
0.7216447569550597
0.7217976154081321
0.7219504738612046
0.722103332314277
0.7222561907673495
0.7224090492204219
0.7225619076734945
0.7227147661265668
0.7228676245796394
0.7230204830327117
0.7231733414857843
0.7233261999388566
0.7234790583919292
0.7236319168450015
0.7237847752980741
0.7239376337511466
0.724090492204219
0.7250076429226536
0.7251605013757262
0.7265362274533782
0.7266890859064508
0.7268419443595231
0.7269948028125957
0.727147661265668
0.7273005197187405
0.7274533781718129
0.7276062366248854
0.7277590950779578
0.7279119535310303
0.7280648119841029
0.7282176704371752
0.7283705288902478
0.7285233873433201
0.7286762457963927
0.728829104249465
0.7289819627025376
0.72913482115561
0.7292876796086825
0.7294405380617549
0.7295933965148274
0.7297462549678998
0.7305105472332621
0.7306634056863345
0.730816264139407
0.7309691225924794
0.7311219810455519
0.7331091409354938
0.7332619993885663
0.7334148578416387
0.7516050137572607
0.7517578722103333
0.7519107306634059
0.7520635891164782
0.7522164475695508
0.7523693060226231
0.7529807398349129
0.7531335982879854
0.7532864567410579
0.7534393151941303
0.7535921736472028
0.7537450321002752
0.7538978905533477
0.7621522470192602
0.7623051054723327
0.7624579639254052
0.7645979822684196
0.7647508407214919
0.7649036991745645
0.7759095077957812
0.7760623662488537
0.776215224701926
0.7999082849281566
0.800061143381229
0.8002140018343016
0.8003668602873739
0.8005197187404465
0.8006725771935188
0.8008254356465914
0.8009782940996637
0.8011311525527363
0.8012840110058086
0.8014368694588812
0.80510547233262
0.8052583307856925
0.8054111892387651
0.8055640476918374
0.80571690614491
0.8058697645979823
0.8060226230510549
0.8061754815041272
0.8063283399571998
0.8064811984102721
0.8066340568633447
0.8067869153164171
0.8069397737694896
0.807092632222562
0.8072454906756344
0.8073983491287069
0.8075512075817793
0.9668297156832774
0.9669825741363498
0.9671354325894223
0.9672882910424948
0.9674411494955671
0.9675940079486397
0.967746866401712
0.9695811678385816
0.969734026291654
0.9698868847447265
0.970039743197799
0.9701926016508714
0.9703454601039438
0.9704983185570163
0.9706511770100887
0.9708040354631612
0.9709568939162336
0.9711097523693061
0.9712626108223785
0.9714154692754511
0.9715683277285234
0.971721186181596
0.9718740446346683
0.9720269030877409
0.9721797615408133
0.9975542647508409
0.9977071232039132
0.9978599816569858
0.9980128401100581
0.5169672882910425
0.517120146744115
0.5175787221033323
0.5177315805564048
0.5178844390094772
0.5180372974625497
0.5181901559156221
0.5612962396820546
0.561449098135127
0.5619076734943443
0.5620605319474168
0.5622133904004892
0.5623662488535617
0.5625191073066341
0.5626719657597066
0.562824824212779
0.5629776826658515
0.5631305411189239
0.5632833995719964
0.5634362580250688
0.5724549067563437
0.5726077652094161
0.7169061449098136
0.717059003362886
0.7172118618159585
0.717364720269031
0.7175175787221034
0.7176704371751759
0.7188933047997554
0.719046163252828
0.7191990217059003
0.7193518801589729
0.7195047386120452
0.7196575970651178
0.7198104555181903
0.7199633139712627
0.7201161724243352
0.7202690308774076
0.7204218893304801
0.7205747477835525
0.720727606236625
0.7208804646896974
0.7210333231427699
0.7211861815958424
0.7213390400489148
0.7214918985019872
0.7216447569550597
0.7217976154081321
0.7219504738612046
0.722103332314277
0.7222561907673495
0.7224090492204219
0.7225619076734945
0.7227147661265668
0.7228676245796394
0.7230204830327117
0.7231733414857843
0.7233261999388566
0.7234790583919292
0.7236319168450015
0.7237847752980741
0.7239376337511466
0.724090492204219
0.7242433506572915
0.7243962091103638
0.7245490675634364
0.7247019260165087
0.7248547844695813
0.7250076429226536
0.7251605013757262
0.7253133598287986
0.7254662182818711
0.7266890859064508
0.7268419443595231
0.7269948028125957
0.727147661265668
0.7273005197187405
0.7274533781718129
0.7276062366248854
0.7277590950779578
0.7279119535310303
0.7280648119841029
0.7282176704371752
0.7283705288902478
0.7285233873433201
0.7286762457963927
0.728829104249465
0.7289819627025376
0.72913482115561
0.7292876796086825
0.7294405380617549
0.7303576887801896
0.730816264139407
0.7309691225924794
0.7311219810455519
0.7312748394986243
0.7314276979516968
0.7315805564047692
0.7323448486701315
0.7324977071232041
0.7326505655762764
0.7520635891164782
0.7522164475695508
0.7523693060226231
0.7525221644756956
0.752675022928768
0.7528278813818405
0.7529807398349129
0.7531335982879854
0.7532864567410579
0.7537450321002752
0.7538978905533477
0.7540507490064201
0.7542036074594926
0.754356465912565
0.7545093243656374
0.75466218281871
0.7548150412717823
0.7549678997248549
0.7618465301131153
0.8006725771935188
0.8008254356465914
0.8009782940996637
0.8011311525527363
0.8012840110058086
0.8014368694588812
0.8015897279119537
0.801742586365026
0.8018954448180986
0.8020483032711709
0.8022011617242435
0.8023540201773158
0.8025068786303884
0.8026597370834607
0.8028125955365333
0.8072454906756344
0.8073983491287069
0.8075512075817793
0.8077040660348518
0.8078569244879242
0.8080097829409967
0.8081626413940692
0.8083154998471416
0.8084683583002141
0.8086212167532865
0.808774075206359
0.8764903699174565
0.876643228370529
0.8767960868236014
0.8769489452766739
0.8771018037297463
0.8772546621828188
0.9234179150107003
0.9235707734637726
0.9237236319168451
0.9269336594313666
0.9270865178844391
0.9272393763375116
0.927392234790584
0.9393151941302356
0.9394680525833079
0.9396209110363805
0.9397737694894528
0.9399266279425254
0.9400794863955977
0.9402323448486702
0.9403852033017426
0.9405380617548151
0.9406909202078877
0.9555181901559158
0.9556710486089881
0.9558239070620607
0.955976765515133
0.9561296239682056
0.9672882910424948
0.9674411494955671
0.9675940079486397
0.967746866401712
0.9678997248547846
0.9680525833078569
0.9682054417609295
0.9683583002140018
0.9685111586670744
0.9686640171201469
0.9688168755732193
0.9689697340262918
0.9691225924793642
0.9692754509324367
0.9694283093855091
0.9695811678385816
0.969734026291654
0.9698868847447265
0.970039743197799
0.9701926016508714
0.9703454601039438
0.9704983185570163
0.9706511770100887
0.9708040354631612
0.9709568939162336
0.9711097523693061
0.9712626108223785
0.9714154692754511
0.9715683277285234
0.971721186181596
0.9718740446346683
0.9720269030877409
0.9721797615408133
0.32405992051360444
0.3242127789666769
0.32436563741974933
0.7202690308774076
0.7204218893304801
0.7205747477835525
0.720727606236625
0.7213390400489148
0.7214918985019872
0.7216447569550597
0.7217976154081321
0.7219504738612046
0.722103332314277
0.7222561907673495
0.7224090492204219
0.7225619076734945
0.7227147661265668
0.7228676245796394
0.7303576887801896
0.7305105472332621
0.7306634056863345
0.7309691225924794
0.7311219810455519
0.7312748394986243
0.7314276979516968
0.7315805564047692
0.7612350963008255
0.761387954753898
0.7723937633751147
0.7725466218281872
0.7726994802812596
0.7728523387343321
0.7730051971874045
0.7991439926627943
0.7992968511158668
0.7994497095689392
0.7996025680220117
0.7997554264750841
0.7999082849281566
0.800061143381229
0.8002140018343016
0.8003668602873739
0.8005197187404465
0.8006725771935188
0.8008254356465914
0.8009782940996637
0.8011311525527363
0.8012840110058086
0.8014368694588812
0.8015897279119537
0.801742586365026
0.8018954448180986
0.8020483032711709
0.8022011617242435
0.8023540201773158
0.8025068786303884
0.8026597370834607
0.8028125955365333
0.8029654539896057
0.8086212167532865
0.808774075206359
0.8089269336594314
0.8234484867013147
0.8236013451543871
0.8764903699174565
0.876643228370529
0.8767960868236014
0.8769489452766739
0.8771018037297463
0.9228064811984104
0.9229593396514828
0.9231121981045554
0.9232650565576277
0.9234179150107003
0.9235707734637726
0.9237236319168451
0.9238764903699175
0.92402934882299
0.9241822072760624
0.9243350657291349
0.9244879241822075
0.9246407826352798
0.9247936410883524
0.9249464995414247
0.9250993579944973
0.9252522164475696
0.9254050749006422
0.9255579333537145
0.9680525833078569
0.9682054417609295
0.9683583002140018
0.9685111586670744
0.9686640171201469
0.9688168755732193
0.9689697340262918
0.9691225924793642
0.9692754509324367
0.2546621828187099
0.25481504127178234
0.3223784775298074
0.32253133598287986
0.3343014368694589
0.34072149189850204
0.3408743503515745
0.34102720880464693
0.3411800672577194
0.3413329257107918
0.3445429532253134
0.34469581167838587
0.3448486701314583
0.34500152858453076
0.3451543870376032
0.34530724549067565
0.5470804035463162
0.5472332619993886
0.547386120452461
0.5476918373586059
0.5478446958116785
0.5479975542647509
0.5481504127178234
0.5483032711708958
0.5498318557016204
0.5542647508407216
0.554417609293794
0.698563130541119
0.6987159889941915
0.6988688474472639
0.6990217059003364
0.7302048303271171
0.7555793335371447
0.7557321919902171
0.7558850504432896
0.7560379088963621
0.7561907673494345
0.756343625802507
0.7564964842555794
0.7566493427086519
0.7568022011617243
0.7607765209416082
0.7609293793946805
0.7610822378477531
0.7612350963008255
0.7716294711097524
0.7717823295628249
0.7723937633751147
0.7837052889024764
0.7838581473555488
0.9894527667380006
0.9896056251910732
0.9897584836441455
0.23570773463772549
0.25191073066340575
0.25252216447569553
0.30403546316111285
0.3041883216141853
0.30434118006725774
0.3044940385203302
0.30464689697340264
0.30479975542647514
0.3049526138795476
0.30510547233262003
0.3052583307856925
0.3054111892387649
0.30556404769183737
0.3057169061449098
0.30586976459798226
0.30602262305105477
0.3061754815041272
0.30632833995719966
0.3064811984102721
0.30663405686334455
0.30678691531641705
0.3069397737694895
0.30709263222256195
0.3072454906756344
0.5386731886273312
0.5388260470804036
0.538978905533476
-0.181442983797004
-0.18159584225007644
-0.1817487007031489
-0.18251299296851117
-0.18266585142158362
-0.18281870987465607
-0.18297156832772857
-0.18312442678080101
-0.18327728523387346
-0.1834301436869459
-0.18358300214001835
-0.18373586059309083
-0.18388871904616327
-0.18404157749923572
-0.18419443595230817
-0.18434729440538064
-0.1845001528584531
-0.18465301131152553
-0.18480586976459798
-0.18495872821767048
-0.18511158667074293
-0.18526444512381537
-0.18541730357688782
-0.3041883216141853
-0.30434118006725774
-0.30464689697340264
-0.5565576276368084
-0.05594619382451851
-0.056099052277590954
-0.05625191073066341
-0.18251299296851117
-0.18266585142158362
-0.18281870987465607
-0.18297156832772857
-0.18312442678080101
-0.18327728523387346
-0.1834301436869459
-0.18358300214001835
-0.18419443595230817
-0.18434729440538064
-0.18465301131152553
-0.18480586976459798
-0.18495872821767048
-0.18511158667074293
-0.18526444512381537
-0.3041883216141853
-0.30434118006725774
-0.3044940385203302
-0.054417609293793946
-0.05472332619993886
-0.23907062060531947
-0.23922347905839197
-0.23937633751146442
-0.23952919596453687
-0.2396820544176093
-0.2398349128706818
-0.23998777132375423
-0.24014062977682668
-0.24029348822989913
-0.24044634668297157
-0.24059920513604405
-0.2407520635891165
-0.24090492204218894
-0.2410577804952614
-0.2412106389483339
-0.24136349740140634
-0.24151635585447878
-0.5428003668602874
-0.5429532253133599
-0.5431060837664323
-0.5432589422195048
-0.5434118006725772
-0.5435646591256497
-0.5437175175787221
-0.5438703760317947
-0.5440232344848671
-0.5577804952613881
-0.05029043106083767
-0.050443289513910125
-0.050596147966982585
-0.05074900642005503
-0.050901864873127485
-0.05105472332619994
-0.0512075817792724
-0.05136044023234485
-0.051513298685417305
-0.051666157138489766
-0.05181901559156222
-0.05197187404463467
-0.05212473249770713
-0.052277590950779586
-0.05243044940385204
-0.05258330785692449
-0.052736166309996946
-0.0528890247630694
-0.05304188321614186
-0.05319474166921431
-0.053347600122286766
-0.053500458575359226
-0.05365331702843168
-0.05380617548150413
-0.05395903393457659
-0.054111892387649047
-0.05426475084072149
-0.054417609293793946
-0.054570467746866406
-0.05472332619993886
-0.05487618465301131
-0.05502904310608377
-0.05518190155915623
-0.05533476001222868
-0.05548761846530114
-0.055640476918373594
-0.05579333537144605
-0.060990522775909516
-0.06114338122898197
-0.06129623968205443
-0.061449098135126876
-0.06160195658819933
-0.06175481504127179
-0.06190767349434424
-0.062060531947416696
-0.062213390400489156
-0.06236624885356161
-0.06251910730663407
-0.06267196575970652
-0.06282482421277898
-0.06297768266585144
-0.06313054111892388
-0.06328339957199633
-0.06343625802506879
-0.06358911647814125
-0.049220421889330485
-0.04937328034240294
-0.04952613879547539
-0.04967899724854785
-0.049831855701620305
-0.04998471415469276
-0.05013757260776522
-0.05029043106083767
-0.050443289513910125
-0.050596147966982585
-0.05074900642005503
-0.050901864873127485
-0.05105472332619994
-0.0512075817792724
-0.05136044023234485
-0.051513298685417305
-0.051666157138489766
-0.05181901559156222
-0.05197187404463467
-0.05212473249770713
-0.052277590950779586
-0.05243044940385204
-0.05258330785692449
-0.052736166309996946
-0.0528890247630694
-0.05304188321614186
-0.05319474166921431
-0.053347600122286766
-0.053500458575359226
-0.05365331702843168
-0.05380617548150413
-0.05395903393457659
-0.054111892387649047
-0.05426475084072149
-0.054417609293793946
-0.054570467746866406
-0.05472332619993886
-0.05487618465301131
-0.05502904310608377
-0.05518190155915623
-0.05533476001222868
-0.05548761846530114
-0.060226230510547235
-0.060379088963619695
-0.06053194741669215
-0.0606848058697646
-0.06083766432283706
-0.060990522775909516
-0.06114338122898197
-0.06129623968205443
-0.061449098135126876
-0.06160195658819933
-0.06175481504127179
-0.06190767349434424
-0.062060531947416696
-0.062213390400489156
-0.06236624885356161
-0.06251910730663407
-0.06267196575970652
-0.06282482421277898
-0.06297768266585144
-0.06313054111892388
-0.06328339957199633
-0.06343625802506879
-0.06358911647814125
-0.0637419749312137
-0.06389483338428616
-0.06404769183735862
-0.06420055029043106
-0.06435340874350352
-0.06450626719657598
-0.06465912564964843
-0.06481198410272089
-0.06496484255579334
-0.0651177010088658
-0.06527055946193824
-0.0654234179150107
-0.29119535310302663
-0.2963925405074901
-0.29654539896056253
-0.29669825741363504
-0.2968511158667075
-0.29700397431977993
-0.2980739834912871
-0.29822684194435956
-0.298379700397432
-0.30021400183430147
-0.3003668602873739
-0.30051971874044636
-0.3006725771935188
-0.3008254356465913
-0.30097829409966376
-0.3011311525527362
-0.30158972791195354
-0.301742586365026
-0.30189544481809844
-0.30204830327117094
-0.3031183124426781
-0.30327117089575056
-0.303424029348823
-0.30357688780189546
-0.3037297462549679
-0.30388260470804035
-0.30403546316111285
-0.3041883216141853
-0.30434118006725774
-0.3044940385203302
-0.30464689697340264
-0.30479975542647514
-0.3049526138795476
-0.30510547233262003
-0.30556404769183737
-0.3057169061449098
-0.30586976459798226
-0.30602262305105477
-0.3061754815041272
-0.30632833995719966
-0.3184041577499236
-0.31855701620299604
-0.3187098746560685
-0.31886273310914093
-0.3190155915622134
-0.31916845001528593
-0.3193213084683584
-0.3194741669214308
-0.31962702537450327
-0.3197798838275757
-0.31993274228064816
-0.3200856007337206
-0.32023845918679306
-0.3203913176398655
-0.320544176092938
-0.5406603485172731
-0.5408132069703455
-0.5415774992357077
-0.5417303576887802
-0.546010394374809
-0.5461632528278815
-0.5463161112809539
-0.5469275450932437
-0.5470804035463162
-0.5472332619993886
-0.547386120452461
-0.5475389789055335
-0.5476918373586059
-0.5478446958116785
-0.5479975542647509
-0.5481504127178234
-0.5483032711708958
-0.5484561296239683
-0.025374503210027516
-0.3011311525527362
-0.30128401100580865
-0.3014368694588811
-0.30158972791195354
-0.301742586365026
-0.30189544481809844
-0.30204830327117094
-0.3022011617242434
-0.30235402017731583
-0.3025068786303883
-0.3026597370834607
-0.3028125955365332
-0.30296545398960567
-0.3031183124426781
-0.303424029348823
-0.30357688780189546
-0.3041883216141853
-0.30434118006725774
-0.3044940385203302
-0.30464689697340264
-0.30479975542647514
-0.3077040660348518
-0.3080097829409967
-0.3081626413940691
-0.32161418526444513
-0.32176704371751763
-0.3232956282482422
-0.32344848670131465
-0.3236013451543871
-0.32375420360745955
-0.323907062060532
-0.32405992051360444
-0.5486089880770407
-0.5487618465301132
-0.5489147049831856
-0.5490675634362581
-0.5492204218893306
-0.5493732803424031
-0.5510547233262
-0.5530418832161419
-0.5531947416692143
-0.5533476001222869
-0.5535004585753593
-0.5536533170284318
-0.5538061754815042
-0.5539590339345767
-0.5541118923876491
-0.5542647508407216
-0.554417609293794
-0.5545704677468665
-0.555793335371446
-0.5559461938245186
-0.5571690614490982
-0.5573219199021707
-0.5574747783552432
-0.5576276368083156
-0.5577804952613881
-0.5597676551513299
-0.5599205136044024
-0.021247324977071234
-0.021400183430143688
-0.021553041883216145
-0.022164475695505965
-0.022317334148578418
-0.022470192601650875
-0.02262305105472333
-0.02277590950779578
-0.02292876796086824
-0.02308162641394069
-0.02323448486701315
-0.023387343320085605
-0.02354020177315806
-0.023693060226230512
-0.02384591867930297
-0.023998777132375422
-0.02415163558544788
-0.024304494038520336
-0.024457352491592785
-0.024610210944665242
-0.024763069397737696
-0.024915927850810152
-0.02506878630388261
-0.025221644756955063
-0.03959033934576583
-0.03974319779883828
-0.03989605625191074
-0.04004891470498319
-0.04020177315805564
-0.15331702843167228
-0.5542647508407216
-0.554417609293794
-0.02308162641394069
-0.02323448486701315
-0.023387343320085605
-0.02354020177315806
-0.023693060226230512
-0.02384591867930297
-0.023998777132375422
-0.02415163558544788
-0.024763069397737696
-0.024915927850810152
-0.02506878630388261
-0.025221644756955063
-0.025374503210027516
-0.02552736166309997
-0.025680220116172426
-0.025833078569244883
-0.0264445123815347
-0.026597370834607156
-0.026750229287679613
