0.523642047674873
0.5237723068907125
0.523902566106552
0.5240328253223915
0.5314576006252442
0.5315878598410837
0.5317181190569232
0.5326299335677999
0.5327601927836394
0.5328904519994789
0.5330207112153184
0.5331509704311579
0.5332812296469974
0.533411488862837
0.5335417480786765
0.5409665233815292
0.5410967825973688
0.5412270418132082
0.5413573010290477
0.5414875602448873
0.5416178194607267
0.5417480786765664
0.5418783378924058
0.5420085971082454
0.5421388563240849
0.5422691155399244
0.5423993747557639
0.5425296339716034
0.542659893187443
0.5430506708349615
0.543180930050801
0.5433111892666406
0.54344144848248
0.5435717076983196
0.5437019669141591
0.5438322261299987
0.5439624853458381
0.5440927445616778
0.5442230037775172
0.5443532629933567
0.5444835222091963
0.5446137814250357
0.5447440406408753
0.5448742998567148
0.5450045590725544
0.5451348182883938
0.5452650775042334
0.5453953367200729
0.5455255959359124
0.545655855151752
0.5457861143675914
0.545916373583431
0.5460466327992705
0.54617689201511
0.5463071512309495
0.5464374104467891
0.5465676696626286
0.546697928878468
0.5468281880943077
0.5469584473101471
0.5470887065259867
0.5477400026051843
0.5478702618210237
0.5480005210368634
0.5481307802527028
0.5482610394685423
0.5483912986843819
0.5485215579002214
0.5486518171160609
0.5487820763319005
0.54891233554774
0.5490425947635794
0.5491728539794191
0.5493031131952585
0.549433372411098
0.5495636316269376
0.5496938908427771
0.5498241500586166
0.549954409274456
0.5500846684902957
0.5502149277061351
0.5503451869219746
0.5504754461378142
0.5506057053536537
0.5507359645694933
0.5508662237853328
0.5509964830011723
0.5511267422170117
0.5512570014328513
0.5513872606486908
0.5515175198645303
0.5516477790803699
0.5517780382962094
0.551908297512049
0.5520385567278885
0.5580304806565064
0.5581607398723459
0.5582909990881855
0.561938257131692
0.5620685163475315
0.5621987755633711
0.5623290347792105
0.5624592939950501
0.5625895532108895
0.56519473752768
0.5653249967435195
0.5654552559593591
0.5655855151751985
0.5657157743910382
0.5658460336068776
0.5659762928227172
0.5661065520385566
0.5662368112543963
0.5664973296860751
0.5666275889019148
0.5667578481177542
0.5668881073335938
0.5670183665494333
0.5671486257652729
0.5672788849811123
0.567409144196952
0.5675394034127914
0.5676696626286308
0.5677999218444705
0.5679301810603099
0.5680604402761495
0.568190699491989
0.5683209587078286
0.568451217923668
0.5685814771395075
0.5687117363553471
0.5688419955711865
0.5689722547870262
0.5792627328383483
0.5793929920541878
0.5795232512700272
0.5796535104858668
0.5797837697017063
0.5799140289175458
0.5800442881333854
0.5801745473492249
0.5813468802917806
0.5814771395076201
0.5816073987234597
0.5817376579392991
0.5818679171551386
0.5819981763709782
0.5821284355868177
0.5822586948026572
0.5823889540184968
0.5825192132343363
0.5826494724501758
0.5827797316660153
0.5829099908818548
0.9227562850071641
0.9228865442230036
0.9230168034388432
0.9231470626546827
0.9232773218705222
0.9234075810863618
0.9235378403022013
0.9236680995180409
0.9237983587338804
0.9239286179497198
0.9240588771655593
0.9471147583691545
0.947245017584994
0.9473752768008336
0.9475055360166731
0.9700403803569102
0.9701706395727496
0.9703008987885893
0.9704311580044287
0.3149667838999609
0.31509704311580045
0.3152273023316399
0.31535756154747946
0.31548782076331894
0.3156180799791585
0.315748339194998
0.31587859841083754
0.3160088576266771
0.3161391168425166
0.3162693760583561
0.3163996352741956
0.3165298944900351
0.31666015370587464
0.5322391559202813
0.5323694151361208
0.5324996743519603
0.5326299335677999
0.5327601927836394
0.5328904519994789
0.5330207112153184
0.5331509704311579
0.5332812296469974
0.533411488862837
0.5335417480786765
0.533672007294516
0.5338022665103556
0.533932525726195
0.5421388563240849
0.5422691155399244
0.5423993747557639
0.5425296339716034
0.542659893187443
0.5427901524032824
0.5429204116191221
0.5430506708349615
0.543180930050801
0.5433111892666406
0.5439624853458381
0.5440927445616778
0.5442230037775172
0.5443532629933567
0.5444835222091963
0.5452650775042334
0.5453953367200729
0.5455255959359124
0.545655855151752
0.5457861143675914
0.545916373583431
0.5460466327992705
0.54617689201511
0.5463071512309495
0.5464374104467891
0.5465676696626286
0.546697928878468
0.5468281880943077
0.5469584473101471
0.5470887065259867
0.5472189657418262
0.5473492249576657
0.5474794841735052
0.5476097433893448
0.5477400026051843
0.5478702618210237
0.5480005210368634
0.5481307802527028
0.5482610394685423
0.5483912986843819
0.5495636316269376
0.5496938908427771
0.5498241500586166
0.549954409274456
0.5500846684902957
0.5502149277061351
0.5503451869219746
0.5504754461378142
0.5506057053536537
0.5507359645694933
0.5508662237853328
0.5509964830011723
0.5511267422170117
0.5512570014328513
0.5513872606486908
0.5515175198645303
0.5516477790803699
0.5517780382962094
0.551908297512049
0.5520385567278885
0.552168815943728
0.5522990751595674
0.552429334375407
0.5525595935912465
0.552689852807086
0.5528201120229256
0.5529503712387651
0.5530806304546046
0.5532108896704442
0.5533411488862836
0.5534714081021231
0.5536016673179627
0.5537319265338022
0.5538621857496417
0.5539924449654813
0.5541227041813208
0.5542529633971602
0.5552950371238765
0.5554252963397159
0.5560765924189136
0.5562068516347531
0.5563371108505926
0.5564673700664322
0.5565976292822716
0.5567278884981112
0.5568581477139507
0.5569884069297902
0.5571186661456298
0.5572489253614693
0.5573791845773088
0.5575094437931483
0.5576397030089878
0.5577699622248273
0.5579002214406669
0.5580304806565064
0.5581607398723459
0.5653249967435195
0.5654552559593591
0.5655855151751985
0.5657157743910382
0.5658460336068776
0.5659762928227172
0.5661065520385566
0.5662368112543963
0.5663670704702357
0.5664973296860751
0.5666275889019148
0.5667578481177542
0.5672788849811123
0.567409144196952
0.5675394034127914
0.5689722547870262
0.7351830141982545
0.7353132734140939
0.7354435326299336
0.9060831053797056
0.906213364595545
0.9093395857756936
0.909469844991533
0.9096001042073727
0.9097303634232121
0.9098606226390515
0.9099908818548912
0.9101211410707306
0.9102514002865703
0.9103816595024097
0.9105119187182493
0.9106421779340887
0.9107724371499282
0.9109026963657678
0.9110329555816072
0.9111632147974469
0.9112934740132863
0.911423733229126
0.9115539924449654
0.9116842516608049
0.9118145108766444
0.9119447700924839
0.9120750293083235
0.9122052885241629
0.9123355477400026
0.912465806955842
0.9125960661716817
0.9127263253875211
0.9128565846033606
0.9129868438192001
0.9131171030350396
0.9132473622508792
0.9133776214667186
0.9135078806825583
0.9136381398983977
0.9137683991142372
0.9138986583300768
0.9211931744170899
0.9213234336329295
0.9237983587338804
0.9239286179497198
0.9240588771655593
0.9241891363813989
0.9243193955972384
0.924449654813078
0.9245799140289175
0.9267943206981893
0.9334375407060048
0.9335677999218445
0.9336980591376839
0.9338283183535234
0.933958577569363
0.9340888367852024
0.934219096001042
0.9343493552168814
0.9344796144327211
0.9346098736485605
0.9347401328644002
0.9348703920802396
0.935000651296079
0.9351309105119187
0.9352611697277581
0.9353914289435977
0.9355216881594371
0.9356519473752768
0.9357822065911162
0.9359124658069556
0.9360427250227953
0.9361729842386347
0.9363032434544744
0.9364335026703138
0.9365637618861534
0.9366940211019928
0.9426859450306108
0.9428162042464504
0.9429464634622898
0.9430767226781295
0.9432069818939689
0.9433372411098084
0.943467500325648
0.9435977595414874
0.943728018757327
0.9438582779731665
0.9439885371890061
0.9441187964048455
0.9442490556206851
0.9443793148365246
0.9445095740523641
0.9446398332682037
0.9447700924840431
0.9449003516998827
0.9450306109157222
0.9451608701315617
0.9452911293474012
0.9454213885632408
0.9455516477790803
0.9456819069949198
0.9459424254265988
0.9460726846424384
0.9462029438582779
0.9463332030741174
0.9464634622899569
0.9465937215057965
0.946723980721636
0.9468542399374754
0.9469844991533151
0.9471147583691545
0.9475055360166731
0.9476357952325126
0.9477660544483522
0.9478963136641917
0.9480265728800311
0.9481568320958706
0.9482870913117102
0.9484173505275497
0.9485476097433893
0.9486778689592288
0.9488081281750683
0.9489383873909079
0.9490686466067474
0.9491989058225868
0.9493291650384263
0.9494594242542659
0.9495896834701054
0.962745864269897
0.9628761234857366
0.963006382701576
0.9631366419174157
0.9632669011332551
0.9633971603490945
0.9635274195649342
0.9636576787807736
0.9637879379966132
0.9639181972124526
0.9684772697668359
0.9686075289826754
0.9687377881985149
0.9688680474143545
0.9689983066301939
0.9691285658460336
0.969258825061873
0.9693890842777126
0.9695193434935521
0.9696496027093916
0.9697798619252311
0.9699101211410706
0.9700403803569102
0.9701706395727496
0.9703008987885893
0.9704311580044287
0.9705614172202682
0.9706916764361078
0.9708219356519473
0.9709521948677868
0.9710824540836263
0.9712127132994659
0.9713429725153053
0.971473231731145
0.9716034909469844
0.9717337501628239
0.9718640093786635
0.9719942685945029
0.9721245278103425
0.972254787026182
0.9723850462420216
0.972515305457861
0.9726455646737006
0.9727758238895401
0.9731666015370586
0.9732968607528982
0.9734271199687377
0.9735573791845772
0.9736876384004167
0.9738178976162563
0.9739481568320958
0.3152273023316399
0.31587859841083754
0.3160088576266771
0.31666015370587464
0.31679041292171417
0.3169206721375537
0.5423993747557639
0.5425296339716034
0.542659893187443
0.5427901524032824
0.5429204116191221
0.5430506708349615
0.5433111892666406
0.54344144848248
0.5452650775042334
0.5453953367200729
0.5455255959359124
0.545655855151752
0.5457861143675914
0.545916373583431
0.5460466327992705
0.54617689201511
0.5463071512309495
0.5464374104467891
0.5465676696626286
0.546697928878468
0.5468281880943077
0.5469584473101471
0.5470887065259867
0.5472189657418262
0.5473492249576657
0.5474794841735052
0.5476097433893448
0.5477400026051843
0.5478702618210237
0.5480005210368634
0.5481307802527028
0.5496938908427771
0.5498241500586166
0.549954409274456
0.5500846684902957
0.5502149277061351
0.5503451869219746
0.5504754461378142
0.5506057053536537
0.5507359645694933
0.5508662237853328
0.5509964830011723
0.5511267422170117
0.5512570014328513
0.5513872606486908
0.5515175198645303
0.5516477790803699
0.5517780382962094
0.551908297512049
0.5520385567278885
0.552168815943728
0.5522990751595674
0.552429334375407
0.5525595935912465
0.552689852807086
0.5528201120229256
0.5529503712387651
0.5530806304546046
0.5532108896704442
0.5533411488862836
0.5534714081021231
0.5536016673179627
0.5537319265338022
0.5538621857496417
0.5539924449654813
0.5541227041813208
0.5542529633971602
0.5543832226129998
0.5545134818288393
0.5546437410446788
0.5547740002605184
0.5549042594763579
0.5550345186921974
0.555164777908037
0.5552950371238765
0.5554252963397159
0.5555555555555555
0.555685814771395
0.5558160739872345
0.5559463332030741
0.5560765924189136
0.5562068516347531
0.5563371108505926
0.5564673700664322
0.5565976292822716
0.5633711085059268
0.5635013677217662
0.5636316269376058
0.5637618861534452
0.5638921453692849
0.5640224045851243
0.564152663800964
0.5642829230168034
0.5644131822326428
0.5645434414484825
0.5646737006643219
0.5648039598801615
0.564934219096001
0.5650644783118406
0.56519473752768
0.5670183665494333
0.5671486257652729
0.5672788849811123
0.567409144196952
0.5675394034127914
0.5676696626286308
0.5677999218444705
0.5679301810603099
0.5680604402761495
0.568190699491989
0.5683209587078286
0.846163866093526
0.8462941253093655
0.8947505536016672
0.8948808128175068
0.8950110720333463
0.8951413312491858
0.8952715904650254
0.8954018496808649
0.8955321088967043
0.8956623681125438
0.8957926273283834
0.8959228865442229
0.8963136641917415
0.896443923407581
0.8965741826234205
0.89670444183926
0.8968347010550995
0.8969649602709391
0.8970952194867786
0.8972254787026182
0.8973557379184576
0.8974859971342972
0.8976162563501366
0.8977465155659762
0.9045199947896312
0.9046502540054708
0.9047805132213103
0.9049107724371499
0.9050410316529893
0.9089488081281749
0.9090790673440146
0.9093395857756936
0.909469844991533
0.9105119187182493
0.9106421779340887
0.9107724371499282
0.9109026963657678
0.9110329555816072
0.9118145108766444
0.9119447700924839
0.9120750293083235
0.9122052885241629
0.9123355477400026
0.912465806955842
0.9125960661716817
0.9127263253875211
0.9128565846033606
0.9129868438192001
0.9131171030350396
0.9132473622508792
0.9133776214667186
0.9176761755894229
0.9178064348052624
0.918197212452781
0.9183274716686205
0.9191090269636576
0.9192392861794971
0.9200208414745342
0.9201511006903738
0.9202813599062133
0.9204116191220528
0.9205418783378924
0.9206721375537319
0.9208023967695713
0.9209326559854109
0.9210629152012504
0.9211931744170899
0.9213234336329295
0.921453692848769
0.9215839520646085
0.921714211280448
0.9218444704962875
0.921974729712127
0.9221049889279666
0.9222352481438061
0.9223655073596456
0.9224957665754852
0.9226260257913247
0.9284876905041031
0.9286179497199426
0.9287482089357821
0.9344796144327211
0.9346098736485605
0.9347401328644002
0.9348703920802396
0.935000651296079
0.9351309105119187
0.9352611697277581
0.9353914289435977
0.9355216881594371
0.9356519473752768
0.9357822065911162
0.9366940211019928
0.9370847987495113
0.9390386869871042
0.9465937215057965
0.946723980721636
0.9468542399374754
0.9469844991533151
0.9471147583691545
0.947245017584994
0.9473752768008336
0.9481568320958706
0.9482870913117102
0.9484173505275497
0.9485476097433893
0.9486778689592288
0.9488081281750683
0.9489383873909079
0.9490686466067474
0.9491989058225868
0.9493291650384263
0.9494594242542659
0.9495896834701054
0.949719942685945
0.9498502019017845
0.949980461117624
0.9501107203334634
0.9624853458382179
0.9626156050540575
0.962745864269897
0.9628761234857366
0.963006382701576
0.9631366419174157
0.9632669011332551
0.9633971603490945
0.9635274195649342
0.9636576787807736
0.9637879379966132
0.9639181972124526
0.9640484564282923
0.9641787156441317
0.9643089748599714
0.9644392340758108
0.9645694932916502
0.9646997525074898
0.9648300117233293
0.9649602709391689
0.9650905301550083
0.965220789370848
0.9653510485866874
0.9654813078025268
0.9656115670183665
0.9657418262342059
0.9658720854500455
0.966002344665885
0.9661326038817246
0.966262863097564
0.9663931223134037
0.9665233815292431
0.9666536407450825
0.9667838999609222
0.9669141591767616
0.9670444183926012
0.9671746776084407
0.9673049368242803
0.9674351960401197
0.9675654552559593
0.9676957144717988
0.9678259736876382
0.9679562329034779
0.9680864921193173
0.9682167513351569
0.9683470105509964
0.9684772697668359
0.9686075289826754
0.9687377881985149
0.9688680474143545
0.9689983066301939
0.9691285658460336
0.969258825061873
0.9693890842777126
0.9695193434935521
0.9696496027093916
0.9697798619252311
0.9699101211410706
0.9700403803569102
0.9701706395727496
0.9703008987885893
0.9704311580044287
0.9705614172202682
0.9706916764361078
0.9708219356519473
0.9709521948677868
0.9710824540836263
0.9712127132994659
0.9713429725153053
0.971473231731145
0.9716034909469844
0.9717337501628239
0.9718640093786635
0.9719942685945029
0.9739481568320958
0.9740784160479353
0.9742086752637749
0.9743389344796143
0.9744691936954539
0.9839781164517388
0.9841083756675784
0.9842386348834179
0.9843688940992574
0.984499153315097
0.9846294125309365
0.984759671746776
0.9848899309626155
0.9850201901784551
0.539403412791455
0.5395336720072944
0.539663931223134
0.5397941904389735
0.5399244496548131
0.5400547088706525
0.540184968086492
0.5403152273023316
0.540445486518171
0.5405757457340107
0.5407060049498501
0.5408362641656898
0.5409665233815292
0.5410967825973688
0.5412270418132082
0.5413573010290477
0.5414875602448873
0.5416178194607267
0.5417480786765664
0.5418783378924058
0.5420085971082454
0.5421388563240849
0.5423993747557639
0.5430506708349615
0.543180930050801
0.5433111892666406
0.54344144848248
0.5435717076983196
0.5437019669141591
0.5438322261299987
0.5439624853458381
0.5440927445616778
0.5442230037775172
0.5443532629933567
0.5444835222091963
0.5446137814250357
0.5447440406408753
0.5448742998567148
0.5450045590725544
0.5451348182883938
0.5452650775042334
0.5453953367200729
0.5455255959359124
0.545655855151752
0.5457861143675914
0.545916373583431
0.5470887065259867
0.5472189657418262
0.5473492249576657
0.5474794841735052
0.5476097433893448
0.5477400026051843
0.5478702618210237
0.5480005210368634
0.5481307802527028
0.5482610394685423
0.5495636316269376
0.5496938908427771
0.5498241500586166
0.549954409274456
0.5500846684902957
0.5502149277061351
0.5503451869219746
0.5504754461378142
0.5506057053536537
0.5507359645694933
0.5508662237853328
0.5509964830011723
0.5511267422170117
0.5512570014328513
0.5513872606486908
0.5515175198645303
0.5516477790803699
0.5517780382962094
0.551908297512049
0.5520385567278885
0.552168815943728
0.5522990751595674
0.552429334375407
0.5525595935912465
0.552689852807086
0.5528201120229256
0.5529503712387651
0.5530806304546046
0.5532108896704442
0.5533411488862836
0.5534714081021231
0.5536016673179627
0.5537319265338022
0.5538621857496417
0.5539924449654813
0.5541227041813208
0.5542529633971602
0.5543832226129998
0.5545134818288393
0.5546437410446788
0.5555555555555555
0.5565976292822716
0.5567278884981112
0.5568581477139507
0.5569884069297902
0.5571186661456298
0.5572489253614693
0.5573791845773088
0.5575094437931483
0.5576397030089878
0.5577699622248273
0.5579002214406669
0.5580304806565064
0.5585515175198645
0.558681776735704
0.5588120359515435
0.558942295167383
0.5590725543832226
0.5592028135990621
0.5593330728149015
0.5615474794841735
0.5616777387000129
0.5618079979158526
0.561938257131692
0.6408753419304415
0.6413963787937996
0.6415266380096392
0.6424384525205158
0.6425687117363553
0.6426989709521947
0.6428292301680344
0.6429594893838738
0.6430897485997134
0.6432200078155529
0.6436107854630714
0.643741044678911
0.6438713038947504
0.6446528591897877
0.6447831184056271
0.6449133776214667
0.6450436368373061
0.6451738960531457
0.6453041552689852
0.6454344144848247
0.6455646737006643
0.6456949329165037
0.6458251921323434
0.6459554513481828
0.6460857105640224
0.6462159697798618
0.6463462289957014
0.6464764882115409
0.6466067474273803
0.64673700664322
0.6468672658590594
0.646997525074899
0.6471277842907385
0.6476488211540966
0.647779080369936
0.6479093395857757
0.6480395988016151
0.6481698580174547
0.6483001172332942
0.6484303764491337
0.6485606356649732
0.6486908948808127
0.6488211540966523
0.6489514133124917
0.6490816725283314
0.6492119317441708
0.6493421909600104
0.6494724501758499
0.6496027093916894
0.6497329686075289
0.6498632278233684
0.649993487039208
0.6501237462550474
0.6502540054708871
0.6503842646867265
0.6505145239025661
0.6515565976292822
0.6516868568451216
0.6518171160609613
0.6519473752768007
0.6520776344926403
0.6522078937084798
0.6523381529243194
0.6524684121401588
0.6536407450827145
0.6537710042985542
0.6544223003777517
0.6545525595935912
0.6553341148886284
0.6554643741044678
0.6555946333203074
0.6584603360687767
0.6585905952846164
0.6587208545004558
0.6588511137162955
0.6589813729321349
0.6591116321479744
0.659241891363814
0.6593721505796534
0.659502409795493
0.6596326690113324
0.6597629282271721
0.662758890191481
0.6628891494073205
0.66301940862316
0.6631496678389995
0.6632799270548391
0.6634101862706786
0.6635404454865181
0.6636707047023577
0.6638009639181971
0.6639312231340366
0.6640614823498762
0.6641917415657157
0.6761755894229515
0.6763058486387912
0.6992314706265468
0.6993617298423863
0.6994919890582257
0.6996222482740654
0.6997525074899048
0.6998827667057443
0.7000130259215839
0.732577829881464
0.7327080890973036
0.7328383483131431
0.7329686075289825
0.7330988667448222
0.7332291259606616
0.7333593851765012
0.7334896443923407
0.7336199036081802
0.7359645694932915
0.7360948287091311
0.7362250879249705
0.7389605314576007
0.7390907906734401
0.7392210498892795
0.7393513091051191
0.7394815683209586
0.7396118275367982
0.7397420867526376
0.7398723459684773
0.7453432330337371
0.7454734922495766
0.8455125700143284
0.8456428292301679
0.8650514523902565
0.865181711606096
0.8653119708219356
0.8654422300377751
0.8655724892536146
0.8657027484694542
0.8658330076852937
0.8831574833919499
0.8832877426077894
0.883418001823629
0.8835482610394684
0.883678520255308
0.8848508531978637
0.8849811124137031
0.8851113716295428
0.8938387390907906
0.8939689983066301
0.8940992575224697
0.8942295167383092
0.8943597759541486
0.8944900351699882
0.8946202943858277
0.8947505536016672
0.8948808128175068
0.8950110720333463
0.8951413312491858
0.8952715904650254
0.8954018496808649
0.8965741826234205
0.89670444183926
0.8968347010550995
0.8994398853718899
0.8995701445877295
0.9033476618470756
0.9047805132213103
0.9049107724371499
0.9050410316529893
0.9066041422430635
0.9067344014589032
0.9068646606747426
0.9069949198905822
0.9079067344014589
0.9080369936172983
0.908427771264817
0.909209326559854
0.9093395857756936
0.909469844991533
0.9096001042073727
0.9097303634232121
0.9098606226390515
0.9099908818548912
0.9101211410707306
0.9102514002865703
0.9103816595024097
0.9105119187182493
0.9106421779340887
0.9107724371499282
0.9109026963657678
0.9110329555816072
0.9111632147974469
0.9112934740132863
0.911423733229126
0.9115539924449654
0.9116842516608049
0.9118145108766444
0.9119447700924839
0.9120750293083235
0.9122052885241629
0.9123355477400026
0.912465806955842
0.9125960661716817
0.9127263253875211
0.9128565846033606
0.9129868438192001
0.9131171030350396
0.9132473622508792
0.9133776214667186
0.9135078806825583
0.9136381398983977
0.9137683991142372
0.9138986583300768
0.9159828057835091
0.9161130649993486
0.9162433242151882
0.9163735834310276
0.9165038426468672
0.9166341018627067
0.9167643610785462
0.9168946202943857
0.9226260257913247
0.9227562850071641
0.9228865442230036
0.9230168034388432
0.9231470626546827
0.9232773218705222
0.9234075810863618
0.9235378403022013
0.9236680995180409
0.9237983587338804
0.9239286179497198
0.9240588771655593
0.9241891363813989
0.9243193955972384
0.924449654813078
0.9245799140289175
0.924970691676436
0.9251009508922755
0.925231210108115
0.9253614693239546
0.9254917285397941
0.9256219877556336
0.9257522469714732
0.9258825061873127
0.9260127654031521
0.9261430246189917
0.9262732838348312
0.9264035430506707
0.9265338022665103
0.9266640614823498
0.9267943206981893
0.9269245799140288
0.9270548391298684
0.9271850983457078
0.9273153575615474
0.9274456167773869
0.9275758759932264
0.927966653640745
0.9282271720724241
0.9283574312882635
0.9284876905041031
0.9293995050149797
0.9295297642308192
0.9296600234466588
0.9297902826624983
0.9299205418783377
0.9300508010941774
0.9301810603100168
0.9303113195258564
0.9304415787416959
0.9305718379575354
0.9307020971733749
0.9308323563892144
0.930962615605054
0.9310928748208934
0.9376058356128695
0.9386479093395858
0.9387781685554252
0.9389084277712648
0.9390386869871042
0.9391689462029437
0.9396899830663018
0.9398202422821414
0.9399505014979809
0.9400807607138204
0.9402110199296599
0.9422951673830923
0.9701706395727496
0.9703008987885893
0.9704311580044287
0.9705614172202682
0.9706916764361078
0.9708219356519473
0.9730363423212192
0.9731666015370586
0.9732968607528982
0.9734271199687377
0.9735573791845772
0.9736876384004167
0.9738178976162563
0.9739481568320958
0.9740784160479353
0.9742086752637749
0.9743389344796143
0.9841083756675784
0.9842386348834179
0.9843688940992574
0.984499153315097
0.9846294125309365
0.984759671746776
0.9848899309626155
0.9850201901784551
0.9851504493942945
0.3118405627198124
0.3188745603751465
0.32851374234727104
0.3286440015631105
0.5599843688940992
0.5601146281099387
0.5602448873257783
0.5603751465416178
0.5605054057574572
0.5606356649732969
0.6167773870001302
0.6169076462159697
0.6170379054318093
0.6226390517129086
0.6227693109287482
0.6228995701445876
0.6232903477921061
0.6234206070079458
0.6235508662237852
0.6251139768138596
0.625244236029699
0.6253744952455387
0.6255047544613781
0.6256350136772175
0.6257652728930572
0.6258955321088966
0.6279796795623289
0.6281099387781686
0.628240197994008
0.6283704572098476
0.6285007164256871
0.6316269376058355
0.6317571968216751
0.6318874560375146
0.6320177152533542
0.6321479744691936
0.6322782336850332
0.6324084929008726
0.6325387521167122
0.6326690113325517
0.6327992705483912
0.6329295297642308
0.6330597889800702
0.6331900481959098
0.6333203074117493
0.6334505666275889
0.6335808258434283
0.6337110850592679
0.6373583431027745
0.6374886023186139
0.6376188615344535
0.637749120750293
0.6378793799661325
0.6380096391819721
0.6387911944770092
0.6389214536928487
0.6390517129086882
0.643480526247232
0.6436107854630714
0.643741044678911
0.64400156311059
0.6441318223264295
0.644262081542269
0.6443923407581086
0.6445225999739481
0.6464764882115409
0.6466067474273803
0.64673700664322
0.6468672658590594
0.6471277842907385
0.647258043506578
0.6473883027224175
0.6475185619382571
0.6476488211540966
0.647779080369936
0.6479093395857757
0.6480395988016151
0.6481698580174547
0.6483001172332942
0.6484303764491337
0.6485606356649732
0.6486908948808127
0.6488211540966523
0.6489514133124917
0.6490816725283314
0.6492119317441708
0.6493421909600104
0.6494724501758499
0.6496027093916894
0.6497329686075289
0.6498632278233684
0.649993487039208
0.6501237462550474
0.6502540054708871
0.6503842646867265
0.6505145239025661
0.6506447831184056
0.650775042334245
0.6509053015500846
0.6510355607659241
0.6511658199817637
0.6523381529243194
0.6524684121401588
0.6525986713559985
0.6527289305718379
0.6528591897876773
0.652989449003517
0.6555946333203074
0.6557248925361469
0.6558551517519864
0.6605444835222091
0.6608050019538881
0.6609352611697277
0.6610655203855672
0.6611957796014067
0.6613260388172463
0.6614562980330858
0.6615865572489253
0.6617168164647648
0.6618470756806044
0.6619773348964438
0.6621075941122834
0.6622378533281229
0.6623681125439624
0.662498371759802
0.6626286309756414
0.662758890191481
0.6628891494073205
0.66301940862316
0.6631496678389995
0.6632799270548391
0.6634101862706786
0.6635404454865181
0.6636707047023577
0.6638009639181971
0.6639312231340366
0.6640614823498762
0.6641917415657157
0.6643220007815552
0.6644522599973948
0.6645825192132343
0.6647127784290738
0.6648430376449134
0.6649732968607528
0.6651035560765923
0.6652338152924319
0.6653640745082714
0.6654943337241109
0.6709652207893708
0.6710954800052102
0.6712257392210499
0.6731796274586426
0.6733098866744822
0.6734401458903216
0.6735704051061612
0.6737006643220007
0.6738309235378402
0.6739611827536798
0.6740914419695192
0.6742217011853588
0.6743519604011983
0.6744822196170379
0.6746124788328773
0.6747427380487169
0.6748729972645564
0.6750032564803959
0.6751335156962355
0.6752637749120749
0.6753940341279145
0.675524293343754
0.6756545525595936
0.675784811775433
0.6759150709912726
0.6760453302071121
0.6761755894229515
0.6763058486387912
0.6764361078546306
0.6765663670704702
0.6766966262863097
0.6768268855021492
0.6769571447179887
0.6794320698189396
0.6907646215969779
0.6908948808128175
0.6910251400286569
0.6911553992444965
0.691285658460336
0.6914159176761755
0.691546176892015
0.6916764361078546
0.6918066953236941
0.6919369545395336
0.6920672137553732
0.6921974729712126
0.6923277321870521
0.6924579914028917
0.6925882506187312
0.6928487690504103
0.6937605835612869
0.6938908427771264
0.694021101992966
0.6941513612088055
0.6942816204246449
0.6944118796404845
0.694542138856324
0.6946723980721635
0.6948026572880031
0.6949329165038426
0.6950631757196821
0.6951934349355217
0.6953236941513612
0.6954539533672006
0.6955842125830402
0.6957144717988797
0.6958447310147192
0.6959749902305588
0.6961052494463983
0.6962355086622378
0.6963657678780774
0.6964960270939168
0.6966262863097563
0.6967565455255958
0.6968868047414354
0.6979288784681515
0.6980591376839911
0.6981893968998306
0.6983196561156702
0.6984499153315097
0.6985801745473491
0.6987104337631886
0.6988406929790282
0.6989709521948677
0.6991012114107072
0.6992314706265468
0.6993617298423863
0.6994919890582257
0.6996222482740654
0.6997525074899048
0.6998827667057443
0.7000130259215839
0.7001432851374234
0.7002735443532629
0.7004038035691024
0.700534062784942
0.7006643220007814
0.7007945812166211
0.7009248404324605
0.7010550996483
0.7011853588641396
0.7013156180799791
0.7014458772958186
0.7015761365116581
0.7017063957274977
0.7018366549433371
0.7019669141591767
0.7020971733750162
0.7022274325908557
0.7023576918066953
0.7024879510225347
0.7026182102383743
0.7027484694542138
0.7028787286700534
0.7030089878858928
0.7031392471017324
0.7032695063175719
0.7033997655334114
0.703530024749251
0.7036602839650904
0.70379054318093
0.7039208023967695
0.7040510616126091
0.7041813208284485
0.7043115800442881
0.7044418392601276
0.704572098475967
0.7047023576918067
0.7048326169076461
0.7049628761234857
0.7050931353393252
0.7052233945551647
0.7053536537710042
0.7054839129868437
0.7056141722026833
0.7057444314185227
0.7058746906343624
0.7060049498502018
0.7061352090660414
0.7062654682818809
0.7063957274977204
0.7139507620164126
0.714081021232252
0.7142112804480917
0.7143415396639311
0.7315357561547479
0.7316660153705874
0.7345317181190569
0.7453432330337371
0.7454734922495766
0.7456037514654161
0.8344405366679691
0.8345707958838087
0.8766445225999738
0.8767747818158135
0.8769050410316529
0.8770353002474923
0.877165559463332
0.8772958186791714
0.877426077895011
0.8925361469323954
0.8926664061482349
0.8927966653640744
0.892926924579914
0.8930571837957535
0.893187443011593
0.8933177022274325
0.893447961443272
0.8935782206591115
0.9055620685163475
0.9056923277321869
0.9058225869480265
0.905952846163866
0.9060831053797056
0.906213364595545
0.9063436238113847
0.9064738830272241
0.9068646606747426
0.9069949198905822
0.9071251791064217
0.9132473622508792
0.9133776214667186
0.9135078806825583
0.9136381398983977
0.9137683991142372
0.9138986583300768
0.9140289175459162
0.9141591767617558
0.9146802136251139
0.9148104728409534
0.9149407320567929
0.91572228735183
0.9234075810863618
0.9235378403022013
0.9236680995180409
0.9237983587338804
0.9239286179497198
0.9383873909079067
0.9385176501237461
0.9386479093395858
0.9387781685554252
0.9389084277712648
0.9390386869871042
0.9391689462029437
0.9392992054187833
0.9394294646346227
0.3079327862446268
0.5034518692197473
0.609482870913117
0.6096131301289566
0.6097433893447961
0.6098736485606356
0.6100039077764752
0.6101341669923146
0.6102644262081541
0.6103946854239937
0.6106552038556727
0.6107854630715123
0.6109157222873518
0.6161260909209326
0.6162563501367722
0.6163866093526116
0.6165168685684512
0.6166471277842906
0.6167773870001302
0.618731275237723
0.6188615344535625
0.618991793669402
0.6218574964178716
0.621987755633711
0.6221180148495505
0.6222482740653901
0.6223785332812295
0.6257652728930572
0.6258955321088966
0.6260257913247362
0.6261560505405757
0.6262863097564153
0.6264165689722547
0.6265468281880942
0.6266770874039338
0.6268073466197732
0.6269376058356129
0.6270678650514523
0.628240197994008
0.6283704572098476
0.6285007164256871
0.6286309756415266
0.6287612348573661
0.6288914940732055
0.6290217532890452
0.6291520125048846
0.6292822717207243
0.6294125309365637
0.6295427901524032
0.6296730493682428
0.6298033085840822
0.6299335677999218
0.6300638270157612
0.6301940862316009
0.6479093395857757
0.6480395988016151
0.6481698580174547
0.6483001172332942
0.6484303764491337
0.6485606356649732
0.6486908948808127
0.6488211540966523
0.6489514133124917
0.6490816725283314
0.6492119317441708
0.6493421909600104
0.6494724501758499
0.6496027093916894
0.6497329686075289
0.6542920411619121
0.6544223003777517
0.6597629282271721
0.6598931874430115
0.6602839650905301
0.6604142243063696
0.6605444835222091
0.6628891494073205
0.66301940862316
0.6631496678389995
0.6632799270548391
0.6634101862706786
0.6635404454865181
0.6636707047023577
0.6638009639181971
0.6639312231340366
0.6640614823498762
0.6641917415657157
0.6643220007815552
0.6644522599973948
0.6645825192132343
0.6647127784290738
0.6648430376449134
0.6649732968607528
0.6651035560765923
0.6669271850983457
0.6670574443141851
0.6671877035300247
0.6673179627458642
0.6674482219617037
0.6675784811775433
0.6677087403933828
0.6678389996092223
0.6679692588250619
0.6680995180409013
0.6682297772567408
0.6683600364725804
0.6684902956884199
0.6686205549042594
0.668750814120099
0.6688810733359385
0.6690113325517779
0.6691415917676174
0.669271850983457
0.6694021101992965
0.669532369415136
0.6696626286309756
0.6697928878468151
0.6699231470626547
0.6700534062784942
0.6713559984368893
0.6714862576527288
0.6716165168685684
0.6717467760844079
0.6718770353002474
0.6720072945160869
0.6721375537319265
0.6722678129477659
0.6723980721636055
0.672528331379445
0.6726585905952845
0.6727888498111241
0.6729191090269636
0.6892015110069036
0.6893317702227432
0.6894620294385827
0.6895922886544222
0.6897225478702618
0.6898528070861013
0.6899830663019408
0.6901133255177803
0.6902435847336199
0.6903738439494593
0.6905041031652989
0.6906343623811384
0.6907646215969779
0.6908948808128175
0.6910251400286569
0.6911553992444965
0.691285658460336
0.6914159176761755
0.691546176892015
0.6916764361078546
0.6918066953236941
0.6919369545395336
0.6920672137553732
0.6946723980721635
0.6948026572880031
0.6949329165038426
0.6950631757196821
0.6951934349355217
0.6953236941513612
0.6954539533672006
0.6955842125830402
0.6957144717988797
0.6958447310147192
0.6959749902305588
0.6961052494463983
0.6962355086622378
0.6963657678780774
0.6964960270939168
0.6966262863097563
0.6967565455255958
0.6968868047414354
0.6970170639572749
0.6971473231731145
0.697277582388954
0.6974078416047934
0.6975381008206331
0.6976683600364725
0.697798619252312
0.6979288784681515
0.6980591376839911
0.6981893968998306
0.6983196561156702
0.6984499153315097
0.6985801745473491
0.6987104337631886
0.6988406929790282
0.6989709521948677
0.6991012114107072
0.6992314706265468
0.6993617298423863
0.6994919890582257
0.6996222482740654
0.6997525074899048
0.6998827667057443
0.7000130259215839
0.7001432851374234
0.7002735443532629
0.7004038035691024
0.700534062784942
0.7006643220007814
0.7007945812166211
0.7009248404324605
0.7010550996483
0.7011853588641396
0.7013156180799791
0.7014458772958186
0.7015761365116581
0.7017063957274977
0.7018366549433371
0.7019669141591767
0.7020971733750162
0.7022274325908557
0.7023576918066953
0.7024879510225347
0.7026182102383743
0.7027484694542138
0.70379054318093
0.7039208023967695
0.7040510616126091
0.7041813208284485
0.7043115800442881
0.7044418392601276
0.704572098475967
0.7047023576918067
0.7048326169076461
0.7049628761234857
0.7050931353393252
0.7052233945551647
0.7053536537710042
0.7054839129868437
0.7056141722026833
0.7057444314185227
0.7058746906343624
0.7060049498502018
0.7061352090660414
0.7062654682818809
0.7063957274977204
0.7065259867135599
0.7066562459293994
0.706786505145239
0.7069167643610784
0.7070470235769181
0.7071772827927575
0.7073075420085971
0.7074378012244366
0.707568060440276
0.7076983196561156
0.707828578871955
0.7079588380877947
0.7080890973036341
0.7082193565194738
0.7083496157353132
0.7084798749511527
0.7086101341669923
0.7087403933828317
0.7088706525986713
0.7090009118145107
0.7091311710303504
0.7095219486778689
0.7096522078937083
0.709782467109548
0.7099127263253874
0.710042985541227
0.7101732447570664
0.7103035039729061
0.7104337631887455
0.7105640224045852
0.7106942816204246
0.710824540836264
0.7109548000521037
0.7110850592679431
0.7112153184837827
0.7113455776996221
0.7114758369154618
0.7116060961313012
0.7117363553471407
0.7118666145629803
0.7131692067213754
0.713299465937215
0.7134297251530545
0.7135599843688941
0.7136902435847335
0.7138205028005731
0.7139507620164126
0.7457340106812556
0.7458642698970952
0.7459945291129346
0.8165950240979548
0.8167252833137943
0.817116060961313
0.8172463201771524
0.818158134688029
0.8182883939038686
0.8184186531197081
0.8185489123355477
0.8186791715513871
0.8242803178324866
0.824410577048326
0.8246710954800051
0.8248013546958447
0.8272762797967955
0.8362641656897225
0.836394424905562
0.8365246841214015
0.836654943337241
0.8367852025530805
0.8369154617689201
0.8370457209847596
0.8371759802005991
0.8373062394164387
0.8374364986322782
0.8375667578481176
0.8376970170639572
0.8378272762797967
0.8379575354956362
0.8380877947114758
0.8382180539273153
0.8383483131431548
0.3265598541096782
0.32669011332551773
0.32682037254135726
0.3269506317571968
0.6264165689722547
0.6265468281880942
0.6266770874039338
0.6268073466197732
0.6269376058356129
0.6270678650514523
0.6278494203464895
0.6279796795623289
0.6288914940732055
0.6290217532890452
0.6291520125048846
0.6292822717207243
0.6294125309365637
0.6295427901524032
0.6296730493682428
0.6462159697798618
0.6463462289957014
0.6670574443141851
0.6671877035300247
0.6673179627458642
0.6674482219617037
0.6675784811775433
0.6677087403933828
0.6678389996092223
0.6679692588250619
0.6680995180409013
0.6682297772567408
0.6683600364725804
0.6684902956884199
0.6686205549042594
0.668750814120099
0.6688810733359385
0.6690113325517779
0.6691415917676174
0.669271850983457
0.6694021101992965
0.669532369415136
0.6696626286309756
0.6697928878468151
0.6699231470626547
0.6894620294385827
0.6895922886544222
0.6897225478702618
0.6898528070861013
0.6899830663019408
0.6901133255177803
0.6902435847336199
0.6903738439494593
0.6905041031652989
0.6906343623811384
0.6907646215969779
0.6908948808128175
0.6910251400286569
0.6911553992444965
0.691285658460336
0.6914159176761755
0.6961052494463983
0.6962355086622378
0.6963657678780774
0.6964960270939168
0.6966262863097563
0.6967565455255958
0.6968868047414354
0.6970170639572749
0.6971473231731145
0.697277582388954
0.6974078416047934
0.6975381008206331
0.6976683600364725
0.697798619252312
0.6979288784681515
0.6980591376839911
0.6981893968998306
0.6983196561156702
0.6984499153315097
0.6985801745473491
0.6987104337631886
0.6988406929790282
0.6989709521948677
0.6991012114107072
0.6992314706265468
0.6993617298423863
0.6994919890582257
0.6996222482740654
0.6997525074899048
0.700534062784942
0.7006643220007814
0.7007945812166211
0.7009248404324605
0.7010550996483
0.7011853588641396
0.7013156180799791
0.7061352090660414
0.7062654682818809
0.7063957274977204
0.7065259867135599
0.7066562459293994
0.706786505145239
0.7069167643610784
0.7070470235769181
0.7071772827927575
0.7073075420085971
0.7074378012244366
0.707568060440276
0.7076983196561156
0.707828578871955
0.7079588380877947
0.7090009118145107
0.7091311710303504
0.7092614302461898
0.7095219486778689
0.7096522078937083
0.709782467109548
0.7099127263253874
0.710042985541227
0.7101732447570664
0.7103035039729061
0.7104337631887455
0.7105640224045852
0.7106942816204246
0.7865051452390256
0.7866354044548651
0.8115149146802135
0.8116451738960531
0.8117754331118926
0.8119056923277321
0.8164647648821154
0.8165950240979548
0.8167252833137943
0.8168555425296339
0.8169858017454734
0.817116060961313
0.8172463201771524
0.817376579392992
0.8175068386088314
0.8237592809691284
0.8238895401849681
0.8240197994008075
0.8241500586166471
0.8242803178324866
0.824410577048326
0.8245408362641656
0.8246710954800051
0.8248013546958447
0.8349615735313273
0.8350918327471668
0.8352220919630063
0.8353523511788458
0.8354826103946853
0.8356128696105248
0.8357431288263644
0.8358733880422039
0.8360036472580434
0.836133906473883
0.8362641656897225
0.836394424905562
0.8389996092223524
0.287221570926143
0.2873518301419825
0.28748208935782205
0.2876123485736616
0.2877426077895011
0.2878728670053406
0.28800312622118013
0.29438582779731665
0.2945160870131562
0.2946463462289957
0.2947766054448352
0.2949068646606747
0.2950371238765142
0.29516738309235374
0.2952976423081933
0.2954279015240328
0.29555816073987234
0.2956884199557119
0.29581867917155136
0.29594893838739084
0.2989449003516999
0.29907515956753933
0.29920541878337886
0.2993356779992184
0.29946593721505793
0.29959619643089747
0.299726455646737
0.30207112153184834
0.6171681646476488
0.6172984238634882
0.6174286830793279
0.6175589422951673
0.6222482740653901
0.6223785332812295
0.6232903477921061
0.6234206070079458
0.6235508662237852
0.6236811254396248
0.6238113846554643
0.6239416438713039
0.6240719030871433
0.624202162302983
0.6243324215188224
0.6244626807346618
0.6245929399505015
0.6247231991663409
0.6248534583821805
0.62498371759802
0.6251139768138596
0.625244236029699
0.6253744952455387
0.6255047544613781
0.6256350136772175
0.6262863097564153
0.6264165689722547
0.6265468281880942
0.6266770874039338
0.6268073466197732
0.6269376058356129
0.6270678650514523
0.6271981242672919
0.6273283834831314
0.6274586426989709
0.6275889019148104
0.6277191611306498
0.6278494203464895
0.6279796795623289
0.6308453823107985
0.6309756415266379
0.6311059007424775
0.631236159958317
0.6313664191741566
0.631496678389996
0.6316269376058355
0.6367070470235768
0.6368373062394164
0.6369675654552559
0.6370978246710954
0.637228083886935
0.6373583431027745
0.637749120750293
0.6378793799661325
0.641005601146281
0.6411358603621206
0.6412661195779601
0.7848117754331119
0.7850722938647908
0.7852025530806304
0.7853328122964699
0.7854630715123094
0.785593330728149
0.7944509574052363
0.794581216621076
0.7947114758369154
0.8055229907515956
0.8056532499674351
0.8057835091832746
0.821414615084017
0.2826624983717598
0.29321349485476095
0.2933437540706005
0.29347401328644
0.2936042725022795
0.29373453171811903
0.2938647909339585
0.29399505014979804
0.29594893838739084
0.29607919760323037
0.2962094568190699
0.29633971603490944
0.296469975250749
0.296991012114107
0.29712127132994653
0.29725153054578607
0.2973817897616256
0.29751204897746514
0.29764230819330467
0.2977725674091442
0.29790282662498374
0.29803308584082316
0.2981633450566627
0.29829360427250223
0.29842386348834177
0.2985541227041813
0.30532760192783637
0.3054578611436759
0.3055881203595154
0.3057183795753549
0.30584863879119445
0.305978898007034
0.3277321870522339
0.3278624462680734
0.32799270548391296
0.3281229646997525
0.3359385176501237
0.33606877686596326
0.33619903608180274
0.3363292952976423
0.6158655724892536
0.6178194607268463
0.6179497199426859
0.6183404975902045
0.6184707568060439
0.6186010160218836
0.618731275237723
0.6188615344535625
0.618991793669402
0.6191220528852416
0.6192523121010811
0.6193825713169205
0.6195128305327602
0.6196430897485996
0.6197733489644393
0.6199036081802787
0.6200338673961182
0.6201641266119577
0.6202943858277972
0.6204246450436368
0.6205549042594762
0.6206851634753159
0.6208154226911553
0.6213364595545134
0.6214667187703529
0.6215969779861925
0.6217272372020319
0.6218574964178716
0.621987755633711
0.6221180148495505
0.6222482740653901
0.6223785332812295
0.6225087924970691
0.6226390517129086
0.6227693109287482
0.6228995701445876
0.6230298293604273
0.6231600885762667
0.6232903477921061
0.6234206070079458
0.6235508662237852
0.6236811254396248
0.6238113846554643
0.6239416438713039
0.6240719030871433
0.624202162302983
0.6247231991663409
0.6248534583821805
0.62498371759802
0.6251139768138596
0.625244236029699
0.6253744952455387
0.6255047544613781
0.6256350136772175
0.6257652728930572
0.6258955321088966
0.6260257913247362
0.6261560505405757
0.6262863097564153
0.6264165689722547
0.6265468281880942
0.6266770874039338
0.6268073466197732
0.6269376058356129
0.6270678650514523
0.6271981242672919
0.6273283834831314
0.6274586426989709
0.6275889019148104
0.6277191611306498
0.6278494203464895
0.6279796795623289
0.6281099387781686
0.628240197994008
0.6283704572098476
0.6285007164256871
0.6286309756415266
0.6287612348573661
0.6288914940732055
0.6294125309365637
0.6295427901524032
0.6296730493682428
0.6298033085840822
0.6299335677999218
0.6300638270157612
0.6301940862316009
0.6303243454474403
0.6304546046632798
0.6305848638791194
0.6307151230949589
0.6308453823107985
0.6309756415266379
0.6311059007424775
0.631236159958317
0.6313664191741566
0.631496678389996
0.6316269376058355
0.6317571968216751
0.6318874560375146
0.6320177152533542
0.6321479744691936
0.6322782336850332
0.6324084929008726
0.6325387521167122
0.6326690113325517
0.6327992705483912
0.6329295297642308
0.6330597889800702
0.6490816725283314
0.7951022534844339
0.7952325127002735
0.7953627719161129
0.7954930311319526
0.8042203985932004
0.8043506578090399
0.8044809170248794
0.804611176240719
0.8047414354565585
0.8048716946723979
0.8050019538882376
0.805132213104077
0.8052624723199165
0.8053927315357561
0.8055229907515956
0.8056532499674351
0.2771916113064999
0.2818809430767226
0.28201120229256216
0.29673049368242804
0.2968607528982675
0.296991012114107
0.6158655724892536
0.6159958317050931
0.6172984238634882
0.6202943858277972
0.6204246450436368
0.6205549042594762
0.6206851634753159
0.6208154226911553
0.620945681906995
0.6279796795623289
0.6288914940732055
0.6294125309365637
0.6295427901524032
0.6296730493682428
0.6298033085840822
0.6299335677999218
0.6300638270157612
0.6301940862316009
0.6305848638791194
0.804611176240719
0.8047414354565585
0.8048716946723979
0.8050019538882376
0.805132213104077
0.8052624723199165
0.8053927315357561
0.8055229907515956
0.8056532499674351
0.8186791715513871
0.8188094307672268
0.8189396899830662
0.8190699491989057
0.8192002084147453
0.8193304676305847
0.8194607268464243
0.8195909860622638
0.8197212452781034
0.820372541357301
0.8205028005731404
0.82063305978898
0.8207633190048195
0.8208935782206591
0.8210238374364985
0.8211540966523381
0.27927575875993227
0.27940601797577175
0.2825322391559203
0.2826624983717598
0.28279275758759925
0.2829230168034388
0.2830532760192783
0.28318353523511786
0.2833137944509574
0.2834440536667969
0.28357431288263646
0.283704572098476
0.2838348313143154
0.29581867917155136
0.29594893838739084
0.29607919760323037
0.2962094568190699
0.3025921583952064
0.3148365246841214
0.3149667838999609
0.33359385176501233
0.33372411098085186
0.3338543701966914
0.3351569623550866
0.3352872215709261
0.33541748078676564
0.3355477400026051
0.33567799921844466
0.3358082584342842
0.3359385176501237
0.33606877686596326
0.33619903608180274
0.3363292952976423
0.3364595545134818
0.3365898137293213
0.3367200729451608
0.33685033216100035
0.33958577569363024
0.33997655334114885
0.3401068125569884
0.6156050540575745
0.8040901393773608
0.8043506578090399
-0.2790152403282532
-0.27914549954409273
-0.27940601797577175
-0.2795362771916113
-0.27966653640745076
-0.28057835091832745
-0.2807086101341669
-0.2834440536667969
-0.28357431288263646
-0.283704572098476
-0.2838348313143154
-0.28396509053015495
-0.2840953497459945
-0.284225608961834
-0.28435586817767355
-0.29555816073987234
-0.2956884199557119
-0.31158004428813335
-0.3117103035039729
-0.3126221180148495
-0.31275237723068905
-0.3128826364465286
-0.3130128956623681
-0.31314315487820765
-0.3132734140940471
-0.3134036733098866
-0.31353393252572614
-0.3136641917415657
-0.3137944509574052
-0.31392471017324475
-0.3140549693890843
-0.3141852286049238
-0.3143154878207633
-0.3144457470366028
-0.3145760062524423
-0.31470626546828184
-0.3148365246841214
-0.31874430115930696
-0.3188745603751465
-0.31900481959098603
-0.31913507880682557
-0.3193955972385046
-0.32629933567799924
-0.32642959489383866
-0.33489644392340756
-0.3351569623550866
-0.3364595545134818
-0.3365898137293213
-0.3367200729451608
-0.33685033216100035
-0.3371108505926794
-0.33724110980851896
-0.33737136902435844
-0.3384134427510746
-0.3385437019669141
-0.3386739611827536
-0.33880422039859315
-0.3389344796144327
-0.3390647388302722
-0.33919499804611175
-0.3393252572619513
-0.3394555164777908
-0.33958577569363024
-0.3397160349094698
-0.3398462941253093
-0.33997655334114885
-0.35469584473101473
-0.6148234987625374
-0.27458642698970953
-0.274716686205549
-0.27484694542138854
-0.274977204637228
-0.27549824150058616
-0.2770613520906604
-0.2771916113064999
-0.2773218705223394
-0.27745212973817895
-0.2784942034648951
-0.2807086101341669
-0.28083886935000646
-0.280969128565846
-0.28109938778168553
-0.28122964699752506
-0.2826624983717598
-0.28279275758759925
-0.2829230168034388
-0.2830532760192783
-0.2833137944509574
-0.2853979419043897
-0.28696105249446396
-0.28709131171030344
-0.2876123485736616
-0.2877426077895011
-0.2878728670053406
-0.28800312622118013
-0.2881333854370196
-0.28826364465285914
-0.2883939038686987
-0.29086882896964955
-0.2909990881854891
-0.2911293474013286
-0.29125960661716815
-0.29138986583300763
-0.2949068646606747
-0.2950371238765142
-0.29516738309235374
-0.2952976423081933
-0.2954279015240328
-0.29555816073987234
-0.2956884199557119
-0.3097564152663801
-0.31118926664061475
-0.3113195258564543
-0.3114497850722938
-0.31236159958317045
-0.31249185879901
-0.3126221180148495
-0.31275237723068905
-0.3128826364465286
-0.3130128956623681
-0.31314315487820765
-0.3132734140940471
-0.3134036733098866
-0.31353393252572614
-0.3136641917415657
-0.3137944509574052
-0.31392471017324475
-0.3140549693890843
-0.3141852286049238
-0.3143154878207633
-0.3144457470366028
-0.31796274586426987
-0.3180930050801094
-0.3183535235117884
-0.31848378272762795
-0.3186140419434675
-0.31874430115930696
-0.3188745603751465
-0.32108896704441836
-0.3212192262602579
-0.32434544744040633
-0.32551778038296203
-0.32564803959880156
-0.3257782988146411
-0.32590855803048063
-0.32603881724632017
-0.3261690764621597
-0.32629933567799924
-0.32642959489383866
-0.33177022274325907
-0.3367200729451608
-0.3382831835352351
-0.3384134427510746
-0.3385437019669141
-0.3386739611827536
-0.33880422039859315
-0.3389344796144327
-0.3390647388302722
-0.33919499804611175
-0.35117884590334764
-0.35130910511918717
-0.3514393643350267
-0.3527419564934218
-0.35287221570926136
-0.3530024749251009
-0.35313273414094043
-0.35326299335677996
-0.2752377230689071
-0.2757587599322652
-0.28057835091832745
-0.2807086101341669
-0.28083886935000646
-0.28109938778168553
-0.28122964699752506
-0.2813599062133646
-0.2818809430767226
-0.28201120229256216
-0.2826624983717598
-0.28709131171030344
-0.287221570926143
-0.2873518301419825
-0.2876123485736616
-0.2877426077895011
-0.2878728670053406
-0.28800312622118013
-0.2881333854370196
-0.28826364465285914
-0.2883939038686987
-0.2885241630845382
-0.28865442230037774
-0.2887846815162173
-0.28891494073205676
-0.2890451999478963
-0.2891754591637358
-0.2893057183795753
-0.28943597759541484
-0.2895662368112544
-0.2896964960270939
-0.2898267552429334
-0.2899570144587729
-0.29008727367461246
-0.290478051322131
-0.29060831053797054
-0.29073856975381007
-0.29086882896964955
-0.2909990881854891
-0.2911293474013286
-0.29125960661716815
-0.29138986583300763
-0.29152012504884717
-0.2916503842646867
-0.2923016803438843
-0.29243193955972385
-0.29256219877556333
-0.2928227172072424
-0.2929529764230819
-0.2930832356389214
-0.29321349485476095
-0.2933437540706005
-0.29347401328644
-0.2936042725022795
-0.29373453171811903
-0.2938647909339585
-0.29399505014979804
-0.2941253093656376
-0.2942555685814771
-0.29438582779731665
-0.2945160870131562
-0.2946463462289957
-0.2947766054448352
-0.2949068646606747
-0.2950371238765142
-0.29516738309235374
-0.2952976423081933
-0.3093656376188615
-0.309495896834701
-0.3106682297772567
-0.31079848899309626
-0.3109287482089358
-0.31105900742477527
-0.31118926664061475
-0.3117103035039729
-0.3118405627198124
-0.31197082193565195
-0.3121010811514915
-0.3122313403673309
-0.31236159958317045
-0.31249185879901
-0.3126221180148495
-0.31275237723068905
-0.3128826364465286
-0.3130128956623681
-0.31314315487820765
-0.3132734140940471
-0.3134036733098866
-0.31353393252572614
-0.3136641917415657
-0.3137944509574052
-0.31392471017324475
-0.3140549693890843
-0.3141852286049238
-0.31535756154747946
-0.3175719682167513
-0.3177022274325908
-0.31783248664843033
-0.31796274586426987
-0.3180930050801094
-0.31822326429594894
-0.3183535235117884
-0.31848378272762795
-0.3186140419434675
-0.31874430115930696
-0.3188745603751465
-0.3193955972385046
-0.3195258564543441
-0.32043767096522074
-0.3205679301810603
-0.3206981893968998
-0.32082844861273935
-0.3209587078285788
-0.32108896704441836
-0.3212192262602579
-0.32356389214536924
-0.3257782988146411
-0.3261690764621597
-0.32629933567799924
-0.3286440015631105
-0.32877426077895006
-0.3289045199947896
-0.33737136902435844
-0.33750162824019797
-0.33763188745603745
-0.3378924058877165
-0.3384134427510746
-0.3385437019669141
-0.3386739611827536
-0.33880422039859315
-0.3389344796144327
-0.6077895011072033
-0.6079197603230427
-0.28109938778168553
-0.28122964699752506
-0.2813599062133646
-0.28149016542920413
-0.2816204246450436
-0.2817506838608831
-0.2818809430767226
-0.28201120229256216
-0.2821414615084017
-0.2822717207242412
-0.28240197994008076
-0.2826624983717598
-0.28279275758759925
-0.2829230168034388
-0.28709131171030344
-0.28748208935782205
-0.2876123485736616
-0.2877426077895011
-0.28826364465285914
-0.2883939038686987
-0.2885241630845382
-0.28865442230037774
-0.2887846815162173
-0.28891494073205676
-0.2890451999478963
-0.2891754591637358
-0.2893057183795753
-0.28943597759541484
-0.2895662368112544
-0.2896964960270939
-0.2898267552429334
-0.2899570144587729
-0.29008727367461246
-0.29060831053797054
-0.29073856975381007
-0.29086882896964955
-0.2909990881854891
-0.2911293474013286
-0.29125960661716815
-0.29138986583300763
-0.29152012504884717
-0.2916503842646867
-0.29178064348052624
-0.2919109026963657
-0.29204116191220525
-0.2921714211280448
-0.2923016803438843
-0.29243193955972385
-0.29256219877556333
-0.29269245799140287
-0.2928227172072424
-0.2929529764230819
-0.2930832356389214
-0.29321349485476095
-0.2933437540706005
-0.29347401328644
-0.2936042725022795
-0.29373453171811903
-0.2938647909339585
-0.29399505014979804
-0.2941253093656376
-0.2942555685814771
-0.29438582779731665
-0.2945160870131562
-0.2946463462289957
-0.2947766054448352
-0.2949068646606747
-0.2950371238765142
-0.29516738309235374
-0.3083235638921453
-0.30871434153966393
-0.30884460075550346
-0.30897485997134294
-0.3091051191871824
-0.30923537840302195
-0.3093656376188615
-0.309495896834701
-0.30962615605054056
-0.3101471929138986
-0.3102774521297381
-0.31040771134557765
-0.3105379705614172
-0.3106682297772567
-0.31079848899309626
-0.3109287482089358
-0.3113195258564543
-0.3114497850722938
-0.31158004428813335
-0.3117103035039729
-0.3118405627198124
-0.31197082193565195
-0.3121010811514915
-0.3122313403673309
-0.31236159958317045
-0.31249185879901
-0.3126221180148495
-0.31275237723068905
-0.3128826364465286
-0.3130128956623681
-0.31314315487820765
-0.3132734140940471
-0.3134036733098866
-0.31353393252572614
-0.3136641917415657
-0.3137944509574052
-0.31392471017324475
-0.3140549693890843
-0.3141852286049238
-0.3143154878207633
-0.31470626546828184
-0.31731144978507225
-0.3174417090009118
-0.3175719682167513
-0.3177022274325908
-0.31783248664843033
-0.31796274586426987
-0.3180930050801094
-0.31822326429594894
-0.3183535235117884
-0.31848378272762795
-0.3186140419434675
-0.31874430115930696
-0.3195258564543441
-0.3197863748860232
-0.31991663410186266
-0.3200468933177022
-0.32017715253354173
-0.3203074117493812
-0.32043767096522074
-0.3205679301810603
-0.3206981893968998
-0.32082844861273935
-0.3209587078285788
-0.32108896704441836
-0.3212192262602579
-0.32434544744040633
-0.32669011332551773
-0.33737136902435844
-0.33750162824019797
-0.33763188745603745
-0.337762146671877
-0.3378924058877165
-0.33802266510355605
-0.3381529243193956
-0.3382831835352351
-0.3384134427510746
-0.2752377230689071
-0.2753679822847466
-0.27562850071642564
-0.2757587599322652
-0.28318353523511786
-0.2885241630845382
-0.28865442230037774
-0.2887846815162173
-0.28891494073205676
-0.2890451999478963
-0.2891754591637358
-0.2893057183795753
-0.28943597759541484
-0.2895662368112544
-0.2896964960270939
-0.2898267552429334
-0.2899570144587729
-0.29008727367461246
-0.290217532890452
-0.29034779210629147
-0.290478051322131
-0.29060831053797054
-0.29073856975381007
-0.29086882896964955
-0.2909990881854891
-0.2911293474013286
-0.29125960661716815
-0.29138986583300763
-0.29152012504884717
-0.2916503842646867
-0.29178064348052624
-0.2919109026963657
-0.29256219877556333
-0.29269245799140287
-0.2928227172072424
-0.2929529764230819
-0.2930832356389214
-0.29321349485476095
-0.2933437540706005
-0.29347401328644
-0.2936042725022795
-0.29373453171811903
-0.2938647909339585
-0.29399505014979804
-0.29581867917155136
-0.3066301940862316
-0.3067604533020711
-0.3068907125179106
-0.3074117493812687
-0.30754200859710823
-0.30767226781294776
-0.30780252702878724
-0.3081933046763058
-0.3083235638921453
-0.30845382310798486
-0.3085840823238244
-0.30871434153966393
-0.30884460075550346
-0.30897485997134294
-0.30923537840302195
-0.3093656376188615
-0.309495896834701
-0.30962615605054056
-0.3097564152663801
-0.3098866744822196
-0.3100169336980591
-0.3101471929138986
-0.3102774521297381
-0.31040771134557765
-0.3105379705614172
-0.3106682297772567
-0.31079848899309626
-0.3109287482089358
-0.31105900742477527
-0.31118926664061475
-0.3113195258564543
-0.3114497850722938
-0.31158004428813335
-0.3117103035039729
-0.3118405627198124
-0.31197082193565195
-0.3121010811514915
-0.3122313403673309
-0.31236159958317045
-0.31249185879901
-0.3126221180148495
-0.31275237723068905
-0.3128826364465286
-0.3130128956623681
-0.31314315487820765
-0.3132734140940471
-0.3134036733098866
-0.31353393252572614
-0.3136641917415657
-0.3137944509574052
-0.315748339194998
-0.3160088576266771
-0.3161391168425166
-0.3162693760583561
-0.3163996352741956
-0.3165298944900351
-0.31666015370587464
-0.31679041292171417
-0.3169206721375537
-0.31705093135339324
-0.3171811905692328
-0.31731144978507225
-0.3174417090009118
-0.3175719682167513
-0.3177022274325908
-0.31783248664843033
-0.31796274586426987
-0.3180930050801094
-0.31822326429594894
-0.3183535235117884
-0.31848378272762795
-0.3186140419434675
-0.3188745603751465
-0.31900481959098603
-0.31913507880682557
-0.3193955972385046
-0.3195258564543441
-0.31965611567018365
-0.3197863748860232
-0.31991663410186266
-0.3200468933177022
-0.32017715253354173
-0.3203074117493812
-0.32043767096522074
-0.3205679301810603
-0.3206981893968998
-0.32082844861273935
-0.3209587078285788
-0.32278233685033214
-0.3229125960661717
-0.3230428552820112
-0.3231731144978507
-0.32330337371369017
-0.3257782988146411
-0.3359385176501237
-0.33606877686596326
-0.33619903608180274
-0.3364595545134818
-0.3378924058877165
-0.33802266510355605
-0.3381529243193956
-0.3382831835352351
-0.33997655334114885
-0.3401068125569884
-0.3050670834961573
-0.30519734271199683
-0.30532760192783637
-0.3054578611436759
-0.3055881203595154
-0.3057183795753549
-0.30584863879119445
-0.305978898007034
-0.30610915722287346
-0.306239416438713
-0.30636967565455253
-0.30649993487039207
-0.3066301940862316
-0.3067604533020711
-0.3068907125179106
-0.30702097173375015
-0.3071512309495896
-0.30728149016542916
-0.3074117493812687
-0.30754200859710823
-0.30767226781294776
-0.30780252702878724
-0.3079327862446268
-0.3098866744822196
-0.3100169336980591
-0.3101471929138986
-0.3102774521297381
-0.31040771134557765
-0.3141852286049238
-0.3143154878207633
-0.3144457470366028
-0.3145760062524423
-0.31470626546828184
-0.3148365246841214
-0.3149667838999609
-0.31509704311580045
-0.3152273023316399
-0.31535756154747946
-0.31548782076331894
-0.3156180799791585
-0.315748339194998
-0.31587859841083754
-0.3160088576266771
-0.3161391168425166
-0.3162693760583561
-0.3163996352741956
-0.3169206721375537
-0.3171811905692328
-0.31731144978507225
-0.3212192262602579
-0.3213494854760974
-0.32369415136120877
-0.5153054578611437
-0.6201641266119577
-0.6206851634753159
-0.6208154226911553
-0.620945681906995
-0.6210759411228344
-0.6212062003386738
-0.6213364595545134
-0.6214667187703529
-0.6215969779861925
-0.6217272372020319
-0.6218574964178716
-0.621987755633711
-0.6221180148495505
-0.6222482740653901
-0.6223785332812295
-0.6225087924970691
-0.6226390517129086
-0.6227693109287482
-0.6228995701445876
-0.6230298293604273
-0.6231600885762667
-0.6232903477921061
-0.6234206070079458
-0.6235508662237852
-0.6236811254396248
-0.6238113846554643
-0.6239416438713039
-0.6240719030871433
-0.624202162302983
-0.6248534583821805
-0.6258955321088966
-0.6262863097564153
-0.6264165689722547
-0.628240197994008
-0.6283704572098476
-0.6285007164256871
-0.6286309756415266
-0.6288914940732055
-0.3050670834961573
-0.30519734271199683
-0.30532760192783637
-0.3054578611436759
-0.3055881203595154
-0.3057183795753549
-0.30584863879119445
-0.305978898007034
-0.30610915722287346
-0.306239416438713
-0.30636967565455253
-0.30649993487039207
-0.3066301940862316
-0.3067604533020711
-0.3068907125179106
-0.30702097173375015
-0.3071512309495896
-0.30728149016542916
-0.3074117493812687
-0.30754200859710823
-0.30767226781294776
-0.30780252702878724
-0.3079327862446268
-0.30845382310798486
-0.3085840823238244
-0.30871434153966393
-0.30884460075550346
-0.30897485997134294
-0.3091051191871824
-0.30923537840302195
-0.3093656376188615
-0.309495896834701
-0.30962615605054056
-0.3097564152663801
-0.3098866744822196
-0.3100169336980591
-0.3101471929138986
-0.3102774521297381
-0.31040771134557765
-0.3105379705614172
-0.3106682297772567
-0.31079848899309626
-0.3109287482089358
-0.3118405627198124
-0.31197082193565195
-0.31353393252572614
-0.3137944509574052
-0.31392471017324475
-0.3140549693890843
-0.3141852286049238
-0.3143154878207633
-0.3144457470366028
-0.3145760062524423
-0.31470626546828184
-0.3148365246841214
-0.3149667838999609
-0.31509704311580045
-0.3152273023316399
-0.31535756154747946
-0.31548782076331894
-0.3156180799791585
-0.315748339194998
-0.31587859841083754
-0.3160088576266771
-0.3161391168425166
-0.3162693760583561
-0.3163996352741956
-0.3165298944900351
-0.31666015370587464
-0.31679041292171417
-0.3169206721375537
-0.31705093135339324
-0.3171811905692328
-0.31731144978507225
-0.3174417090009118
-0.3175719682167513
-0.3177022274325908
-0.31783248664843033
-0.31796274586426987
-0.3180930050801094
-0.31822326429594894
-0.3183535235117884
-0.31848378272762795
-0.3186140419434675
-0.31874430115930696
-0.3188745603751465
-0.31900481959098603
-0.31913507880682557
-0.31926533802266505
-0.3193955972385046
-0.3212192262602579
-0.3213494854760974
-0.3214797446919369
-0.32161000390777644
-0.32330337371369017
-0.32356389214536924
-0.32369415136120877
-0.3238244105770483
-0.3346359254917285
-0.334766184707568
-0.34114888628370454
-0.4908167252833137
-0.49094698449915325
-0.4910772437149928
-0.5370587469063436
-0.537189006122183
-0.5373192653380227
-0.5374495245538621
-0.5377100429855411
-0.5378403022013808
-0.5379705614172202
-0.5381008206330596
-0.5382310798488993
-0.5430506708349615
-0.543180930050801
-0.5433111892666406
-0.54344144848248
-0.5446137814250357
-0.5453953367200729
-0.5455255959359124
-0.545655855151752
-0.5457861143675914
-0.545916373583431
-0.5460466327992705
-0.54617689201511
-0.5468281880943077
-0.5469584473101471
-0.5470887065259867
-0.5472189657418262
-0.5473492249576657
-0.615474794841735
-0.6156050540575745
-0.6196430897485996
-0.6200338673961182
-0.6201641266119577
-0.6205549042594762
-0.6206851634753159
-0.6208154226911553
-0.6210759411228344
-0.6212062003386738
-0.6213364595545134
-0.6214667187703529
-0.6215969779861925
-0.6217272372020319
-0.6218574964178716
-0.621987755633711
-0.6221180148495505
-0.6222482740653901
-0.6223785332812295
-0.6225087924970691
-0.6227693109287482
-0.6228995701445876
-0.6230298293604273
-0.6231600885762667
-0.6232903477921061
-0.6234206070079458
-0.6235508662237852
-0.6236811254396248
-0.6238113846554643
-0.6239416438713039
-0.6253744952455387
-0.628240197994008
-0.6286309756415266
-0.6287612348573661
-0.6288914940732055
-0.6294125309365637
-0.6300638270157612
-0.6301940862316009
-0.061352090660414214
-0.061482349876253735
-0.061612609092093255
-0.2989449003516999
-0.29907515956753933
-0.29920541878337886
-0.2993356779992184
-0.29946593721505793
-0.29959619643089747
-0.299726455646737
-0.29985671486257653
-0.29998697407841607
-0.30011723329425555
-0.300247492510095
-0.30037775172593456
-0.3005080109417741
-0.3016803438843298
-0.30181060310016933
-0.30194086231600886
-0.30207112153184834
-0.3042855282011202
-0.30441578741695974
-0.3045460466327992
-0.30467630584863875
-0.3048065650644783
-0.3049368242803178
-0.3050670834961573
-0.30519734271199683
-0.30532760192783637
-0.3054578611436759
-0.3055881203595154
-0.3057183795753549
-0.30584863879119445
-0.305978898007034
-0.30610915722287346
-0.306239416438713
-0.3130128956623681
-0.31314315487820765
-0.3132734140940471
-0.3134036733098866
-0.31353393252572614
-0.3136641917415657
-0.3137944509574052
-0.31392471017324475
-0.3140549693890843
-0.3141852286049238
-0.3143154878207633
-0.3144457470366028
-0.3145760062524423
-0.31470626546828184
-0.3148365246841214
-0.3149667838999609
-0.31509704311580045
-0.32108896704441836
-0.3212192262602579
-0.3213494854760974
-0.3214797446919369
-0.32161000390777644
-0.4931613911684251
-0.49329165038426465
-0.4934219096001042
-0.4935521688159437
-0.4936824280317832
-0.49381268724762273
-0.4939429464634622
-0.49407320567930174
-0.5379705614172202
-0.5381008206330596
-0.5382310798488993
-0.5745734010681256
-0.6105249446398332
-0.6106552038556727
-0.6535104858668751
-0.06304546046632799
-0.06317571968216751
-0.06330597889800703
-0.06356649732968607
-0.06369675654552559
-0.06382701576136511
-0.06395727497720463
-0.06408753419304415
-0.06421779340888367
-0.06434805262472319
-0.06447831184056271
-0.06460857105640223
-0.06473883027224175
-0.06669271850983456
-0.0668229777256741
-0.0669532369415136
-0.06708349615735314
-0.06721375537319264
-0.06734401458903218
-0.06747427380487168
-0.06760453302071122
-0.06773479223655073
-0.06786505145239026
-0.06799531066822977
-0.0681255698840693
-0.06825582909990881
-0.06838608831574834
-0.06851634753158785
-0.06864660674742738
-0.06877686596326689
-0.06890712517910641
-0.06903738439494593
-0.06916764361078545
-0.06929790282662497
-0.06942816204246449
-0.06955842125830403
-0.06968868047414353
-0.07060049498502019
-0.07099127263253874
-0.07112153184837827
-0.07125179106421778
-0.07138205028005731
-0.07151230949589682
-0.07164256871173635
-0.07177282792757586
-0.07646215969779861
-0.30037775172593456
-0.30181060310016933
-0.30194086231600886
-0.30207112153184834
-0.3022013807476879
-0.30441578741695974
-0.3045460466327992
-0.3049368242803178
-0.3050670834961573
-0.30519734271199683
-0.30532760192783637
-0.3054578611436759
-0.5387521167122574
-0.5388823759280968
-0.5390126351439363
-0.5391428943597759
-0.5392731535756153
-0.539403412791455
-0.5395336720072944
-0.539663931223134
-0.5397941904389735
-0.5399244496548131
-0.5400547088706525
-0.540184968086492
-0.5403152273023316
-0.540445486518171
