0.3323371189479976
0.33248655110579795
0.33263598326359833
0.33278541542139867
0.334578601315003
0.33472803347280333
0.3348774656306037
0.33502689778840405
0.3351763299462044
0.33532576210400483
0.33547519426180517
0.3356246264196055
0.3357740585774059
0.3359234907352062
0.33607292289300655
0.33622235505080694
0.3363717872086073
0.33652121936640766
0.33667065152420805
0.3368200836820084
0.3369695158398087
0.3371189479976091
0.33726838015540944
0.3374178123132098
0.3375672444710102
0.5325762104004782
0.5327256425582786
0.532875074716079
0.5331739390316796
0.5333233711894799
0.766288105200239
0.7664375373580394
0.7665869695158398
0.7667364016736401
0.7668858338314406
0.767035265989241
0.7671846981470413
0.7673341303048417
0.767483562462642
0.7676329946204423
0.7677824267782427
0.7679318589360431
0.7680812910938434
0.9444112372982666
0.944560669456067
0.9447101016138674
0.9448595337716676
0.945008965929468
0.9451583980872683
0.9453078302450687
0.9454572624028691
0.9456066945606694
0.9457561267184699
0.9459055588762703
0.9460549910340706
0.9462044231918709
0.9527794381350867
0.9529288702928871
0.9530783024506875
0.9532277346084878
0.9533771667662881
0.9535265989240885
0.9536760310818888
0.9538254632396892
0.9539748953974896
0.9557680812910939
0.9559175134488942
0.9560669456066946
0.956216377764495
0.9563658099222953
0.9565152420800956
0.956664674237896
0.9568141063956963
0.9569635385534967
0.9571129707112972
0.9572624028690975
0.9574118350268979
0.9586072922893006
0.958756724447101
0.9589061566049014
0.9590555887627017
0.9592050209205021
0.9593544530783024
0.9595038852361029
0.9596533173939032
0.9598027495517036
0.9599521817095039
0.9609982068141064
0.9611476389719067
0.9612970711297071
0.9635385534967125
0.9636879856545129
0.9638374178123131
0.9639868499701136
0.964136282127914
0.9642857142857144
0.9644351464435147
0.9645845786013151
0.9647340107591155
0.9648834429169157
0.9650328750747161
0.9651823072325164
0.9653317393903168
0.9654811715481172
0.9656306037059175
0.9657800358637179
0.9659294680215182
0.9660789001793185
0.9662283323371189
0.9663777644949194
0.9665271966527198
0.9666766288105201
0.9668260609683205
0.9669754931261207
0.9671249252839211
0.9672743574417215
0.9674237895995218
0.9675732217573222
0.9677226539151226
0.9678720860729229
0.9698147041243276
0.969964136282128
0.9701135684399282
0.9702630005977286
0.970412432755529
0.9705618649133293
0.9707112970711297
0.9708607292289302
0.9710101613867305
0.9711595935445309
0.9807232516437538
0.9808726838015541
0.9810221159593545
0.9811715481171548
0.9813209802749552
0.9814704124327556
0.9816198445905558
0.9817692767483562
0.9819187089061566
0.9820681410639569
0.988344291691572
0.9884937238493724
0.9886431560071728
0.9887925881649731
0.9889420203227735
0.9890914524805738
0.9902869097429767
0.777495517035266
0.7776449491930664
0.7777943813508666
0.777943813508667
0.7780932456664674
0.7782426778242677
0.7783921099820682
0.7785415421398686
0.7786909742976689
0.7788404064554693
0.7789898386132696
0.8390615660490137
0.8420502092050209
0.8421996413628212
0.8423490735206216
0.8424985056784221
0.8426479378362224
0.8427973699940228
0.8429468021518232
0.8430962343096234
0.8432456664674238
0.8435445307830245
0.8436939629408249
0.8438433950986253
0.8439928272564255
0.8441422594142259
0.8442916915720263
0.8444411237298266
0.844590555887627
0.8447399880454274
0.8448894202032278
0.8450388523610282
0.8451882845188285
0.8453377166766288
0.8454871488344292
0.8456365809922296
0.8457860131500299
0.8459354453078303
0.8460848774656307
0.8468320382546324
0.8469814704124328
0.8471309025702332
0.8472803347280335
0.8474297668858339
0.8475791990436342
0.8477286312014346
0.847878063359235
0.850418410041841
0.8505678421996414
0.8507172743574417
0.8508667065152421
0.8510161386730425
0.8511655708308428
0.8513150029886432
0.8514644351464434
0.8516138673042438
0.8517632994620443
0.8519127316198447
0.852062163777645
0.8522115959354454
0.8563956963538555
0.8565451285116558
0.8566945606694562
0.8568439928272564
0.8569934249850568
0.8571428571428572
0.8572922893006575
0.8580394500896593
0.8581888822474596
0.85833831440526
0.8584877465630604
0.8586371787208608
0.8587866108786611
0.8589360430364615
0.8590854751942618
0.8592349073520622
0.8593843395098626
0.8595337716676629
0.8596832038254633
0.8598326359832636
0.8599820681410639
0.8601315002988643
0.8602809324566647
0.860430364614465
0.8605797967722654
0.8607292289300658
0.8608786610878661
0.8610280932456665
0.8611775254034669
0.8613269575612672
0.8614763897190676
0.861625821876868
0.8617752540346683
0.8619246861924686
0.862074118350269
0.8622235505080693
0.8623729826658697
0.8625224148236701
0.8626718469814704
0.8628212791392708
0.8629707112970711
0.8631201434548715
0.8632695756126719
0.8634190077704723
0.8635684399282726
0.863717872086073
0.8638673042438734
0.8640167364016736
0.864166168559474
0.8643156007172744
0.8644650328750747
0.8646144650328751
0.8647638971906755
0.9063060370591751
0.9064554692169755
0.9066049013747758
0.9067543335325763
0.9069037656903767
0.9097429766885834
0.9098924088463838
0.9100418410041842
0.9101912731619844
0.9103407053197848
0.9137776449491931
0.9139270771069935
0.9140765092647939
0.9142259414225942
0.9143753735803946
0.914524805738195
0.9146742378959952
0.9148236700537956
0.9149731022115959
0.9151225343693963
0.9152719665271967
0.915421398684997
0.9155708308427973
0.9157202630005977
0.9158696951583982
0.9160191273161985
0.9161685594739989
0.9163179916317993
0.9164674237895996
0.9166168559473999
0.9167662881052003
0.9169157202630006
0.917065152420801
0.9172145845786013
0.9173640167364017
0.917513448894202
0.9176628810520023
0.9178123132098027
0.9179617453676031
0.9181111775254034
0.9182606096832039
0.9242378959952182
0.9243873281530185
0.9245367603108189
0.9246861924686193
0.9248356246264196
0.9249850567842199
0.9251344889420204
0.9252839210998207
0.9254333532576211
0.9255827854154215
0.9257322175732218
0.9438135086670653
0.9439629408248655
0.9441123729826659
0.9442618051404663
0.944560669456067
0.9447101016138674
0.9448595337716676
0.945008965929468
0.9451583980872683
0.9453078302450687
0.9454572624028691
0.9456066945606694
0.9488942020322774
0.9490436341900778
0.949193066347878
0.9583084279737
0.9584578601315004
0.9586072922893006
0.958756724447101
0.9589061566049014
0.9590555887627017
0.9592050209205021
0.9593544530783024
0.9595038852361029
0.9596533173939032
0.9598027495517036
0.9599521817095039
0.9601016138673043
0.9602510460251047
0.960400478182905
0.9605499103407054
0.9606993424985057
0.960848774656306
0.9609982068141064
0.9611476389719067
0.9612970711297071
0.9614465032875075
0.9615959354453077
0.9617453676031082
0.9618947997609086
0.9714584578601315
0.9716078900179319
0.9717573221757323
0.9719067543335326
0.972056186491333
0.9722056186491334
0.9723550508069336
0.972504482964734
0.9726539151225344
0.9728033472803347
0.9729527794381351
0.9731022115959355
0.9732516437537359
0.9734010759115362
0.9735505080693366
0.9736999402271369
0.9738493723849373
0.9739988045427377
0.974148236700538
0.9742976688583384
0.9744471010161387
0.974596533173939
0.9754931261207412
0.9765391512253437
0.9766885833831441
0.9768380155409444
0.9769874476987448
0.9771368798565451
0.9772863120143455
0.6882845188284519
0.6884339509862523
0.7763000597728632
0.777495517035266
0.7776449491930664
0.7777943813508666
0.777943813508667
0.7792887029288703
0.7794381350866707
0.779587567244471
0.7797369994022714
0.7798864315600718
0.780035863717872
0.7801852958756724
0.7803347280334728
0.7804841601912731
0.7806335923490736
0.780783024506874
0.7809324566646743
0.8073819485953377
0.807531380753138
0.8076808129109384
0.8078302450687388
0.8091751344889421
0.8093245666467423
0.8094739988045427
0.8096234309623431
0.8097728631201434
0.8099222952779438
0.8106694560669456
0.810818888224746
0.8109683203825464
0.8117154811715481
0.8118649133293485
0.8120143454871488
0.8121637776449492
0.8130603705917514
0.8132098027495518
0.8133592349073521
0.8135086670651525
0.8136580992229528
0.8206814106395697
0.8208308427973701
0.8209802749551703
0.8211297071129707
0.821279139270771
0.8214285714285714
0.8215780035863718
0.8217274357441721
0.8218768679019726
0.822026300059773
0.8221757322175733
0.8223251643753736
0.822474596533174
0.8226240286909744
0.8227734608487747
0.8229228930065751
0.8230723251643753
0.8232217573221757
0.8233711894799761
0.8235206216377764
0.8236700537955768
0.8238194859533772
0.8239689181111775
0.8241183502689778
0.8242677824267783
0.8244172145845787
0.824566646742379
0.8247160789001794
0.8248655110579797
0.8250149432157801
0.8251643753735804
0.8253138075313807
0.8254632396891811
0.8256126718469815
0.8257621040047818
0.8259115361625822
0.8305439330543933
0.8306933652121936
0.830842797369994
0.8309922295277944
0.8311416616855948
0.8312910938433952
0.8389121338912134
0.8390615660490137
0.8393604303646145
0.8395098625224148
0.8396592946802152
0.8398087268380156
0.8399581589958158
0.8401075911536162
0.8402570233114167
0.8404064554692171
0.8405558876270174
0.8407053197848178
0.840854751942618
0.8410041841004184
0.8411536162582188
0.8413030484160191
0.8414524805738195
0.8416019127316199
0.8417513448894202
0.8419007770472205
0.8420502092050209
0.8421996413628212
0.8423490735206216
0.8424985056784221
0.8426479378362224
0.8427973699940228
0.8429468021518232
0.8430962343096234
0.8432456664674238
0.8433950986252242
0.8435445307830245
0.8436939629408249
0.8438433950986253
0.8439928272564255
0.8441422594142259
0.8442916915720263
0.8460848774656307
0.8462343096234309
0.8463837417812313
0.8465331739390317
0.846682606096832
0.8468320382546324
0.8469814704124328
0.8471309025702332
0.8472803347280335
0.8474297668858339
0.8475791990436342
0.8477286312014346
0.847878063359235
0.8480274955170353
0.8481769276748357
0.848326359832636
0.8484757919904363
0.8486252241482367
0.8487746563060371
0.8489240884638374
0.8490735206216378
0.849222952779438
0.8493723849372385
0.8495218170950389
0.8496712492528393
0.8498206814106396
0.84997011356844
0.8501195457262404
0.8502689778840407
0.850418410041841
0.8505678421996414
0.8507172743574417
0.8508667065152421
0.8510161386730425
0.8511655708308428
0.8513150029886432
0.8514644351464434
0.8516138673042438
0.8517632994620443
0.8519127316198447
0.852062163777645
0.8522115959354454
0.8523610280932458
0.852510460251046
0.8526598924088464
0.8528093245666468
0.8529587567244471
0.8531081888822475
0.8532576210400478
0.8534070531978482
0.8535564853556485
0.8537059175134488
0.8538553496712492
0.8540047818290497
0.8541542139868501
0.8543036461446504
0.8544530783024508
0.8546025104602512
0.8547519426180514
0.8549013747758518
0.8550508069336521
0.8552002390914525
0.8553496712492529
0.8554991034070532
0.8556485355648535
0.8560968320382546
0.8562462641960551
0.8563956963538555
0.8565451285116558
0.8566945606694562
0.8568439928272564
0.8569934249850568
0.8587866108786611
0.8589360430364615
0.8629707112970711
0.8631201434548715
0.8632695756126719
0.8634190077704723
0.8635684399282726
0.863717872086073
0.8638673042438734
0.8640167364016736
0.864166168559474
0.8643156007172744
0.8644650328750747
0.8646144650328751
0.8647638971906755
0.8649133293484758
0.8650627615062761
0.8738792588164973
0.8740286909742977
0.874178123132098
0.8743275552898984
0.8744769874476988
0.8746264196054991
0.8801554094441124
0.8803048416019128
0.8870292887029289
0.8871787208607292
0.8873281530185296
0.8876270173341303
0.8877764494919307
0.887925881649731
0.8880753138075314
0.8882247459653317
0.8883741781231322
0.8885236102809325
0.8886730424387329
0.8888224745965332
0.8889719067543336
0.889121338912134
0.8892707710699342
0.8894202032277346
0.889569635385535
0.8897190675433353
0.8898684997011357
0.8900179318589361
0.8901673640167364
0.8906156604901375
0.8907650926479379
0.8909145248057383
0.8910639569635386
0.891213389121339
0.8913628212791394
0.8915122534369396
0.89166168559474
0.8918111177525404
0.8919605499103407
0.9025702331141663
0.9027196652719666
0.9273759713090258
0.9275254034668261
0.934548714883443
0.9346981470412433
0.9394799760908548
0.9396294082486552
0.9453078302450687
0.9454572624028691
0.9456066945606694
0.9457561267184699
0.9459055588762703
0.9460549910340706
0.9462044231918709
0.9463538553496713
0.9465032875074717
0.946652719665272
0.9468021518230724
0.9469515839808726
0.947101016138673
0.9472504482964734
0.9473998804542737
0.9475493126120741
0.9476987447698745
0.9478481769276748
0.9479976090854753
0.9481470412432756
0.948296473401076
0.9484459055588763
0.9485953377166767
0.9487447698744771
0.9490436341900778
0.6884339509862523
0.6885833831440525
0.781231320980275
0.7813807531380753
0.7815301852958757
0.7816796174536761
0.7818290496114764
0.8123132098027496
0.8141063956963539
0.8142558278541542
0.814554692169755
0.8147041243275552
0.8148535564853556
0.8156007172743575
0.8157501494321578
0.8158995815899582
0.8160490137477585
0.8161984459055589
0.8163478780633593
0.8164973102211596
0.81664674237896
0.8167961745367603
0.8173939031679618
0.8175433353257622
0.8176927674835626
0.8178421996413628
0.8179916317991632
0.8184399282725643
0.8185893604303647
0.818738792588165
0.8188882247459653
0.8190376569037657
0.819187089061566
0.8193365212193664
0.8194859533771667
0.8196353855349672
0.8197848176927676
0.819934249850568
0.8200836820083682
0.8202331141661686
0.820382546323969
0.8205319784817693
0.8206814106395697
0.8208308427973701
0.8209802749551703
0.8211297071129707
0.821279139270771
0.8214285714285714
0.8215780035863718
0.8217274357441721
0.8218768679019726
0.8247160789001794
0.8248655110579797
0.8250149432157801
0.8251643753735804
0.8253138075313807
0.8254632396891811
0.826658696951584
0.8330842797369994
0.8338314405260012
0.8396592946802152
0.8405558876270174
0.8411536162582188
0.8413030484160191
0.8414524805738195
0.8416019127316199
0.8417513448894202
0.8419007770472205
0.8420502092050209
0.8421996413628212
0.8423490735206216
0.8444411237298266
0.844590555887627
0.8447399880454274
0.8448894202032278
0.8450388523610282
0.8451882845188285
0.8453377166766288
0.8454871488344292
0.8456365809922296
0.8457860131500299
0.8459354453078303
0.8460848774656307
0.8462343096234309
0.8463837417812313
0.8465331739390317
0.846682606096832
0.8468320382546324
0.8469814704124328
0.8471309025702332
0.8472803347280335
0.8474297668858339
0.8475791990436342
0.8477286312014346
0.847878063359235
0.8480274955170353
0.8481769276748357
0.848326359832636
0.8484757919904363
0.8486252241482367
0.8487746563060371
0.8489240884638374
0.8490735206216378
0.849222952779438
0.8505678421996414
0.8507172743574417
0.8508667065152421
0.8519127316198447
0.852062163777645
0.8522115959354454
0.8523610280932458
0.852510460251046
0.8526598924088464
0.8528093245666468
0.8529587567244471
0.8531081888822475
0.8532576210400478
0.8534070531978482
0.8535564853556485
0.8537059175134488
0.8538553496712492
0.8540047818290497
0.8541542139868501
0.8543036461446504
0.8544530783024508
0.8546025104602512
0.8547519426180514
0.8549013747758518
0.8550508069336521
0.8552002390914525
0.8553496712492529
0.8554991034070532
0.8556485355648535
0.8557979677226539
0.8559473998804542
0.8560968320382546
0.8562462641960551
0.8563956963538555
0.8565451285116558
0.8566945606694562
0.8568439928272564
0.8569934249850568
0.8571428571428572
0.8572922893006575
0.8574417214584579
0.8575911536162583
0.8577405857740585
0.8578900179318589
0.8580394500896593
0.8581888822474596
0.85833831440526
0.8584877465630604
0.8586371787208608
0.8587866108786611
0.8589360430364615
0.8590854751942618
0.8592349073520622
0.8593843395098626
0.8595337716676629
0.8596832038254633
0.8598326359832636
0.8599820681410639
0.8601315002988643
0.8602809324566647
0.860430364614465
0.8610280932456665
0.8611775254034669
0.8613269575612672
0.8614763897190676
0.861625821876868
0.8617752540346683
0.8619246861924686
0.862074118350269
0.8622235505080693
0.8623729826658697
0.8625224148236701
0.8626718469814704
0.863717872086073
0.8638673042438734
0.8640167364016736
0.864166168559474
0.8643156007172744
0.8644650328750747
0.8646144650328751
0.8647638971906755
0.8649133293484758
0.8650627615062761
0.8652121936640764
0.8653616258218768
0.865809922295278
0.8659593544530784
0.8661087866108788
0.866258218768679
0.8664076509264794
0.8665570830842798
0.8667065152420801
0.8668559473998805
0.8670053795576809
0.8671548117154811
0.8673042438732815
0.8674536760310818
0.8676031081888822
0.8684997011356844
0.8686491332934848
0.8687985654512852
0.8705917513448895
0.8707411835026898
0.8708906156604902
0.8710400478182905
0.8711894799760909
0.8713389121338913
0.8714883442916915
0.8716377764494919
0.8717872086072923
0.8719366407650926
0.872086072922893
0.8722355050806934
0.875821876867902
0.8762701733413031
0.8764196054991034
0.8765690376569037
0.8894202032277346
0.889569635385535
0.8897190675433353
0.8898684997011357
0.8922594142259415
0.8924088463837417
0.8925582785415421
0.8927077106993425
0.8928571428571428
0.8930065750149433
0.8992827256425583
0.901673640167364
0.9018230723251643
0.9019725044829647
0.9021219366407652
0.9022713687985655
0.9024208009563659
0.9025702331141663
0.9027196652719666
0.902869097429767
0.9030185295875672
0.9031679617453676
0.903317393903168
0.9034668260609683
0.9036162582187687
0.9037656903765691
0.9039151225343693
0.9040645546921697
0.9042139868499701
0.9043634190077706
0.9487447698744771
0.9488942020322774
0.9583084279737
0.9584578601315004
0.9586072922893006
0.9736999402271369
0.9738493723849373
0.9739988045427377
0.974148236700538
0.9742976688583384
0.9744471010161387
0.974596533173939
0.9747459653317394
0.9748953974895398
0.8167961745367603
0.8169456066945606
0.817095038852361
0.8172444710101613
0.8173939031679618
0.8175433353257622
0.8176927674835626
0.8178421996413628
0.8179916317991632
0.8188882247459653
0.8190376569037657
0.819187089061566
0.8193365212193664
0.8194859533771667
0.8196353855349672
0.8197848176927676
0.819934249850568
0.8200836820083682
0.8202331141661686
0.8247160789001794
0.8248655110579797
0.8250149432157801
0.8314405260011956
0.8315899581589958
0.8393604303646145
0.8395098625224148
0.8396592946802152
0.8398087268380156
0.8399581589958158
0.8401075911536162
0.8402570233114167
0.8404064554692171
0.8405558876270174
0.8407053197848178
0.840854751942618
0.8410041841004184
0.8411536162582188
0.8413030484160191
0.8414524805738195
0.8416019127316199
0.8417513448894202
0.8419007770472205
0.8420502092050209
0.8421996413628212
0.8423490735206216
0.8424985056784221
0.8426479378362224
0.8427973699940228
0.8429468021518232
0.8430962343096234
0.8432456664674238
0.8433950986252242
0.8435445307830245
0.8436939629408249
0.8438433950986253
0.8439928272564255
0.8441422594142259
0.8442916915720263
0.8444411237298266
0.844590555887627
0.8447399880454274
0.8448894202032278
0.8450388523610282
0.8451882845188285
0.8453377166766288
0.8454871488344292
0.8456365809922296
0.8457860131500299
0.8459354453078303
0.8460848774656307
0.8462343096234309
0.8463837417812313
0.8465331739390317
0.846682606096832
0.8468320382546324
0.8469814704124328
0.8471309025702332
0.8472803347280335
0.8474297668858339
0.8475791990436342
0.8477286312014346
0.847878063359235
0.8480274955170353
0.8481769276748357
0.848326359832636
0.8484757919904363
0.8486252241482367
0.8487746563060371
0.8489240884638374
0.8490735206216378
0.849222952779438
0.8493723849372385
0.8495218170950389
0.8496712492528393
0.8498206814106396
0.84997011356844
0.8501195457262404
0.8502689778840407
0.850418410041841
0.8505678421996414
0.8507172743574417
0.8508667065152421
0.8510161386730425
0.8511655708308428
0.8513150029886432
0.8514644351464434
0.8516138673042438
0.8541542139868501
0.8543036461446504
0.8544530783024508
0.8546025104602512
0.8547519426180514
0.8549013747758518
0.8550508069336521
0.8552002390914525
0.8562462641960551
0.8563956963538555
0.8565451285116558
0.8566945606694562
0.8568439928272564
0.8569934249850568
0.8571428571428572
0.8572922893006575
0.8574417214584579
0.8575911536162583
0.8577405857740585
0.8578900179318589
0.8580394500896593
0.8581888822474596
0.85833831440526
0.8584877465630604
0.8586371787208608
0.8587866108786611
0.8589360430364615
0.8590854751942618
0.8592349073520622
0.8593843395098626
0.8595337716676629
0.8596832038254633
0.8598326359832636
0.8599820681410639
0.8601315002988643
0.8602809324566647
0.860430364614465
0.8605797967722654
0.8607292289300658
0.8608786610878661
0.8610280932456665
0.8611775254034669
0.8613269575612672
0.8614763897190676
0.861625821876868
0.8617752540346683
0.8619246861924686
0.862074118350269
0.8622235505080693
0.8623729826658697
0.8625224148236701
0.8626718469814704
0.8628212791392708
0.8629707112970711
0.8631201434548715
0.8632695756126719
0.8634190077704723
0.8635684399282726
0.863717872086073
0.8638673042438734
0.8640167364016736
0.864166168559474
0.8643156007172744
0.8644650328750747
0.8646144650328751
0.8647638971906755
0.8649133293484758
0.8650627615062761
0.8652121936640764
0.8653616258218768
0.8655110579796773
0.8656604901374777
0.865809922295278
0.8673042438732815
0.8674536760310818
0.8676031081888822
0.8677525403466827
0.8679019725044831
0.8680514046622834
0.8682008368200838
0.8683502689778841
0.8707411835026898
0.8708906156604902
0.8710400478182905
0.8759713090257023
0.8761207411835027
0.8945008965929468
0.8946503287507471
0.8947997609085475
0.8949491930663479
0.8950986252241482
0.8952480573819487
0.8959952181709504
0.8961446503287508
0.8962940824865512
0.8964435146443515
0.8965929468021518
0.19784817692767484
0.81664674237896
0.8167961745367603
0.8169456066945606
0.817095038852361
0.8172444710101613
0.8173939031679618
0.8175433353257622
0.8176927674835626
0.8178421996413628
0.818738792588165
0.8188882247459653
0.8190376569037657
0.819187089061566
0.8193365212193664
0.8321876867901973
0.8396592946802152
0.8402570233114167
0.8404064554692171
0.8405558876270174
0.8407053197848178
0.840854751942618
0.8411536162582188
0.8413030484160191
0.8414524805738195
0.8416019127316199
0.8417513448894202
0.8419007770472205
0.8420502092050209
0.8421996413628212
0.8423490735206216
0.8424985056784221
0.8426479378362224
0.8427973699940228
0.8429468021518232
0.8430962343096234
0.8432456664674238
0.8433950986252242
0.8435445307830245
0.8436939629408249
0.8438433950986253
0.8439928272564255
0.8441422594142259
0.8442916915720263
0.8444411237298266
0.844590555887627
0.8457860131500299
0.8459354453078303
0.8460848774656307
0.8462343096234309
0.8463837417812313
0.8465331739390317
0.846682606096832
0.8472803347280335
0.8474297668858339
0.8475791990436342
0.8477286312014346
0.847878063359235
0.8480274955170353
0.8481769276748357
0.848326359832636
0.8484757919904363
0.8486252241482367
0.8487746563060371
0.8489240884638374
0.8490735206216378
0.849222952779438
0.8493723849372385
0.8495218170950389
0.8496712492528393
0.8498206814106396
0.84997011356844
0.8501195457262404
0.8502689778840407
0.850418410041841
0.8505678421996414
0.8507172743574417
0.8508667065152421
0.8510161386730425
0.8565451285116558
0.8566945606694562
0.8568439928272564
0.8569934249850568
0.8571428571428572
0.8572922893006575
0.8574417214584579
0.8575911536162583
0.8577405857740585
0.8578900179318589
0.8580394500896593
0.8581888822474596
0.85833831440526
0.8584877465630604
0.8586371787208608
0.8587866108786611
0.8589360430364615
0.8599820681410639
0.8601315002988643
0.8602809324566647
0.860430364614465
0.8605797967722654
0.8607292289300658
0.8608786610878661
0.8610280932456665
0.8611775254034669
0.8613269575612672
0.8614763897190676
0.861625821876868
0.8617752540346683
0.8619246861924686
0.862074118350269
0.8622235505080693
0.8623729826658697
0.8625224148236701
0.8626718469814704
0.8628212791392708
0.8629707112970711
0.8631201434548715
0.8632695756126719
0.8634190077704723
0.8635684399282726
0.863717872086073
0.8638673042438734
0.8640167364016736
0.864166168559474
0.8643156007172744
0.8644650328750747
0.8646144650328751
0.8647638971906755
0.8649133293484758
0.8650627615062761
0.8652121936640764
0.8653616258218768
0.8655110579796773
0.8670053795576809
0.8671548117154811
0.8673042438732815
0.8674536760310818
0.8676031081888822
0.8677525403466827
0.8759713090257023
0.8767184698147041
0.8945008965929468
0.8164973102211596
0.81664674237896
0.8167961745367603
0.8169456066945606
0.817095038852361
0.8172444710101613
0.8173939031679618
0.8175433353257622
0.8176927674835626
0.8178421996413628
0.8182904961147639
0.8184399282725643
0.8185893604303647
0.818738792588165
0.8432456664674238
0.8433950986252242
0.8435445307830245
0.8436939629408249
0.8438433950986253
0.8477286312014346
0.847878063359235
0.8480274955170353
0.8481769276748357
0.848326359832636
0.8484757919904363
0.8486252241482367
0.8487746563060371
0.8489240884638374
0.8490735206216378
0.849222952779438
0.8493723849372385
0.8495218170950389
0.8496712492528393
0.8498206814106396
0.84997011356844
0.8501195457262404
0.8502689778840407
0.850418410041841
0.8568439928272564
0.8569934249850568
0.8571428571428572
0.8572922893006575
0.8574417214584579
0.8575911536162583
0.8577405857740585
0.8578900179318589
0.8580394500896593
0.8581888822474596
0.8599820681410639
0.8601315002988643
0.8602809324566647
0.860430364614465
0.8605797967722654
0.8607292289300658
0.8608786610878661
0.8610280932456665
0.8623729826658697
0.8625224148236701
0.8626718469814704
0.8628212791392708
0.8629707112970711
0.8631201434548715
0.8632695756126719
0.8634190077704723
0.8635684399282726
0.863717872086073
0.8638673042438734
0.8640167364016736
0.864166168559474
0.2089061566049014
0.20905558876270175
0.2092050209205021
0.20950388523610283
0.8169456066945606
0.817095038852361
0.8172444710101613
0.8173939031679618
0.8175433353257622
0.8176927674835626
0.8178421996413628
0.8179916317991632
0.8181410639569636
0.8182904961147639
0.8184399282725643
0.8185893604303647
0.8481769276748357
0.848326359832636
0.8484757919904363
0.8486252241482367
0.8487746563060371
0.8489240884638374
0.8490735206216378
0.849222952779438
0.8493723849372385
0.8495218170950389
0.8496712492528393
0.8498206814106396
0.84997011356844
0.8501195457262404
0.8502689778840407
0.850418410041841
0.8571428571428572
0.8572922893006575
0.8574417214584579
0.8575911536162583
0.8577405857740585
0.8578900179318589
0.8580394500896593
0.8602809324566647
0.860430364614465
0.8605797967722654
0.8607292289300658
0.8608786610878661
0.8610280932456665
0.8628212791392708
0.8629707112970711
0.8631201434548715
0.8632695756126719
0.8634190077704723
0.8635684399282726
0.863717872086073
0.8638673042438734
0.8640167364016736
0.8147041243275552
0.8172444710101613
0.8173939031679618
0.8175433353257622
0.8176927674835626
0.8178421996413628
0.8179916317991632
0.8181410639569636
0.8182904961147639
0.8185893604303647
0.8188882247459653
0.8190376569037657
0.819187089061566
0.8193365212193664
0.8194859533771667
0.8196353855349672
0.8197848176927676
0.819934249850568
0.8200836820083682
0.8251643753735804
0.8253138075313807
0.8254632396891811
0.8256126718469815
0.8327854154213987
0.8407053197848178
0.840854751942618
0.8410041841004184
0.8411536162582188
0.8416019127316199
0.8417513448894202
0.8419007770472205
0.8420502092050209
0.8421996413628212
0.8423490735206216
0.8424985056784221
0.8426479378362224
0.8427973699940228
0.8429468021518232
0.8430962343096234
0.8432456664674238
0.8433950986252242
0.8435445307830245
0.8436939629408249
0.8438433950986253
0.8439928272564255
0.8441422594142259
0.8442916915720263
0.8444411237298266
0.844590555887627
0.8447399880454274
0.8448894202032278
0.8450388523610282
0.8463837417812313
0.8465331739390317
0.846682606096832
0.8468320382546324
0.847878063359235
0.8480274955170353
0.8481769276748357
0.848326359832636
0.8484757919904363
0.8486252241482367
0.8487746563060371
0.8489240884638374
0.8490735206216378
0.849222952779438
0.8493723849372385
0.8495218170950389
0.8496712492528393
0.8498206814106396
0.84997011356844
0.8501195457262404
0.8502689778840407
0.850418410041841
0.8505678421996414
0.8507172743574417
0.8508667065152421
0.8510161386730425
0.8511655708308428
0.8513150029886432
0.8568439928272564
0.8569934249850568
0.8571428571428572
0.8572922893006575
0.8574417214584579
0.8575911536162583
0.8577405857740585
0.8578900179318589
0.8580394500896593
0.8581888822474596
0.85833831440526
0.8584877465630604
0.8586371787208608
0.8587866108786611
0.8589360430364615
0.8590854751942618
0.8592349073520622
0.8607292289300658
0.8608786610878661
0.8610280932456665
0.8611775254034669
0.8613269575612672
0.8614763897190676
0.861625821876868
0.8617752540346683
0.8619246861924686
0.862074118350269
0.8622235505080693
0.8623729826658697
0.8625224148236701
0.8626718469814704
0.8628212791392708
0.8629707112970711
0.8631201434548715
0.8632695756126719
0.8634190077704723
0.8635684399282726
0.863717872086073
0.8638673042438734
0.8640167364016736
0.864166168559474
0.8643156007172744
0.8644650328750747
0.8646144650328751
0.8647638971906755
0.8649133293484758
0.8650627615062761
0.8652121936640764
0.8653616258218768
0.8655110579796773
0.8656604901374777
0.865809922295278
0.8659593544530784
0.8661087866108788
0.8671548117154811
0.8673042438732815
0.8674536760310818
0.8676031081888822
0.8677525403466827
0.8679019725044831
0.8680514046622834
0.8682008368200838
0.8683502689778841
0.8764196054991034
0.8765690376569037
0.8965929468021518
0.8967423789599522
0.8968918111177525
0.004333532576210401
0.046772265391512254
0.04692169754931261
0.047071129707112976
0.04722056186491334
0.07770472205618649
0.07785415421398685
0.07800358637178721
0.07934847579199045
0.0794979079497908
0.08084279736999403
0.08099222952779439
0.08114166168559474
0.08129109384339511
0.08144052600119546
0.08158995815899582
0.0827854154213987
0.08293484757919904
0.0830842797369994
0.08323371189479975
0.08338314405260012
0.08353257621040049
0.08368200836820083
0.08472803347280336
0.08487746563060371
0.08502689778840407
0.08517632994620442
0.10908547519426182
0.10923490735206216
0.10938433950986252
0.10953377166766289
0.10968320382546325
0.1098326359832636
0.10998206814106397
0.11013150029886432
0.11028093245666468
0.11879856545128513
0.11894799760908548
0.11909742976688584
0.1192468619246862
0.11939629408248656
0.1195457262402869
0.11969515839808728
0.11984459055588763
0.11999402271368799
0.12014345487148834
0.12029288702928871
0.12044231918708906
0.12059175134488943
0.12074118350268978
0.12089061566049014
0.12104004781829049
0.12118947997609086
0.12133891213389121
0.12148834429169157
0.12163777644949193
0.1217872086072923
0.12193664076509265
0.12208607292289302
0.1291093843395099
0.12925881649731022
0.12940824865511058
0.1355349671249253
0.13568439928272566
0.16855947399880455
0.1687089061566049
0.16885833831440528
0.16900777047220564
0.16915720263000597
0.16930663478780633
0.16945606694560672
0.16960549910340705
0.16975493126120741
0.16990436341900775
0.17005379557680814
0.1702032277346085
0.17035265989240883
0.17050209205020922
0.17139868499701136
0.17872086072922894
0.1788702928870293
0.17931858936043038
0.1969515839808727
0.21323968918111177
0.21338912133891214
0.21503287507471608
0.22310221159593543
0.22325164375373582
0.22340107591153618
0.22355050806933652
0.22369994022713688
0.22384937238493727
0.2239988045427376
0.22414823670053796
0.2242976688583383
0.22444710101613868
0.22459653317393904
0.22474596533173938
0.2628511655708309
0.2630005977286312
0.26315002988643155
0.26329946204423194
0.7706216377764495
-0.011655708308427973
-0.011954572624028692
-0.02226539151225344
-0.022414823670053798
-0.022564255827854155
-0.022713687985654513
-0.02286312014345487
-0.02301255230125523
-0.02316198445905559
-0.023311416616855946
-0.023460848774656304
-0.02361028093245667
-0.023759713090257026
-0.023909145248057383
-0.029139270771069935
-0.029288702928870293
-0.029438135086670654
-0.02958756724447101
-0.02973699940227137
-0.029886431560071727
-0.030035863717872084
-0.030185295875672445
-0.030334728033472803
-0.030484160191273164
-0.030633592349073525
-0.030783024506873882
-0.03093245666467424
-0.03197848176927675
-0.032127913927077104
-0.03227734608487747
-0.032426778242677826
-0.03257621040047819
-0.03272564255827854
-0.0328750747160789
-0.03302450687387926
-0.03317393903167962
-0.03332337118947998
-0.03347280334728033
-0.03362223550508069
-0.033771667662881054
-0.033921099820681415
-0.03407053197848177
-0.03421996413628213
-0.03436939629408249
-0.034518828451882845
-0.034668260609683206
-0.0458756724447101
-0.04602510460251046
-0.046174536760310816
-0.04632396891811118
-0.04647340107591153
-0.1684100418410042
-0.16855947399880455
-0.1687089061566049
-0.16885833831440528
-0.16930663478780633
-0.16945606694560672
-0.16960549910340705
-0.16975493126120741
-0.16990436341900775
-0.17618051404662283
-0.17632994620442322
-0.17722653915122535
-0.17737597130902572
-0.21368798565451286
-0.21383741781231322
-0.21398684997011355
-0.21413628212791394
-0.2142857142857143
-0.21443514644351463
-0.214584578601315
-0.21473401075911538
-0.21488344291691572
-0.8416019127316199
-0.8417513448894202
-0.8419007770472205
-0.8420502092050209
-0.8421996413628212
-0.8423490735206216
-0.8424985056784221
-0.8426479378362224
-0.00328750747160789
-0.003436939629408249
-0.003586371787208607
-0.004931261207411834
-0.0050806933652121945
-0.005230125523012552
-0.006873879258816498
-0.0070233114166168556
-0.007172743574417214
-0.007322175732217573
-0.007621040047818291
-0.007770472205618649
-0.007919904363419009
-0.008069336521219368
-0.008218768679019725
-0.008368200836820083
-0.010310818888224747
-0.010460251046025104
-0.010609683203825463
-0.011805140466228334
-0.17677824267782427
-0.17692767483562463
-0.177077106993425
-0.17797369994022716
-0.1785714285714286
-0.17872086072922894
-0.1788702928870293
-0.17901972504482963
-0.17916915720263002
-0.17931858936043038
-0.1794680215182307
-0.17961745367603107
-0.17976688583383146
-0.1799163179916318
-0.18096234309623432
-0.18111177525403468
-0.1814106395696354
-0.18156007172743577
-0.1817095038852361
-0.18185893604303646
-0.18200836820083685
-0.18215780035863718
-0.18230723251643755
-0.18245666467423788
-0.18260609683203827
-0.21503287507471608
-0.0023909145248057384
-0.0025403466826060973
-0.002988643156007173
-0.0031380753138075313
-0.00328750747160789
-0.004333532576210401
-0.004482964734010759
-0.004632396891811118
-0.004781829049611477
-0.004931261207411834
-0.0050806933652121945
-0.005230125523012552
-0.007471607890017932
-0.17647937836222355
-0.1766288105200239
-0.17692767483562463
-0.17737597130902572
-0.17752540346682608
-0.17767483562462644
-0.1788702928870293
-0.17901972504482963
-0.17916915720263002
-0.17931858936043038
-0.1794680215182307
-0.1817095038852361
-0.18185893604303646
-0.18200836820083685
-0.18215780035863718
-0.18230723251643755
-0.18245666467423788
-0.6869396294082487
-0.6870890615660491
-0.6872384937238494
-0.6873879258816498
-0.18962940824865512
-0.19710101613867306
-0.20248057381948595
-0.20263000597728634
-0.20277943813508667
-0.20337716676628811
-0.20352659892408848
-0.2038254632396892
-0.37402869097429764
-0.37417812313209803
-0.3743275552898984
-0.37447698744769875
-0.37462641960549914
-0.3747758517632995
-0.3749252839210998
-0.3750747160789002
-0.3752241482367005
-0.37537358039450086
-0.3755230125523013
-0.37567244471010164
-0.6770771069934249
-0.3248655110579797
-0.32561267184698145
-0.32576210400478184
-0.3294979079497908
-0.3302450687387926
-0.3305439330543933
-0.3306933652121937
-0.33188882247459656
-0.3323371189479976
-0.33248655110579795
-0.33263598326359833
-0.33278541542139867
-0.33472803347280333
-0.3348774656306037
-0.33502689778840405
-0.3351763299462044
-0.33532576210400483
-0.3853855349671249
-0.4073520621637776
-0.40750149432157806
-0.41213389121338917
-0.4122833233711895
-0.41243275552898984
-0.3233711894799761
-0.3247160789001793
-0.3248655110579797
-0.32561267184698145
-0.32576210400478184
-0.3309922295277944
-0.3311416616855948
-0.3312910938433951
-0.3315899581589958
-0.3321876867901973
-0.3323371189479976
-0.33248655110579795
-0.33263598326359833
-0.33278541542139867
-0.33472803347280333
-0.33502689778840405
-0.3351763299462044
-0.33532576210400483
-0.38568439928272563
-0.385833831440526
-0.4060071727435744
-0.4061566049013748
-0.4063060370591751
-0.4064554692169755
-0.4066049013747759
-0.40675433353257623
-0.40690376569037656
-0.40705319784817695
-0.4072026300059773
-0.4073520621637776
-0.40750149432157806
-0.4076509264793784
-0.40780035863717873
-0.4079497907949791
-0.40809922295277945
-0.4082486551105798
-0.40839808726838017
-0.4085475194261805
-0.4125821876867902
-0.06724447101016139
-0.06739390316796175
-0.3247160789001793
-0.3248655110579797
-0.32576210400478184
-0.32591153616258217
-0.3260609683203825
-0.3311416616855948
-0.38508667065152424
-0.4052600119545727
-0.405409444112373
-0.40555887627017334
-0.4060071727435744
-0.4061566049013748
-0.4101912731619845
-0.41034070531978484
-0.41049013747758517
-0.4106395696353855
-0.4107890017931859
-0.4109384339509863
-0.41108786610878667
-0.411237298266587
-0.41138673042438734
-0.41153616258218767
-0.41168559473998806
-0.4118350268977884
-0.4119844590555887
-0.41213389121338917
-0.4122833233711895
-0.41243275552898984
-0.4125821876867902
-0.41273161984459056
-0.4128810520023909
-0.4130304841601913
-0.4131799163179916
-0.413329348475792
-0.4134787806335924
-0.4136282127913927
-0.41377764494919306
-0.41392707710699345
-0.4140765092647938
-0.4142259414225941
-0.41437537358039456
-0.32352062163777645
-0.3248655110579797
-0.41108786610878667
-0.411237298266587
-0.41138673042438734
-0.41153616258218767
-0.41168559473998806
-0.4118350268977884
-0.02839210998206814
-0.028690974297668856
-0.029886431560071727
-0.030035863717872084
-0.030185295875672445
-0.030334728033472803
-0.030484160191273164
-0.030633592349073525
-0.030783024506873882
-0.03093245666467424
-0.031081888822474597
-0.032127913927077104
-0.03227734608487747
-0.032426778242677826
-0.03257621040047819
-0.03272564255827854
-0.0328750747160789
-0.03302450687387926
-0.05872683801554095
-0.05887627017334131
-0.0596234309623431
-0.05977286312014345
-0.059922295277943814
-0.06007172743574417
-0.06022115959354453
-0.06037059175134489
-0.4031679617453676
-0.403317393903168
-0.40346682606096834
-0.4036162582187687
-0.403765690376569
-0.4039151225343694
-0.4040645546921698
-0.4042139868499702
-0.40451285116557084
-0.4046622833233712
