0.5525630870204821
0.5562973859907208
0.5639923050809097
0.6875636528233563
0.6876768133982121
0.6877899739730677
0.6879031345479235
0.6960506959375353
0.696163856512391
0.6962770170872468
0.6963901776621024
0.6965033382369582
0.696616498811814
0.6967296593866696
0.6968428199615254
0.6969559805363811
0.6970691411112367
0.6971823016860925
0.8154351024103201
0.8155482629851759
0.8156614235600316
0.8545886613103995
0.8547018218852551
0.8548149824601109
0.8549281430349666
0.8550413036098222
0.855154464184678
0.8552676247595338
0.8553807853343894
0.8571913545320811
0.8573045151069366
0.8574176756817924
0.8575308362566482
0.8576439968315038
0.8577571574063596
0.8578703179812153
0.857983478556071
0.8580966391309267
0.8582097997057824
0.8583229602806381
0.8584361208554939
0.8585492814303496
0.8586624420052054
0.8587756025800611
0.8588887631549168
0.8590019237297725
0.8687337331673645
0.8688468937422201
0.8690732148919316
0.8691863754667873
0.8692995360416431
0.8694126966164987
0.8695258571913544
0.8696390177662102
0.8697521783410659
0.8698653389159217
0.8699784994907774
0.8759760099581305
0.8760891705329863
0.8771076157066877
0.8772207762815435
0.8773339368563993
0.877786579155822
0.8778997397306778
0.8868394251442797
0.8869525857191355
0.8870657462939912
0.8914790087133642
0.8919316510127872
0.8986081249292746
0.9170532986307569
0.9171664592056127
0.9172796197804685
0.9803100599751047
0.9804232205499603
0.021274188072875407
0.02138734864773113
0.1088604730112029
0.5613896118592283
0.5615027724340839
0.5616159330089396
0.5617290935837954
0.5618422541586511
0.6654973407264908
0.6656105013013466
0.6705895665949982
0.670702727169854
0.6708158877447097
0.6709290483195655
0.6710422088944212
0.6711553694692768
0.6719474934932669
0.6771528799366301
0.6772660405114858
0.6773792010863415
0.6774923616611972
0.6776055222360529
0.6777186828109086
0.6778318433857643
0.6779450039606201
0.6780581645354758
0.6781713251103315
0.6782844856851873
0.6785108068348986
0.6879031345479235
0.6880162951227792
0.6881294556976348
0.6882426162724906
0.6946927690392667
0.6948059296141224
0.8106823582663799
0.8107955188412357
0.8109086794160913
0.8110218399909471
0.8111350005658029
0.8112481611406586
0.8118139640149371
0.8119271245897929
0.8120402851646487
0.8121534457395042
0.81226660631436
0.8123797668892158
0.8124929274640714
0.8126060880389272
0.812719248613783
0.8128324091886386
0.8129455697634944
0.8130587303383501
0.8131718909132057
0.8132850514880615
0.8133982120629173
0.813511372637773
0.8136245332126287
0.8137376937874844
0.8138508543623401
0.8139640149371958
0.8140771755120515
0.8141903360869073
0.814303496661763
0.8144166572366187
0.8145298178114745
0.8146429783863302
0.8147561389611858
0.8148692995360416
0.8149824601108974
0.815095620685753
0.8152087812606088
0.8153219418354645
0.8154351024103201
0.8155482629851759
0.8156614235600316
0.8157745841348873
0.8161140658594546
0.8162272264343102
0.8163403870091659
0.8164535475840217
0.8165667081588774
0.8166798687337331
0.8167930293085889
0.8169061898834447
0.8170193504583002
0.817132511033156
0.8172456716080118
0.8173588321828674
0.8174719927577232
0.8175851533325789
0.8176983139074346
0.8197352042548376
0.8198483648296933
0.819961525404549
0.8200746859794048
0.8201878465542605
0.8203010071291161
0.8204141677039719
0.8214326128776733
0.8215457734525291
0.8216589340273849
0.8217720946022405
0.8249405906982007
0.8269774810456036
0.8270906416204594
0.8272038021953151
0.8273169627701709
0.8274301233450266
0.8275432839198822
0.827656444494738
0.8277696050695937
0.8278827656444494
0.8279959262193052
0.828109086794161
0.8282222473690166
0.8283354079438723
0.828448568518728
0.8285617290935837
0.8286748896684395
0.8287880502432952
0.8289012108181509
0.8290143713930067
0.8291275319678623
0.829240692542718
0.8293538531175738
0.8294670136924295
0.8295801742672853
0.829693334842141
0.8298064954169967
0.8299196559918524
0.8303722982912752
0.830485458866131
0.8305986194409868
0.8307117800158423
0.8308249405906981
0.8309381011655539
0.8310512617404096
0.8311644223152653
0.8312775828901211
0.8313907434649768
0.8315039040398324
0.8316170646146882
0.8317302251895439
0.8318433857643996
0.8319565463392553
0.8320697069141111
0.8321828674889669
0.8322960280638224
0.8324091886386782
0.832522349213534
0.8326355097883896
0.8327486703632454
0.8328618309381012
0.8329749915129568
0.8330881520878126
0.8332013126626683
0.833314473237524
0.8334276338123797
0.8335407943872355
0.8336539549620912
0.8337671155369469
0.8338802761118026
0.8339934366866583
0.834106597261514
0.8342197578363697
0.8343329184112255
0.834898721285504
0.8350118818603598
0.836143487608917
0.8362566481837728
0.8363698087586284
0.8364829693334841
0.8365961299083399
0.8367092904831956
0.8368224510580513
0.8369356116329071
0.8370487722077629
0.8371619327826184
0.8372750933574742
0.83738825393233
0.8517596469390064
0.8518728075138621
0.8519859680887178
0.8520991286635736
0.8522122892384293
0.8534570555618421
0.8535702161366979
0.8536833767115537
0.8537965372864094
0.8539096978612651
0.8540228584361208
0.8541360190109765
0.8542491795858322
0.8543623401606879
0.8544755007355437
0.8545886613103995
0.8547018218852551
0.8548149824601109
0.8549281430349666
0.8550413036098222
0.855154464184678
0.8552676247595338
0.8553807853343894
0.8554939459092452
0.855607106484101
0.8557202670589565
0.8558334276338123
0.8559465882086681
0.8560597487835238
0.8561729093583795
0.8562860699332352
0.856399230508091
0.8565123910829466
0.8566255516578023
0.8567387122326581
0.8568518728075138
0.8569650333823695
0.8570781939572253
0.8571913545320811
0.8573045151069366
0.8574176756817924
0.8575308362566482
0.8576439968315038
0.8577571574063596
0.8578703179812153
0.857983478556071
0.8580966391309267
0.8582097997057824
0.8583229602806381
0.8584361208554939
0.8585492814303496
0.8586624420052054
0.8587756025800611
0.8588887631549168
0.8590019237297725
0.8591150843046282
0.8592282448794839
0.8593414054543397
0.8594545660291955
0.8595677266040511
0.8596808871789069
0.8597940477537624
0.8645467918977028
0.8646599524725584
0.8647731130474142
0.86488627362227
0.8649994341971257
0.8659047187959714
0.8660178793708272
0.866131039945683
0.8662442005205385
0.8663573610953943
0.8664705216702501
0.8665836822451057
0.8666968428199615
0.8668100033948172
0.866923163969673
0.8670363245445286
0.8671494851193843
0.86726264569424
0.8673758062690958
0.8674889668439515
0.8676021274188073
0.867715287993663
0.8678284485685186
0.8679416091433744
0.8680547697182301
0.8682810908679416
0.8683942514427974
0.868507412017653
0.8686205725925087
0.8687337331673645
0.8688468937422201
0.8689600543170759
0.8690732148919316
0.8691863754667873
0.8692995360416431
0.8694126966164987
0.8695258571913544
0.8696390177662102
0.8697521783410659
0.8698653389159217
0.8699784994907774
0.8757496888084192
0.876202331107842
0.8763154916826977
0.8764286522575534
0.8765418128324092
0.8766549734072648
0.8767681339821205
0.8768812945569763
0.876994455131832
0.8771076157066877
0.8772207762815435
0.879031345479235
0.8791445060540907
0.8792576666289464
0.8793708272038021
0.8794839877786579
0.8795971483535137
0.8797103089283693
0.8798234695032251
0.8799366300780808
0.8800497906529364
0.8801629512277922
0.8802761118026479
0.8803892723775036
0.8805024329523594
0.8806155935272151
0.8807287541020707
0.8808419146769265
0.8809550752517822
0.881068235826638
0.8811813964014937
0.8812945569763494
0.8814077175512052
0.8815208781260608
0.8816340387009165
0.8817471992757723
0.8818603598506279
0.8819735204254837
0.8820866810003395
0.8821998415751952
0.8823130021500508
0.8824261627249066
0.8825393232997623
0.882652483874618
0.8827656444494738
0.8828788050243295
0.8829919655991852
0.8831051261740409
0.8832182867488966
0.8833314473237524
0.8834446078986081
0.8835577684734638
0.8836709290483196
0.8837840896231752
0.8838972501980309
0.8840104107728867
0.8841235713477423
0.8842367319225981
0.8843498924974539
0.8844630530723095
0.8845762136471653
0.8846893742220211
0.8848025347968766
0.8849156953717324
0.8850288559465882
0.8851420165214439
0.8852551770962996
0.8853683376711553
0.8854814982460111
0.8855946588208667
0.8857078193957224
0.8858209799705782
0.8860473011202896
0.8861604616951454
0.8863867828448567
0.8864999434197125
0.8866131039945683
0.8897816000905284
0.8900079212402399
0.8901210818150956
0.8902342423899513
0.890347402964807
0.8904605635396627
0.8905737241145184
0.8906868846893742
0.8908000452642298
0.8909132058390856
0.8910263664139414
0.8911395269887971
0.8912526875636527
0.8913658481385085
0.8914790087133642
0.8915921692882199
0.8917053298630757
0.8918184904379314
0.8919316510127872
0.8920448115876428
0.8921579721624985
0.8922711327373543
0.89238429331221
0.8924974538870657
0.8926106144619215
0.8927237750367771
0.8982686432047075
0.9094715401154237
0.9095847006902795
0.9096978612651351
0.9098110218399909
0.9099241824148466
0.9100373429897023
0.9101505035645581
0.9102636641394138
0.9103768247142695
0.9104899852891252
0.910603145863981
0.9107163064388366
0.9108294670136924
0.9109426275885482
0.9110557881634038
0.9111689487382596
0.9112821093131153
0.9113952698879709
0.9115084304628267
0.9116215910376824
0.9117347516125381
0.9118479121873939
0.9119610727622496
0.9120742333371054
0.912187393911961
0.9123005544868167
0.9124137150616725
0.9125268756365282
0.9126400362113839
0.9127531967862397
0.9128663573610953
0.912979517935951
0.9130926785108068
0.9132058390856624
0.9133189996605182
0.913432160235374
0.9135453208102297
0.9136584813850854
0.9137716419599411
0.9138848025347968
0.9139979631096525
0.9141111236845083
0.914224284259364
0.9143374448342197
0.9144506054090755
0.9145637659839311
0.9146769265587869
0.9147900871336425
0.9149032477084983
0.9150164082833541
0.9151295688582097
0.9152427294330655
0.9153558900079212
0.9154690505827768
0.9155822111576326
0.9156953717324884
0.915808532307344
0.9159216928821998
0.9160348534570556
0.9161480140319112
0.9162611746067669
0.9163743351816227
0.9164874957564784
0.9166006563313341
0.9167138169061898
0.9168269774810456
0.9169401380559012
0.926332465768926
0.9264456263437818
0.9265587869186376
0.9266719474934931
0.9267851080683489
0.9268982686432047
0.9270114292180603
0.9271245897929161
0.9272377503677719
0.9273509109426276
0.9274640715174833
0.927577232092339
0.9276903926671948
0.9278035532420505
0.9279167138169061
0.9280298743917618
0.9728414620346272
0.972954622609483
0.973633586058617
0.9737467466334728
0.9738599072083286
0.9739730677831843
0.97408622835804
0.9741993889328958
0.9743125495077515
0.9744257100826073
0.974538870657463
0.9806495416996719
0.9807627022745276
0.9808758628493833
0.980989023424239
0.9811021839990945
0.9812153445739503
0.981328505148806
0.9814416657236618
0.9815548262985175
0.9816679868733732
0.981781147448229
0.9818943080230847
0.9820074685979404
0.9821206291727962
0.982233789747652
0.9823469503225076
0.9824601108973634
0.9825732714722191
0.9826864320470746
0.9827995926219304
0.9829127531967862
0.9830259137716418
0.9831390743464976
0.9832522349213533
0.983365395496209
0.9834785560710648
0.9835917166459205
0.9837048772207763
0.993097204933801
0.9932103655086567
0.9933235260835125
0.9934366866583683
0.9935498472332239
0.9936630078080797
0.9937761683829354
0.9938893289577911
0.5598053638112481
0.5599185243861038
0.5607106484100939
0.5608238089849495
0.5609369695598053
0.5610501301346611
0.5618422541586511
0.5619554147335069
0.5620685753083625
0.565123910829467
0.5652370714043228
0.5653502319791784
0.5719135453208103
0.6690053185470182
0.6691184791218739
0.6692316396967296
0.8025347968767681
0.8026479574516238
0.8081928256195541
0.8083059861944097
0.8084191467692655
0.8085323073441213
0.808645467918977
0.809437591942967
0.8095507525178228
0.8096639130926785
0.8098902342423899
0.8100033948172456
0.8101165553921014
0.810229715966957
0.8103428765418128
0.8104560371166686
0.8105691976915241
0.8106823582663799
0.8107955188412357
0.8121534457395042
0.81226660631436
0.8123797668892158
0.8124929274640714
0.8126060880389272
0.812719248613783
0.8128324091886386
0.8136245332126287
0.8137376937874844
0.8155482629851759
0.8156614235600316
0.8157745841348873
0.8158877447097431
0.8160009052845988
0.8161140658594546
0.8162272264343102
0.8163403870091659
0.8164535475840217
0.8170193504583002
0.817132511033156
0.8172456716080118
0.824374787823922
0.8250537512730564
0.8251669118479121
0.8252800724227678
0.8253932329976236
0.8255063935724793
0.825619554147335
0.8257327147221908
0.8258458752970466
0.8259590358719021
0.8270906416204594
0.8346724001357927
0.8347855607106484
0.834898721285504
0.8350118818603598
0.8351250424352156
0.8352382030100712
0.835351363584927
0.8354645241597828
0.8355776847346383
0.8356908453094941
0.8358040058843498
0.8359171664592056
0.8360303270340613
0.836143487608917
0.8362566481837728
0.8363698087586284
0.8371619327826184
0.8372750933574742
0.83738825393233
0.8375014145071856
0.8376145750820414
0.8377277356568971
0.8379540568066085
0.8532307344121308
0.8533438949869865
0.8534570555618421
0.8535702161366979
0.8536833767115537
0.8537965372864094
0.8539096978612651
0.8540228584361208
0.8541360190109765
0.8542491795858322
0.8543623401606879
0.8544755007355437
0.8545886613103995
0.8547018218852551
0.8548149824601109
0.8549281430349666
0.8550413036098222
0.855154464184678
0.8552676247595338
0.8553807853343894
0.8554939459092452
0.855607106484101
0.8557202670589565
0.8558334276338123
0.8559465882086681
0.8560597487835238
0.8561729093583795
0.8562860699332352
0.856399230508091
0.8565123910829466
0.8566255516578023
0.8567387122326581
0.8568518728075138
0.8569650333823695
0.8570781939572253
0.8571913545320811
0.8573045151069366
0.8574176756817924
0.8575308362566482
0.8576439968315038
0.8577571574063596
0.8578703179812153
0.857983478556071
0.8580966391309267
0.8582097997057824
0.8583229602806381
0.8584361208554939
0.8585492814303496
0.8586624420052054
0.8587756025800611
0.8588887631549168
0.8590019237297725
0.8591150843046282
0.8592282448794839
0.8593414054543397
0.8594545660291955
0.8595677266040511
0.8596808871789069
0.8597940477537624
0.8599072083286182
0.860020368903474
0.8601335294783297
0.8602466900531854
0.8603598506280412
0.8604730112028969
0.8605861717777525
0.8651125947719814
0.8652257553468371
0.8653389159216929
0.8654520764965485
0.8655652370714042
0.86567839764626
0.8657915582211158
0.8659047187959714
0.8660178793708272
0.866131039945683
0.8663573610953943
0.8687337331673645
0.8688468937422201
0.8689600543170759
0.8690732148919316
0.8691863754667873
0.8692995360416431
0.8694126966164987
0.8695258571913544
0.8696390177662102
0.8697521783410659
0.8698653389159217
0.8699784994907774
0.8700916600656331
0.8702048206404888
0.8703179812153445
0.8704311417902002
0.870544302365056
0.8755233676587076
0.8756365282335634
0.8757496888084192
0.8758628493832747
0.8759760099581305
0.8760891705329863
0.876202331107842
0.8763154916826977
0.8764286522575534
0.8765418128324092
0.8766549734072648
0.8767681339821205
0.8768812945569763
0.876994455131832
0.8771076157066877
0.8772207762815435
0.8773339368563993
0.8774470974312548
0.8775602580061106
0.8776734185809664
0.877786579155822
0.8778997397306778
0.8780129003055335
0.8781260608803892
0.878239221455245
0.8783523820301006
0.8784655426049564
0.8785787031798121
0.8786918637546678
0.8788050243295236
0.8789181849043793
0.879031345479235
0.8791445060540907
0.8792576666289464
0.8793708272038021
0.8794839877786579
0.8795971483535137
0.8797103089283693
0.8798234695032251
0.8799366300780808
0.8800497906529364
0.8801629512277922
0.8802761118026479
0.8803892723775036
0.8805024329523594
0.8806155935272151
0.8807287541020707
0.8808419146769265
0.8809550752517822
0.881068235826638
0.8811813964014937
0.8812945569763494
0.8814077175512052
0.8815208781260608
0.8816340387009165
0.8817471992757723
0.8818603598506279
0.8819735204254837
0.8820866810003395
0.8821998415751952
0.8823130021500508
0.8824261627249066
0.8825393232997623
0.882652483874618
0.8827656444494738
0.8828788050243295
0.8829919655991852
0.8831051261740409
0.8832182867488966
0.8833314473237524
0.8834446078986081
0.8835577684734638
0.8836709290483196
0.8837840896231752
0.8838972501980309
0.8840104107728867
0.8841235713477423
0.8842367319225981
0.8843498924974539
0.8844630530723095
0.8845762136471653
0.8846893742220211
0.8848025347968766
0.8849156953717324
0.8850288559465882
0.8851420165214439
0.8852551770962996
0.8853683376711553
0.8854814982460111
0.8855946588208667
0.8857078193957224
0.8858209799705782
0.885934140545434
0.8860473011202896
0.8861604616951454
0.8862736222700012
0.8863867828448567
0.8864999434197125
0.8866131039945683
0.8867262645694239
0.8868394251442797
0.8869525857191355
0.8870657462939912
0.8871789068688468
0.8872920674437025
0.8874052280185583
0.887518388593414
0.8876315491682697
0.8877447097431255
0.8878578703179812
0.8879710308928368
0.8880841914676926
0.8881973520425483
0.888310512617404
0.8884236731922598
0.8885368337671156
0.8887631549168269
0.8894421183659613
0.8895552789408169
0.8896684395156726
0.8897816000905284
0.8898947606653841
0.8900079212402399
0.8901210818150956
0.8902342423899513
0.890347402964807
0.8904605635396627
0.8905737241145184
0.8906868846893742
0.8908000452642298
0.8909132058390856
0.8910263664139414
0.8911395269887971
0.8912526875636527
0.8913658481385085
0.8914790087133642
0.8915921692882199
0.8917053298630757
0.8918184904379314
0.8919316510127872
0.8920448115876428
0.8921579721624985
0.8922711327373543
0.89238429331221
0.8924974538870657
0.8926106144619215
0.8927237750367771
0.8928369356116328
0.8973633586058617
0.8974765191807175
0.897589679755573
0.8977028403304288
0.8978160009052846
0.8979291614801402
0.898042322054996
0.8981554826298517
0.8982686432047075
0.8983818037795632
0.8984949643544188
0.8986081249292746
0.8987212855041303
0.898834446078986
0.8989476066538418
0.8990607672286975
0.8991739278035532
0.8992870883784089
0.8994002489532646
0.8995134095281203
0.8996265701029761
0.8997397306778319
0.8998528912526875
0.8999660518275433
0.900079212402399
0.9001923729772546
0.9003055335521104
0.9080004526422994
0.908113613217155
0.9082267737920108
0.9083399343668666
0.9084530949417222
0.9099241824148466
0.9100373429897023
0.9101505035645581
0.9102636641394138
0.9103768247142695
0.9104899852891252
0.910603145863981
0.9149032477084983
0.9150164082833541
0.9151295688582097
0.9152427294330655
0.9153558900079212
0.9166006563313341
0.9167138169061898
0.9168269774810456
0.9169401380559012
0.9170532986307569
0.9171664592056127
0.9172796197804685
0.9203349553015728
0.9204481158764286
0.9205612764512843
0.92067443702614
0.9207875976009958
0.9209007581758515
0.9210139187507072
0.9211270793255629
0.9241824148466674
0.9264456263437818
0.9265587869186376
0.9266719474934931
0.9267851080683489
0.9268982686432047
0.9270114292180603
0.9271245897929161
0.9272377503677719
0.9273509109426276
0.9274640715174833
0.9276903926671948
0.9306325676134435
0.9307457281882993
0.9308588887631549
0.9309720493380107
0.9310852099128663
0.9311983704877219
0.9313115310625777
0.9314246916374335
0.9315378522122891
0.9316510127871449
0.9317641733620006
0.9318773339368563
0.9319904945117121
0.9321036550865678
0.9322168156614236
0.9323299762362793
0.932782618535702
0.9328957791105578
0.9426275885481497
0.9427407491230054
0.9428539096978612
0.9727283014597714
0.9728414620346272
0.972954622609483
0.9730677831843384
0.9731809437591942
0.97329410433405
0.9734072649089056
0.9735204254837614
0.973633586058617
0.9752178341065972
0.9753309946814529
0.9754441552563087
0.9758967975557316
0.9760099581305873
0.9761231187054431
0.9762362792802985
0.9763494398551543
0.9764626004300101
0.9765757610048658
0.9805363811248161
0.9806495416996719
0.9807627022745276
0.9808758628493833
0.980989023424239
0.9811021839990945
0.9812153445739503
0.981328505148806
0.9814416657236618
0.9815548262985175
0.9816679868733732
0.981781147448229
0.9818943080230847
0.9820074685979404
0.9821206291727962
0.982233789747652
0.9823469503225076
0.9824601108973634
0.9825732714722191
0.983365395496209
0.9834785560710648
0.9835917166459205
0.9837048772207763
0.983818037795632
0.9839311983704877
0.9840443589453435
0.9841575195201993
0.9847233223944777
0.9859680887178905
0.9860812492927463
0.986194409867602
0.9863075704424578
0.9864207310173135
0.9865338915921692
0.986647052167025
0.9867602127418806
0.9870996944664479
0.9874391761910151
0.9893629059635621
0.9894760665384179
0.9895892271132737
0.9897023876881293
0.9898155482629851
0.9899287088378409
0.9900418694126966
0.9901550299875523
0.990268190562408
0.9903813511372638
0.9904945117121196
0.9906076722869752
0.9907208328618308
0.9908339934366865
0.9909471540115422
0.991060314586398
0.9911734751612538
0.9912866357361094
0.9913997963109652
0.991512956885821
0.9916261174606766
0.9917392780355324
0.9918524386103881
0.9919655991852439
0.9920787597600996
0.9921919203349553
0.9923050809098111
0.9924182414846666
0.9925314020595223
0.9926445626343781
0.9927577232092338
0.9928708837840895
0.9929840443589453
0.993097204933801
0.9932103655086567
0.9933235260835125
0.9934366866583683
0.9935498472332239
0.9936630078080797
0.9937761683829354
0.9938893289577911
0.9940024895326467
0.9941156501075024
0.9942288106823581
0.9943419712572139
0.9944551318320696
0.9945682924069253
0.9946814529817811
0.5604843272603824
0.5615027724340839
0.5616159330089396
0.5617290935837954
0.5618422541586511
0.5619554147335069
0.5620685753083625
0.5621817358832183
0.562294896458074
0.5624080570329296
0.5625212176077854
0.5626343781826412
0.5627475387574968
0.5628606993323526
0.5629738599072084
0.5630870204820639
0.5632001810569197
0.5633133416317755
0.5634265022066312
0.565123910829467
0.5652370714043228
0.5653502319791784
0.5654633925540342
0.5655765531288898
0.5656897137037455
0.5658028742786013
0.565916034853457
0.5660291954283128
0.5661423560031685
0.5662555165780242
0.5663686771528799
0.5664818377277356
0.5665949983025913
0.5667081588774471
0.5668213194523029
0.5669344800271585
0.5670476406020143
0.56716080117687
0.5672739617517256
0.5673871223265814
0.5675002829014371
0.5676134434762928
0.5694240126739843
0.56953717324884
0.5696503338236958
0.5697634943985515
0.5698766549734072
0.569989815548263
0.5701029761231187
0.5702161366979744
0.5703292972728301
0.5704424578476858
0.5716872241710987
0.5718003847459545
0.5719135453208103
0.5720267058956658
0.575647844291049
0.580061106710422
0.5801742672852778
0.5802874278601334
0.5804005884349892
0.580513749009845
0.5806269095847006
0.5807400701595564
0.5808532307344121
0.5809663913092677
0.5810795518841235
0.608803892723775
0.665836822451058
0.6659499830259138
0.7434649768020821
0.7435781373769379
0.7436912979517936
0.7438044585266492
0.743917619101505
0.7440307796763607
0.7441439402512164
0.7442571008260722
0.7443702614009279
0.7444834219757835
0.7557994794613556
0.7559126400362113
0.7560258006110671
0.7561389611859228
0.7562521217607785
0.7563652823356343
0.7567047640602014
0.7639470408509674
0.7640602014258232
0.7641733620006789
0.8076270227452755
0.8101165553921014
0.810229715966957
0.8132850514880615
0.8133982120629173
0.8136245332126287
0.8137376937874844
0.8138508543623401
0.8139640149371958
0.8140771755120515
0.8141903360869073
0.814303496661763
0.8144166572366187
0.8145298178114745
0.8146429783863302
0.8147561389611858
0.8595677266040511
0.8596808871789069
0.8597940477537624
0.8599072083286182
0.860020368903474
0.8601335294783297
0.8602466900531854
0.8603598506280412
0.8604730112028969
0.8605861717777525
0.8606993323526083
0.860812492927464
0.8609256535023198
0.8610388140771755
0.8611519746520312
0.861265135226887
0.8618309381011655
0.8619440986760213
0.862057259250877
0.8621704198257326
0.8622835804005884
0.8654520764965485
0.8655652370714042
0.86567839764626
0.8657915582211158
0.8659047187959714
0.8660178793708272
0.866131039945683
0.8662442005205385
0.8663573610953943
0.8664705216702501
0.8715627475387575
0.8716759081136132
0.871789068688469
0.8742786013352947
0.8743917619101504
0.8745049224850061
0.8746180830598619
0.8747312436347177
0.8748444042095733
0.8749575647844291
0.8750707253592848
0.8751838859341404
0.8752970465089962
0.875410207083852
0.8755233676587076
0.8756365282335634
0.8757496888084192
0.8758628493832747
0.8791445060540907
0.8792576666289464
0.8799366300780808
0.8800497906529364
0.8801629512277922
0.8802761118026479
0.8803892723775036
0.8805024329523594
0.8806155935272151
0.8807287541020707
0.8808419146769265
0.8809550752517822
0.881068235826638
0.8811813964014937
0.8812945569763494
0.8814077175512052
0.8815208781260608
0.8816340387009165
0.8817471992757723
0.8818603598506279
0.8832182867488966
0.8834446078986081
0.8835577684734638
0.8836709290483196
0.8837840896231752
0.8838972501980309
0.8840104107728867
0.8841235713477423
0.8842367319225981
0.8843498924974539
0.8844630530723095
0.8845762136471653
0.8846893742220211
0.8848025347968766
0.8849156953717324
0.8850288559465882
0.8851420165214439
0.8852551770962996
0.8853683376711553
0.8854814982460111
0.8855946588208667
0.8857078193957224
0.8858209799705782
0.885934140545434
0.8860473011202896
0.8861604616951454
0.8862736222700012
0.8863867828448567
0.8864999434197125
0.8866131039945683
0.8867262645694239
0.8868394251442797
0.8869525857191355
0.8870657462939912
0.8871789068688468
0.8872920674437025
0.8874052280185583
0.887518388593414
0.8876315491682697
0.8877447097431255
0.8878578703179812
0.8879710308928368
0.8880841914676926
0.8881973520425483
0.888310512617404
0.8884236731922598
0.8885368337671156
0.8886499943419712
0.8887631549168269
0.8888763154916827
0.8889894760665383
0.8891026366413941
0.8892157972162498
0.8893289577911055
0.8894421183659613
0.8895552789408169
0.8896684395156726
0.8897816000905284
0.8898947606653841
0.8900079212402399
0.8901210818150956
0.8902342423899513
0.890347402964807
0.8904605635396627
0.8905737241145184
0.8906868846893742
0.8908000452642298
0.8909132058390856
0.8910263664139414
0.8911395269887971
0.8912526875636527
0.8913658481385085
0.8914790087133642
0.8915921692882199
0.8917053298630757
0.8918184904379314
0.8919316510127872
0.8920448115876428
0.8921579721624985
0.8922711327373543
0.89238429331221
0.8924974538870657
0.8926106144619215
0.8927237750367771
0.8928369356116328
0.8929500961864886
0.8930632567613442
0.8931764173362
0.8932895779110558
0.8934027384859115
0.8935158990607672
0.8936290596356229
0.8937422202104786
0.8938553807853343
0.8939685413601901
0.8940817019350458
0.8941948625099015
0.8943080230847573
0.8944211836596129
0.8945343442344686
0.8948738259590359
0.8949869865338915
0.895213307683603
0.8965712345818716
0.8966843951567274
0.896797555731583
0.8969107163064387
0.8970238768812945
0.8971370374561503
0.8972501980310059
0.8973633586058617
0.8974765191807175
0.897589679755573
0.8977028403304288
0.8978160009052846
0.8979291614801402
0.898042322054996
0.8981554826298517
0.8982686432047075
0.8983818037795632
0.8984949643544188
0.8986081249292746
0.8987212855041303
0.898834446078986
0.8989476066538418
0.8990607672286975
0.8991739278035532
0.8992870883784089
0.8994002489532646
0.8995134095281203
0.8996265701029761
0.8997397306778319
0.8998528912526875
0.8999660518275433
0.900079212402399
0.9001923729772546
0.9003055335521104
0.9004186941269661
0.9005318547018218
0.9006450152766776
0.9007581758515333
0.900871336426389
0.9009844970012447
0.9010976575761004
0.9012108181509562
0.9013239787258119
0.9074346497680208
0.9075478103428765
0.908113613217155
0.9082267737920108
0.9083399343668666
0.9084530949417222
0.908566255516578
0.9086794160914338
0.9087925766662894
0.9089057372411451
0.9090188978160009
0.9100373429897023
0.9101505035645581
0.9102636641394138
0.9103768247142695
0.910603145863981
0.9112821093131153
0.9116215910376824
0.9117347516125381
0.9118479121873939
0.9119610727622496
0.9120742333371054
0.912187393911961
0.9123005544868167
0.9124137150616725
0.9125268756365282
0.9126400362113839
0.9127531967862397
0.9128663573610953
0.912979517935951
0.9130926785108068
0.9132058390856624
0.9133189996605182
0.913432160235374
0.9135453208102297
0.9136584813850854
0.9137716419599411
0.9138848025347968
0.9139979631096525
0.9141111236845083
0.914224284259364
0.9143374448342197
0.9144506054090755
0.9145637659839311
0.9146769265587869
0.9147900871336425
0.9149032477084983
0.9150164082833541
0.9151295688582097
0.9152427294330655
0.9153558900079212
0.9154690505827768
0.9155822111576326
0.9175059409301799
0.9176191015050357
0.9177322620798913
0.917845422654747
0.9179585832296028
0.9180717438044584
0.9181849043793142
0.91829806495417
0.9184112255290257
0.9198823130021501
0.9199954735770057
0.9201086341518615
0.9202217947267172
0.9943419712572139
0.9945682924069253
0.9946814529817811
0.9947946135566368
0.9949077741314926
0.9950209347063483
0.995134095281204
0.9952472558560598
0.9953604164309154
0.9954735770057712
0.9955867375806268
0.2120629172796198
0.5562973859907208
0.558221115763268
0.5626343781826412
0.5627475387574968
0.5628606993323526
0.5663686771528799
0.5672739617517256
0.5691976915242729
0.569989815548263
0.5701029761231187
0.5754215231413375
0.5755346837161932
0.5768926106144618
0.5770057711893176
0.5771189317641733
0.5772320923390291
0.5773452529138848
0.5774584134887405
0.5775715740635962
0.5776847346384519
0.5777978952133076
0.5779110557881634
0.5780242163630191
0.5781373769378748
0.5782505375127306
0.5783636980875863
0.5784768586624419
0.5807400701595564
0.5808532307344121
0.5876428652257553
0.587756025800611
0.5878691863754668
0.5879823469503225
0.5880955075251781
0.5882086681000339
0.5883218286748896
0.5884349892497454
0.5885481498246011
0.5886613103994568
0.5887744709743126
0.5930745728188298
0.5931877333936856
0.5933008939685414
0.593414054543397
0.5935272151182528
0.5936403756931086
0.5957904266153672
0.595903587190223
0.5960167477650786
0.5961299083399343
0.6153672060654068
0.6154803666402624
0.6155935272151182
0.6909584700690279
0.7438044585266492
0.743917619101505
0.7440307796763607
0.7441439402512164
0.7442571008260722
0.7443702614009279
0.7444834219757835
0.7531967862396741
0.7533099468145297
0.7534231073893854
0.7535362679642412
0.7536494285390969
0.7537625891139527
0.7538757496888084
0.7539889102636641
0.7541020708385199
0.7542152314133755
0.7543283919882312
0.754441552563087
0.7545547131379428
0.7546678737127984
0.7547810342876542
0.7548941948625099
0.7550073554373655
0.7598732601561615
0.7599864207310173
0.760099581305873
0.7606653841801515
0.7752630983365395
0.7753762589113952
0.7754894194862509
0.7756025800611067
0.7757157406359624
0.7758289012108182
0.7759420617856738
0.7776394704085096
0.7794500396062012
0.7795632001810568
0.7796763607559126
0.7797895213307684
0.8251669118479121
0.8252800724227678
0.8253932329976236
0.849496435441892
0.8496095960167477
0.8497227565916035
0.8498359171664592
0.8499490777413149
0.8500622383161706
0.8501753988910263
0.8506280411904492
0.850741201765305
0.8508543623401605
0.8509675229150163
0.8536833767115537
0.8537965372864094
0.8539096978612651
0.8540228584361208
0.8541360190109765
0.8542491795858322
0.8543623401606879
0.8544755007355437
0.8545886613103995
0.8547018218852551
0.8548149824601109
0.8549281430349666
0.8550413036098222
0.855154464184678
0.8552676247595338
0.8557202670589565
0.8558334276338123
0.8559465882086681
0.8560597487835238
0.8561729093583795
0.8645467918977028
0.8646599524725584
0.8647731130474142
0.86488627362227
0.86567839764626
0.8657915582211158
0.8659047187959714
0.8660178793708272
0.866131039945683
0.8662442005205385
0.8663573610953943
0.8664705216702501
0.8665836822451057
0.8666968428199615
0.8668100033948172
0.866923163969673
0.8670363245445286
0.8698653389159217
0.8699784994907774
0.8747312436347177
0.8748444042095733
0.8749575647844291
0.8750707253592848
0.8751838859341404
0.8752970465089962
0.875410207083852
0.8755233676587076
0.8756365282335634
0.8757496888084192
0.8760891705329863
0.876202331107842
0.8763154916826977
0.8764286522575534
0.8765418128324092
0.8766549734072648
0.8767681339821205
0.8768812945569763
0.876994455131832
0.8771076157066877
0.8772207762815435
0.8773339368563993
0.8774470974312548
0.8775602580061106
0.8776734185809664
0.877786579155822
0.8778997397306778
0.8780129003055335
0.8781260608803892
0.878239221455245
0.8783523820301006
0.8784655426049564
0.8785787031798121
0.8786918637546678
0.8788050243295236
0.8789181849043793
0.879031345479235
0.8791445060540907
0.8792576666289464
0.8793708272038021
0.8794839877786579
0.8795971483535137
0.8797103089283693
0.8798234695032251
0.8799366300780808
0.8800497906529364
0.8801629512277922
0.8802761118026479
0.8803892723775036
0.8805024329523594
0.8806155935272151
0.8807287541020707
0.8808419146769265
0.8809550752517822
0.881068235826638
0.8811813964014937
0.8812945569763494
0.8814077175512052
0.8815208781260608
0.8816340387009165
0.8817471992757723
0.8818603598506279
0.8819735204254837
0.8820866810003395
0.8821998415751952
0.8823130021500508
0.8824261627249066
0.8825393232997623
0.882652483874618
0.8827656444494738
0.8828788050243295
0.8829919655991852
0.8831051261740409
0.8832182867488966
0.8833314473237524
0.8834446078986081
0.8835577684734638
0.8836709290483196
0.8837840896231752
0.8838972501980309
0.8840104107728867
0.8841235713477423
0.8842367319225981
0.8843498924974539
0.8844630530723095
0.8845762136471653
0.8846893742220211
0.8848025347968766
0.8849156953717324
0.8850288559465882
0.8851420165214439
0.8852551770962996
0.896797555731583
0.8969107163064387
0.8970238768812945
0.8971370374561503
0.8972501980310059
0.8973633586058617
0.8974765191807175
0.897589679755573
0.8977028403304288
0.8978160009052846
0.8979291614801402
0.898042322054996
0.8981554826298517
0.8982686432047075
0.8983818037795632
0.8984949643544188
0.8986081249292746
0.8987212855041303
0.898834446078986
0.8989476066538418
0.9005318547018218
0.9006450152766776
0.9007581758515333
0.900871336426389
0.9009844970012447
0.9010976575761004
0.908566255516578
0.9086794160914338
0.9087925766662894
0.9089057372411451
0.9090188978160009
0.9091320583908565
0.9092452189657123
0.909358379540568
0.9094715401154237
0.9095847006902795
0.9096978612651351
0.9098110218399909
0.20991286635736106
0.2100260269322168
0.21013918750707253
0.21025234808192825
0.21036550865678397
0.2104786692316397
0.2105918298064954
0.21070499038135113
0.21183659612990832
0.21194975670476404
0.2120629172796198
0.21217607785447548
0.555392101391875
0.5555052619667308
0.5559579042661537
0.5560710648410093
0.5562973859907208
0.5564105465655765
0.5628606993323526
0.5629738599072084
0.5672739617517256
0.5684055675002829
0.5753083625664818
0.5754215231413375
0.5755346837161932
0.5767794500396061
0.5768926106144618
0.5770057711893176
0.5771189317641733
0.5772320923390291
0.5773452529138848
0.5774584134887405
0.5775715740635962
0.5776847346384519
0.5777978952133076
0.5779110557881634
0.5780242163630191
0.5781373769378748
0.5782505375127306
0.5783636980875863
0.5784768586624419
0.5788163403870091
0.5789295009618649
0.5873033835011882
0.5874165440760438
0.5875297046508996
0.5876428652257553
0.587756025800611
0.5878691863754668
0.5879823469503225
0.5880955075251781
0.5882086681000339
0.5883218286748896
0.5884349892497454
0.5885481498246011
0.5886613103994568
0.5887744709743126
0.5888876315491682
0.5890007921240239
0.5891139526988797
0.5892271132737354
0.5893402738485911
0.5929614122439741
0.5930745728188298
0.5931877333936856
0.5933008939685414
0.593414054543397
0.5935272151182528
0.5944324997170986
0.5953377843159442
0.5954509448908
0.6148014031911282
0.6154803666402624
0.6909584700690279
0.6910716306438837
0.6911847912187394
0.7107615706687789
0.7112142129682019
0.7113273735430576
0.7114405341179132
0.711553694692769
0.7116668552676247
0.7117800158424804
0.7118931764173362
0.712006336992192
0.7121194975670476
0.7122326581419033
0.7123458187167591
0.7124589792916147
0.7438044585266492
0.743917619101505
0.7440307796763607
0.7441439402512164
0.7442571008260722
0.7443702614009279
0.7511598958922711
0.7512730564671268
0.7513862170419825
0.7514993776168383
0.751612538191694
0.7517256987665496
0.7535362679642412
0.7536494285390969
0.7537625891139527
0.7538757496888084
0.7539889102636641
0.7541020708385199
0.7542152314133755
0.7543283919882312
0.754441552563087
0.7545547131379428
0.7546678737127984
0.7547810342876542
0.7548941948625099
0.7550073554373655
0.7560258006110671
0.7596469390064502
0.7597600995813057
0.7598732601561615
0.7603259024555844
0.7604390630304402
0.760552223605296
0.7606653841801515
0.7607785447550073
0.760891705329863
0.7610048659047187
0.7611180264795745
0.7612311870544303
0.7614575082041416
0.7615706687789974
0.761683829353853
0.7617969899287088
0.7640602014258232
0.7641733620006789
0.7656444494738033
0.765757610048659
0.7658707706235147
0.7659839311983705
0.7660970917732262
0.7748104560371166
0.7749236166119724
0.7750367771868281
0.7751499377616837
0.7752630983365395
0.7753762589113952
0.7754894194862509
0.7756025800611067
0.7757157406359624
0.7758289012108182
0.7759420617856738
0.7779789521330768
0.7780921127079325
0.7782052732827883
0.7783184338576439
0.7784315944324997
0.7785447550073554
0.7786579155822111
0.7787710761570669
0.7788842367319225
0.7789973973067783
0.779110557881634
0.7792237184564896
0.7793368790313454
0.7794500396062012
0.7795632001810568
0.8500622383161706
0.8501753988910263
0.850288559465882
0.8540228584361208
0.8542491795858322
0.8544755007355437
0.8545886613103995
0.8547018218852551
0.8548149824601109
0.8549281430349666
0.8558334276338123
0.8559465882086681
0.8560597487835238
0.8561729093583795
0.8645467918977028
0.8646599524725584
0.8647731130474142
0.86488627362227
0.86567839764626
0.8657915582211158
0.8659047187959714
0.8665836822451057
0.8680547697182301
0.8697521783410659
0.8749575647844291
0.8750707253592848
0.8751838859341404
0.8752970465089962
0.875410207083852
0.8755233676587076
0.8756365282335634
0.8757496888084192
0.8758628493832747
0.8759760099581305
0.8760891705329863
0.876202331107842
0.8763154916826977
0.8764286522575534
0.8765418128324092
0.8766549734072648
0.8767681339821205
0.8768812945569763
0.876994455131832
0.8771076157066877
0.8772207762815435
0.8773339368563993
0.8774470974312548
0.8775602580061106
0.8776734185809664
0.877786579155822
0.8778997397306778
0.8780129003055335
0.8781260608803892
0.878239221455245
0.8783523820301006
0.8784655426049564
0.8785787031798121
0.8786918637546678
0.8788050243295236
0.8789181849043793
0.879031345479235
0.8791445060540907
0.8792576666289464
0.8793708272038021
0.8794839877786579
0.8795971483535137
0.8797103089283693
0.8798234695032251
0.8799366300780808
0.8800497906529364
0.8801629512277922
0.8802761118026479
0.8803892723775036
0.8805024329523594
0.8806155935272151
0.8807287541020707
0.8808419146769265
0.8809550752517822
0.881068235826638
0.8811813964014937
0.8812945569763494
0.8814077175512052
0.8815208781260608
0.8816340387009165
0.8817471992757723
0.8818603598506279
0.8819735204254837
0.8820866810003395
0.8821998415751952
0.8823130021500508
0.8824261627249066
0.8825393232997623
0.882652483874618
0.8827656444494738
0.8828788050243295
0.8829919655991852
0.8831051261740409
0.8832182867488966
0.8833314473237524
0.8834446078986081
0.8835577684734638
0.8836709290483196
0.8837840896231752
0.8838972501980309
0.8840104107728867
0.8841235713477423
0.8842367319225981
0.8843498924974539
0.9087925766662894
0.9089057372411451
0.9090188978160009
0.9091320583908565
0.9092452189657123
0.909358379540568
0.9094715401154237
0.1866017879370827
0.18671494851193843
0.18682810908679415
0.18886499943419713
0.18897816000905282
0.18909132058390857
0.19950209347063483
0.19961525404549052
0.19972841462034627
0.19984157519520196
0.1999547357700577
0.20006789634491343
0.20018105691976915
0.20029421749462487
0.20040737806948059
0.2005205386443363
0.45445286862057255
0.4553581532194183
0.4554713137942741
0.45569763494398546
0.5686318886499944
0.56874504922485
0.5688582097997057
0.5689713703745615
0.5690845309494171
0.5691976915242729
0.5693108520991287
0.5694240126739843
0.56953717324884
0.5696503338236958
0.5697634943985515
0.5698766549734072
0.569989815548263
0.5701029761231187
0.5702161366979744
0.5703292972728301
0.5704424578476858
0.5705556184225415
0.5719135453208103
0.5720267058956658
0.5721398664705216
0.5722530270453774
0.5723661876202331
0.5724793481950888
0.5725925087699446
0.5727056693448003
0.5728188299196559
0.5729319904945116
0.5730451510693674
0.5731583116442232
0.5732714722190788
0.5733846327939346
0.5734977933687904
0.5736109539436459
0.5738372750933575
0.575195201991626
0.5775715740635962
0.5879823469503225
0.5880955075251781
0.5882086681000339
0.5883218286748896
0.5884349892497454
0.5885481498246011
0.5886613103994568
0.7107615706687789
0.7108747312436346
0.7109878918184904
0.7111010523933461
0.7112142129682019
0.7113273735430576
0.7645128437252461
0.7646260043001017
0.7647391648749575
0.7648523254498132
0.764965486024669
0.934819508883105
0.9350458300328165
0.9351589906076723
0.9352721511825279
0.9353853117573837
0.9354984723322395
0.9356116329070951
0.9357247934819509
0.9358379540568067
0.9408170193504581
0.9409301799253139
0.9410433405001696
0.9411565010750254
0.9412696616498811
0.9413828222247368
0.9414959827995926
0.9416091433744483
0.941722303949304
0.17992531402059522
0.18003847459545094
0.18015163517030666
0.18026479574516235
0.1803779563200181
0.1804911168948738
0.18614914563765983
0.44721059182980644
0.44755007355437365
0.4476632341292293
0.4477763947040851
0.4478895552789408
0.4480027158537965
0.44811587642865225
0.5682924069254272
0.5684055675002829
0.5689713703745615
0.5690845309494171
0.5691976915242729
0.5693108520991287
0.5694240126739843
0.56953717324884
0.5696503338236958
0.5697634943985515
0.5698766549734072
0.569989815548263
0.5701029761231187
0.5702161366979744
0.5703292972728301
0.5722530270453774
0.5723661876202331
0.5729319904945116
0.5730451510693674
0.5731583116442232
0.5732714722190788
0.5734977933687904
0.5736109539436459
0.5737241145185017
0.5738372750933575
0.5739504356682131
0.5885481498246011
0.5886613103994568
0.5890007921240239
0.5891139526988797
0.7108747312436346
0.7109878918184904
0.7111010523933461
0.56953717324884
0.5704424578476858
0.5705556184225415
0.5706687789973973
0.570781939572253
0.5708951001471088
0.5710082607219644
0.5711214212968201
0.5714609030213873
0.5715740635962431
0.5716872241710987
0.5718003847459545
0.5719135453208103
0.5720267058956658
0.5722530270453774
0.5723661876202331
0.5733846327939346
0.5734977933687904
0.5776847346384519
0.5782505375127306
0.6911847912187394
0.7441439402512164
0.7442571008260722
0.7443702614009279
0.7444834219757835
0.7539889102636641
0.7541020708385199
0.7542152314133755
0.7543283919882312
0.754441552563087
0.7545547131379428
0.7656444494738033
0.875410207083852
0.8755233676587076
0.8756365282335634
0.8757496888084192
0.8758628493832747
0.8793708272038021
0.8846893742220211
0.8848025347968766
0.8849156953717324
0.8850288559465882
0.8851420165214439
0.909358379540568
0.9094715401154237
0.9095847006902795
0.9096978612651351
0.9098110218399909
0.9099241824148466
0.9100373429897023
0.9101505035645581
0.9102636641394138
0.9103768247142695
0.9104899852891252
0.5626343781826412
0.5629738599072084
0.5630870204820639
0.5632001810569197
0.5658028742786013
0.5697634943985515
0.5698766549734072
0.569989815548263
0.5701029761231187
0.5710082607219644
0.5711214212968201
0.5712345818716759
0.8747312436347177
0.8748444042095733
0.8749575647844291
0.8750707253592848
0.8751838859341404
0.8752970465089962
0.8851420165214439
0.8852551770962996
0.8853683376711553
0.8854814982460111
0.8855946588208667
0.8857078193957224
0.8858209799705782
0.885934140545434
0.8860473011202896
0.8861604616951454
0.8862736222700012
0.8863867828448567
0.8864999434197125
0.8866131039945683
0.8867262645694239
0.8868394251442797
0.8869525857191355
0.8870657462939912
0.8871789068688468
0.8872920674437025
0.8874052280185583
0.887518388593414
0.8876315491682697
0.8877447097431255
0.8878578703179812
0.8879710308928368
0.8880841914676926
0.8881973520425483
0.888310512617404
0.8884236731922598
0.8885368337671156
0.8886499943419712
0.8887631549168269
0.8888763154916827
0.8889894760665383
0.8891026366413941
0.8892157972162498
0.8893289577911055
0.8894421183659613
0.8895552789408169
0.8896684395156726
0.8897816000905284
0.8898947606653841
0.8900079212402399
0.8901210818150956
0.8902342423899513
0.890347402964807
0.8904605635396627
0.8905737241145184
0.8906868846893742
0.8908000452642298
0.8909132058390856
0.8910263664139414
0.8946475048093243
0.8957791105578816
0.8958922711327374
0.896005431707593
0.8961185922824487
0.8962317528573045
0.8963449134321602
0.8964580740070159
0.8965712345818716
0.8966843951567274
0.896797555731583
0.8969107163064387
0.8970238768812945
0.8971370374561503
0.8972501980310059
0.8973633586058617
0.8974765191807175
0.897589679755573
0.8977028403304288
0.8978160009052846
0.8979291614801402
0.898042322054996
0.8981554826298517
0.8982686432047075
0.8983818037795632
0.8984949643544188
0.8986081249292746
0.8987212855041303
0.898834446078986
0.8989476066538418
0.8990607672286975
0.8991739278035532
0.8992870883784089
0.8994002489532646
0.8995134095281203
0.8996265701029761
0.8997397306778319
0.8998528912526875
0.8999660518275433
0.900079212402399
0.9001923729772546
0.9003055335521104
0.9004186941269661
0.9005318547018218
0.9006450152766776
0.9007581758515333
0.900871336426389
0.9009844970012447
0.9010976575761004
0.9012108181509562
0.9013239787258119
0.9014371393006676
0.9015502998755234
0.901663460450379
0.9017766210252347
0.9018897816000905
0.9020029421749461
0.9021161027498019
0.9022292633246577
0.9023424238995134
0.902455584474369
0.9025687450492248
0.9026819056240805
0.9027950661989362
0.902908226773792
0.9030213873486477
0.9031345479235035
0.9086794160914338
0.9087925766662894
0.9089057372411451
0.9090188978160009
0.9091320583908565
0.9092452189657123
0.909358379540568
0.9103768247142695
0.9104899852891252
0.910603145863981
0.9107163064388366
0.015502998755233676
0.015616159330089396
0.015729319904945117
0.015842480479800837
0.015955641054656557
0.016068801629512276
0.016181962204368
0.016295122779223715
0.017313567952925202
0.01742672852778092
0.01810569197691524
0.018218852551770963
0.019689940024895325
0.019803100599751045
0.019916261174606764
0.020029421749462487
0.020142582324318207
0.1898834446078986
0.18999660518275432
0.19010976575761004
0.19067556863188864
0.19078872920674436
0.4266153672060654
0.4358945343442345
0.43600769491909014
0.4361208554939459
0.43623401606880163
0.4363471766436573
0.436460337218513
0.4365734977933688
0.4416657236618762
0.4417788842367319
0.4424578476858662
0.4601108973633586
-0.01290030553355211
-0.013013466108407831
-0.01312662668326355
-0.01323978725811927
-0.013352947832974991
-0.01720040737806948
-0.017313567952925202
-0.01742672852778092
-0.01753988910263664
-0.01765304967749236
-0.01776621025234808
-0.0178793708272038
-0.017992531402059524
-0.01810569197691524
-0.018218852551770963
-0.018332013126626683
-0.018445173701482402
-0.018558334276338122
-0.17969899287088376
-0.4401946361887518
-0.44030779676360754
-0.44098676021274186
-0.4410999207875976
-0.4422315265361548
-0.44234468711101055
-0.4424578476858662
-0.44257100826072193
-0.44268416883557765
-0.4629399117347516
-0.01290030553355211
-0.013013466108407831
-0.01312662668326355
-0.01323978725811927
-0.013918750707253591
-0.014031911282109313
-0.014371393006676473
-0.014937195880955075
-0.015050356455810796
-0.015163517030666514
-0.015276677605522237
-0.015389838180377955
-0.015502998755233676
-0.015616159330089396
-0.015729319904945117
-0.015842480479800837
-0.015955641054656557
-0.016068801629512276
-0.016181962204368
-0.016295122779223715
-0.01640828335407944
-0.016521443928935158
-0.016634604503790878
-0.016747765078646597
-0.01686092565350232
-0.01697408622835804
-0.01708724680321376
-0.01765304967749236
-0.01776621025234808
-0.0178793708272038
-0.019237297725472443
-0.019350458300328166
-0.019463618875183882
-0.019576779450039605
-0.019689940024895325
-0.44098676021274186
-0.4410999207875976
-0.4412130813624533
-0.441326241937309
-0.44143940251216474
-0.44155256308702046
-0.4430236505601448
-0.4431368111350006
-0.44324997170985625
-0.44336313228471197
-0.44347629285956774
-0.4435894534344234
-0.44370261400927913
-0.4478895552789408
-0.4480027158537965
-0.0031684960959601676
-0.013013466108407831
-0.01312662668326355
-0.01323978725811927
-0.013352947832974991
-0.013466108407830711
-0.01357926898268643
-0.013692429557542152
-0.013805590132397872
-0.013918750707253591
-0.014031911282109313
-0.014145071856965032
-0.014258232431820754
-0.014371393006676473
-0.014484553581532193
-0.014597714156387916
-0.014710874731243634
-0.014824035306099355
-0.014937195880955075
-0.015050356455810796
-0.015276677605522237
-0.015389838180377955
-0.015502998755233676
-0.015955641054656557
-0.016068801629512276
-0.016181962204368
-0.016295122779223715
-0.01640828335407944
-0.016521443928935158
-0.016634604503790878
-0.17223039493040623
-0.440534117913319
-0.4406472784881747
-0.4407604390630304
-0.44087359963788614
-0.0050922258685074115
-0.009958130587303382
-0.010071291162159103
-0.010184451737014823
-0.010637094036437703
-0.010750254611293425
-0.010863415186149146
-0.010976575761004866
-0.011089736335860587
-0.011202896910716307
-0.011316057485572026
-0.011429218060427748
-0.011542378635283467
-0.011655539210139187
-0.011768699784994908
-0.011881860359850628
-0.011995020934706347
-0.012108181509562069
-0.012221342084417788
-0.01233450265927351
-0.01244766323412923
-0.012560823808984949
-0.014031911282109313
-0.014145071856965032
-0.014258232431820754
-0.014371393006676473
-0.014597714156387916
-0.015050356455810796
-0.015163517030666514
-0.015276677605522237
-0.015389838180377955
-0.015502998755233676
-0.015616159330089396
-0.015729319904945117
-0.015842480479800837
-0.015955641054656557
-0.016068801629512276
-0.016181962204368
-0.016295122779223715
-0.018332013126626683
-0.018445173701482402
-0.4396288333144732
-0.5568631888649994
-0.5569763494398551
-0.5570895100147109
-0.5572026705895666
-0.5573158311644223
-0.009618648862736221
-0.010071291162159103
-0.010184451737014823
-0.010297612311870543
-0.010410772886726264
-0.010523933461581984
-0.010637094036437703
-0.010863415186149146
-0.010976575761004866
-0.011089736335860587
-0.011429218060427748
-0.011542378635283467
-0.011655539210139187
-0.011768699784994908
-0.011881860359850628
-0.011995020934706347
-0.012108181509562069
-0.012221342084417788
-0.01233450265927351
-0.01244766323412923
-0.012560823808984949
-0.01278714495869639
-0.01290030553355211
-0.01357926898268643
-0.013692429557542152
-0.013805590132397872
-0.013918750707253591
-0.014031911282109313
-0.015389838180377955
-0.015502998755233676
-0.015729319904945117
-0.016181962204368
-0.016295122779223715
-0.01640828335407944
-0.016521443928935158
-0.016634604503790878
-0.016747765078646597
-0.01686092565350232
-0.01697408622835804
-0.01708724680321376
-0.023084757270566934
-0.023197917845422654
-0.023537399569989816
-0.116102749801969
-0.1162159103768247
-0.4464184678058164
-0.4465316283806721
-0.4467579495303836
-0.5548262985175965
-0.5551657802421636
-0.5552789408170193
-0.555392101391875
-0.5555052619667308
-0.5556184225415866
-0.5557315831164422
-0.5562973859907208
-0.5564105465655765
-0.5565237071404323
-0.5566368677152879
-0.5567500282901436
-0.0055448681679302935
-0.011316057485572026
-0.011655539210139187
-0.012221342084417788
-0.01233450265927351
-0.01278714495869639
-0.01290030553355211
-0.013013466108407831
-0.01312662668326355
-0.01323978725811927
-0.013352947832974991
-0.013466108407830711
-0.01357926898268643
-0.013692429557542152
-0.013805590132397872
-0.013918750707253591
-0.014031911282109313
-0.014145071856965032
-0.014258232431820754
-0.014371393006676473
-0.014484553581532193
-0.014597714156387916
-0.014937195880955075
-0.021274188072875407
-0.02138734864773113
-0.02150050922258685
-0.02161366979744257
-0.021726830372298292
-0.023197917845422654
-0.023311078420278374
-0.0989023424238995
-0.1804911168948738
-0.18060427746972954
-0.18071743804458526
-0.18083059861944098
-0.1809437591942967
-0.18105691976915242
-0.22858436120855494
-0.3511372637773
-0.5523367658707706
-0.5524499264456263
-0.5525630870204821
-0.5526762475953377
-0.5527894081701934
-0.5529025687450492
-0.553015729319905
-0.5531288898947606
-0.5556184225415866
-0.5558447436912979
-0.5559579042661537
-0.5560710648410093
-0.5561842254158651
-0.5630870204820639
-0.5632001810569197
-0.5633133416317755
-0.013352947832974991
-0.013466108407830711
-0.03621138395383048
-0.036777186828109085
-0.0614461921466561
-0.06699106031458639
-0.06710422088944211
-0.06721738146429784
-0.06733054203915356
-0.09856286069933234
-0.09867602127418808
-0.0987891818490438
-0.11236845083173022
-0.11474482290370035
-0.11485798347855607
-0.11497114405341179
-0.1150843046282675
-0.11542378635283466
-0.11587642865225754
-0.11598958922711326
-0.11723435555052618
-0.11757383727509337
-0.11768699784994907
-0.11791331899966051
-0.11802647957451623
-0.11813964014937196
-0.12470295349100373
-0.12481611406585946
-0.12572139866470522
-0.12583455923956094
-0.12594771981441666
-0.12606088038927235
-0.12640036211383954
-0.12651352268869526
-0.12662668326355098
-0.1267398438384067
-0.12685300441326242
-0.12696616498811814
-0.14620346271359058
-0.1497114405341179
-0.16951454113386896
-0.18343329184112256
-0.18354645241597825
-0.1837727735656897
-0.18388593414054544
-0.18467805816453547
-0.1847912187393912
-0.18490437931424689
-0.18501753988910263
-0.18513070046395833
-0.18694126966164987
-0.19859680887178907
-0.1993889328957791
-0.19950209347063483
-0.19961525404549052
-0.20267058956659498
-0.20278375014145072
-0.20289691071630642
-0.20301007129116216
-0.01776621025234808
-0.046961638565123906
-0.04911168948738259
-0.09075478103428765
-0.11519746520312323
-0.11531062577797895
-0.11542378635283466
-0.11553694692769038
-0.1156501075025461
-0.11576326807740182
-0.12707932556297385
-0.1273056467126853
-0.127418807287541
-0.12753196786239673
-0.13658481385085436
-0.13669797442571008
-0.1368111350005658
-0.13873486477311306
-0.13896118592282447
-0.1390743464976802
-0.14054543397080457
-0.1406585945456603
-0.14077175512051598
-0.14099807627022742
-0.14111123684508317
-0.1412243974199389
-0.1413375579947946
-0.14145071856965033
-0.14156387914450605
-0.14167703971936177
-0.1417902002942175
-0.14269548489306325
-0.14767455018671494
-0.14778771076157066
-0.14790087133642638
-0.14801403191128212
-0.14812719248613782
-0.14824035306099353
-0.14835351363584925
-0.14846667421070497
-0.14857983478556072
-0.1486929953604164
-0.14914563765983932
-0.149258798234695
-0.14937195880955076
-0.14948511938440645
-0.1495982799592622
-0.1497114405341179
-0.14982460110897364
-0.14993776168382936
-0.15005092225868505
-0.1501640828335408
-0.1502772434083965
-0.15039040398325224
-0.15050356455810796
-0.15061672513296367
-0.1507298857078194
-0.1508430462826751
-0.15095620685753083
-0.15106936743238653
-0.15118252800724227
-0.151295688582098
-0.1514088491569537
-0.15152200973180943
-0.15163517030666515
-0.15174833088152087
-0.1518614914563766
-0.1525404549055109
-0.15265361548036666
-0.15276677605522235
-0.15287993663007807
-0.1529930972049338
-0.1531062577797895
-0.15321941835464525
-0.15333257892950095
-0.1534457395043567
-0.15378522122892382
-0.1975783636980876
-0.1976915242729433
-0.197804684847799
-0.016295122779223715
-0.01640828335407944
-0.019916261174606764
-0.03111915808532307
-0.031232318660178792
-0.031345479235034515
-0.05273282788276564
-0.059409301799253134
-0.05952246237410885
-0.05963562294896457
-0.0597487835238203
-0.05986194409867602
-0.09052845988457621
-0.09143374448342198
-0.09245218965712344
-0.09256535023197916
-0.11995020934706348
-0.1200633699219192
-0.12017653049677493
-0.12764512843725245
-0.12775828901210817
-0.1278714495869639
-0.1279846101618196
-0.12809777073667533
-0.12821093131153105
-0.12832409188638677
-0.12843725246124252
-0.1285504130360982
-0.1291162159103768
-0.12922937648523256
-0.12934253706008825
-0.129455697634944
-0.13070046395835688
-0.13081362453321263
-0.13092678510806832
-0.13103994568292407
-0.1311531062577798
-0.1312662668326355
-0.13137942740749123
-0.13149258798234695
-0.14031911282109313
-0.14043227339594885
-0.14054543397080457
-0.1406585945456603
-0.14077175512051598
-0.14088491569537173
-0.14099807627022742
-0.14111123684508317
-0.1412243974199389
-0.1413375579947946
-0.14145071856965033
-0.14156387914450605
-0.14167703971936177
-0.1417902002942175
-0.1419033608690732
-0.14201652144392893
-0.14269548489306325
-0.14280864546791897
-0.14292180604277469
-0.1430349666176304
-0.14314812719248615
-0.14326128776734184
-0.143600769491909
-0.14371393006676472
-0.14382709064162044
-0.14914563765983932
-0.149258798234695
-0.14937195880955076
-0.14948511938440645
-0.1495982799592622
-0.15039040398325224
-0.15050356455810796
-0.15061672513296367
-0.1507298857078194
-0.1508430462826751
-0.15095620685753083
-0.15106936743238653
-0.15118252800724227
-0.151295688582098
-0.1514088491569537
-0.15152200973180943
-0.15163517030666515
-0.1525404549055109
-0.15265361548036666
-0.15276677605522235
-0.15287993663007807
-0.1529930972049338
-0.1531062577797895
-0.15321941835464525
-0.15333257892950095
-0.1534457395043567
-0.15355890007921238
-0.1536720606540681
-0.1708724680321376
-0.1721172343555505
-0.17404096412809775
-0.1741541247029535
-0.1742672852778092
-0.17438044585266493
