0.29776212184003314
0.2979693327807708
0.2981765437215085
0.29838375466224615
0.2985909656029838
0.3002486531288852
0.3004558640696229
0.30066307501036055
0.3008702859510982
0.3010774968918359
0.30128470783257355
0.3014919187733112
0.3016991297140489
0.30190634065478655
0.3041856610029009
0.3043928719436386
0.30625777041027763
0.30687940323249063
0.30708661417322836
0.30770824699544136
0.307915457936179
0.4488188976377952
0.30128470783257355
0.30377123912142556
0.30397845006216323
0.30667219229175297
0.30687940323249063
0.30708661417322836
0.31185246581019477
0.31205967675093244
0.31392457521757144
0.3141317861583091
0.31433899709904684
0.3145462080397845
0.31475341898052217
0.31496062992125984
0.3151678408619975
0.3153750518027352
0.31558226274347284
0.3300870285951098
0.421881475341898
0.4220886862826357
0.4382511396601741
0.44653957728968086
0.4467467882304186
0.4469539991711562
0.4471612101118939
0.4473684210526315
0.44757563199336925
0.4477828429341069
0.44799005387484453
0.44819726481558225
0.44840447575631986
0.4486116866970576
0.4488188976377952
0.4598010774968918
0.46145876502279315
0.4616659759635309
0.4618731869042685
0.4620803978450062
0.4622876087857439
0.4624948197264816
0.4627020306672192
0.46290924160795693
0.46311645254869455
0.46332366348943227
0.4635308744301699
0.4637380853709075
0.4639452963116452
0.46415250725238283
0.46435971819312055
0.4645669291338582
0.46477414007459594
0.46498135101533355
0.4651885619560713
0.4653957728968089
0.4656029838375466
0.4658101947782842
0.46601740571902195
0.46622461665975956
0.4664318276004973
0.4666390385412349
0.4668462494819726
0.4670534604227103
0.467260671363448
0.4674678823041856
0.46767509324492335
0.46788230418566096
0.4680895151263987
0.4682967260671363
0.468503937007874
0.46871114794861163
0.46891835888934935
0.46912556983008696
0.5002072109407376
0.5687940323249067
0.2552838789888106
0.4459179444674679
0.4461251554082055
0.44633236634894324
0.44653957728968086
0.4506837961044343
0.45089100704517193
0.45109821798590966
0.45130542892664727
0.451512639867385
0.4517198508081226
0.45254869457107333
0.45275590551181105
0.45296311645254866
0.4531703273932864
0.46042271031910487
0.4606299212598425
0.4608371322005802
0.4610443431413178
0.46125155408205554
0.46145876502279315
0.4616659759635309
0.4618731869042685
0.4620803978450062
0.4622876087857439
0.4624948197264816
0.4627020306672192
0.46290924160795693
0.46311645254869455
0.46332366348943227
0.4635308744301699
0.4637380853709075
0.4639452963116452
0.46415250725238283
0.46435971819312055
0.4645669291338582
0.46477414007459594
0.46498135101533355
0.4651885619560713
0.4653957728968089
0.4656029838375466
0.4658101947782842
0.46601740571902195
0.46622461665975956
0.467260671363448
0.4674678823041856
0.46767509324492335
0.46788230418566096
0.4680895151263987
0.4682967260671363
0.468503937007874
0.46871114794861163
0.46891835888934935
0.46912556983008696
0.4693327807708247
0.46953999171156235
0.4697472026523001
0.4699544135930377
0.4701616245337754
0.470368835474513
0.47057604641525075
0.4728553667633651
0.4730625777041027
0.47326978864484043
0.47347699958557804
0.47368421052631576
0.4823870700372979
0.4912971404890178
0.4915043514297555
0.4917115623704931
0.584334852880232
0.5845420638209697
0.5847492747617073
0.5849564857024451
0.5851636966431828
0.5853709075839204
0.5855781185246581
0.5857853294653957
0.5861997513468711
0.24513054289266473
0.36966431827600493
0.3698715292167426
0.4177372565271446
0.4179444674678823
0.41815167840861994
0.4183588893493576
0.4185661002900953
0.418773311230833
0.41898052217157067
0.41918773311230834
0.419394944053046
0.41960215499378367
0.41980936593452134
0.420016576875259
0.4202237878159967
0.42043099875673434
0.42063820969747195
0.4208454206382097
0.42105263157894735
0.44488188976377946
0.4450891007045172
0.4680895151263987
0.4682967260671363
0.468503937007874
0.46871114794861163
0.46891835888934935
0.46912556983008696
0.4701616245337754
0.470368835474513
0.47057604641525075
0.49295482801491913
0.49316203895565686
0.49336924989639447
0.4935764608371322
0.49378367177786986
0.4939908827186075
0.4941980936593452
0.4944053046000829
0.49502693742229587
0.5638209697472026
0.5640281806879403
0.564235391628678
0.5644426025694156
0.5650642353916286
0.5663075010360547
0.5665147119767924
0.56672192291753
0.5669291338582677
0.5671363447990053
0.5814338997099047
0.58184832159138
0.5820555325321176
0.5822627434728553
0.582469954413593
0.5826771653543307
0.5828843762950683
0.583091587235806
0.5832987981765436
0.5835060091172813
0.583713220058019
0.5841276419394943
0.584334852880232
0.5845420638209697
0.5847492747617073
0.5849564857024451
0.5851636966431828
0.5853709075839204
0.5855781185246581
0.5857853294653957
0.5859925404061335
0.5861997513468711
0.5864069622876088
0.5870285951098217
0.5982179859096559
0.5984251968503936
0.5986324077911312
0.598839618731869
0.5990468296726067
0.5992540406133443
0.599461251554082
0.5996684624948198
0.5998756734355574
0.6000828843762951
0.6002900953170327
0.6004973062577704
0.600704517198508
0.6009117281392458
0.6011189390799834
0.6137588064649813
0.613966017405719
0.6141732283464567
0.6143804392871943
0.614587650227932
0.6147948611686697
0.6150020721094074
0.6185246581019477
0.6187318690426854
0.6189390799834231
0.6191462909241608
0.6363447990053874
0.6539577289680895
0.6543721508495648
0.6545793617903025
0.6547865727310401
0.6549937836717779
0.6552009946125155
0.6554082055532532
0.6558226274347285
0.6682552838789888
0.6684624948197264
0.6686697057604641
0.6688769167012018
0.6773725652714463
0.6815167840861996
0.6817239950269374
0.6819312059676751
0.6821384169084128
0.6823456278491504
0.6825528387898881
0.68503937007874
0.6852465810194778
0.6854537919602154
0.6856610029009531
0.6858682138416907
0.6860754247824284
0.6862826357231661
0.6864898466639038
0.6866970576046415
0.6869042685453792
0.6871114794861168
0.6873186904268546
0.6875259013675922
0.6877331123083299
0.6879403232490675
0.6881475341898052
0.6883547451305428
0.6885619560712806
0.6887691670120182
0.6889763779527559
0.6891835888934935
0.6893907998342312
0.7233733941152092
0.7235806050559469
0.7237878159966845
0.7239950269374222
0.9044757563199336
0.9046829672606713
0.9048901782014089
0.9050973891421467
0.9053046000828844
0.9055118110236221
0.9057190219643596
0.9059262329050973
0.906133443845835
0.9063406547865728
0.9065478657273103
0.9084127641939493
0.9086199751346871
0.9088271860754248
0.9260256941566514
0.9262329050973891
0.9264401160381268
0.9266473269788645
0.926854537919602
0.4504765851636966
0.4506837961044343
0.45089100704517193
0.45109821798590966
0.45130542892664727
0.451512639867385
0.46601740571902195
0.46622461665975956
0.4664318276004973
0.4668462494819726
0.46912556983008696
0.5524243680066308
0.5526315789473684
0.5646498135101533
0.5648570244508909
0.5650642353916286
0.5652714463323664
0.565478657273104
0.5656858682138417
0.5658930791545793
0.566100290095317
0.5663075010360547
0.5665147119767924
0.56672192291753
0.5990468296726067
0.5992540406133443
0.599461251554082
0.5996684624948198
0.5998756734355574
0.6000828843762951
0.6002900953170327
0.6004973062577704
0.600704517198508
0.6009117281392458
0.6011189390799834
0.614587650227932
0.6147948611686697
0.6150020721094074
0.615209283050145
0.6154164939908827
0.6156237049316203
0.615830915872358
0.6160381268130957
0.6162453377538334
0.616452548694571
0.6166597596353087
0.6168669705760463
0.6170741815167841
0.6172813924575217
0.6174886033982594
0.617695814338997
0.6179030252797347
0.6181102362204723
0.6183174471612101
0.6185246581019477
0.6187318690426854
0.6485702445089101
0.6487774554496477
0.6489846663903854
0.649191877331123
0.6493990882718608
0.6496062992125984
0.6498135101533361
0.6500207210940737
0.6502279320348114
0.650435142975549
0.6506423539162868
0.6508495648570244
0.6510567757977621
0.6512639867384997
0.6514711976792374
0.6516784086199751
0.6518856195607128
0.6520928305014504
0.6523000414421881
0.6525072523829257
0.6527144633236635
0.6529216742644012
0.6531288852051388
0.6533360961458765
0.6535433070866141
0.6537505180273518
0.6539577289680895
0.6541649399088272
0.6545793617903025
0.6657687525901367
0.6659759635308744
0.8738085370907583
0.8740157480314961
0.8912142561127226
0.8914214670534604
0.9026108578532945
0.9028180687940323
0.90302527973477
0.9032324906755077
0.9034397016162452
0.9036469125569829
0.9038541234977207
0.9040613344384582
0.9042685453791959
0.9044757563199336
0.9046829672606713
0.9048901782014089
0.9084127641939493
0.9086199751346871
0.9088271860754248
0.9090343970161623
0.9092416079569
0.9220886862826356
0.9222958972233734
0.9225031081641111
0.9227103191048486
0.9229175300455863
0.923124740986324
0.9233319519270617
0.9235391628677992
0.923746373808537
0.9239535847492747
0.9241607956900124
0.92436800663075
0.9245752175714878
0.9247824285122255
0.9249896394529632
0.9251968503937007
0.9254040613344384
0.9256112722751761
0.9258184832159139
0.931413178615831
0.9316203895565685
0.9318276004973062
0.9320348114380439
0.9322420223787816
0.9324492333195191
0.9326564442602568
0.22876087857438873
0.2289680895151264
0.22917530045586407
0.41732283464566927
0.41753004558640694
0.4177372565271446
0.423124740986324
0.4241607956900124
0.43431413178615824
0.43452134272689596
0.4347285536676336
0.4349357646083713
0.4351429755491089
0.43617903025279736
0.436386241193535
0.4365934521342727
0.43742229589722337
0.437629506837961
0.4378367177786987
0.453377538334024
0.4535847492747617
0.4653957728968089
0.4656029838375466
0.46601740571902195
0.49751346871114793
0.49772067965188554
0.49792789059262327
0.4981351015333609
0.4983423124740986
0.49854952341483627
0.498756734355574
0.4989639452963116
0.533360961458765
0.5335681723995027
0.5337753833402403
0.533982594280978
0.5341898052217157
0.5343970161624533
0.534604227103191
0.5348114380439286
0.5350186489846663
0.535225859925404
0.5354330708661417
0.5356402818068793
0.5362619146290925
0.5364691255698301
0.5366763365105678
0.5368835474513054
0.5370907583920431
0.5372979693327807
0.5615416493990882
0.561748860339826
0.5619560712805636
0.5621632822213013
0.5623704931620389
0.5625777041027766
0.5627849150435142
0.562992125984252
0.5631993369249896
0.5634065478657273
0.5636137588064649
0.5638209697472026
0.5640281806879403
0.564235391628678
0.5644426025694156
0.5646498135101533
0.5648570244508909
0.5650642353916286
0.5652714463323664
0.565478657273104
0.5656858682138417
0.5658930791545793
0.566100290095317
0.5663075010360547
0.5677579776212184
0.567965188561956
0.5681723995026937
0.5683796104434313
0.568586821384169
0.5766680480729383
0.5768752590136759
0.5770824699544136
0.5781185246581019
0.5783257355988396
0.5785329465395772
0.5787401574803149
0.5789473684210525
0.5791545793617903
0.5793617903025279
0.5795690012432656
0.5797762121840033
0.5799834231247409
0.5801906340654787
0.599461251554082
0.5996684624948198
0.5998756734355574
0.6000828843762951
0.6002900953170327
0.6004973062577704
0.600704517198508
0.6009117281392458
0.6011189390799834
0.6013261500207211
0.6015333609614587
0.6017405719021964
0.601947782842934
0.6931205967675093
0.7679237463738084
0.7681309573145462
0.7683381682552838
0.7685453791960215
0.7687525901367591
0.7689598010774968
0.8207625362619145
0.8839618731869041
0.8841690841276418
0.8843762950683796
0.8845835060091173
0.8847907169498548
0.8849979278905925
0.8852051388313302
0.885412349772068
0.8999171156237049
0.9001243265644425
0.9003315375051802
0.900538748445918
0.9007459593866557
0.9009531703273932
0.9011603812681309
0.9013675922088686
0.9015748031496064
0.9017820140903439
0.9086199751346871
0.9088271860754248
0.9090343970161623
0.9135930377123912
0.9138002486531287
0.9140074595938664
0.9142146705346041
0.9144218814753419
0.9146290924160795
0.9148363033568172
0.9150435142975549
0.9152507252382927
0.9154579361790302
0.9156651471197679
0.9158723580605056
0.9160795690012433
0.9162867799419808
0.9164939908827185
0.9167012018234563
0.916908412764194
0.9432242022378781
0.9434314131786158
0.9436386241193534
0.9438458350600911
0.9440530460008288
0.9442602569415666
0.9444674678823041
0.9446746788230418
0.9448818897637795
0.9450891007045172
0.9452963116452547
0.9455035225859925
0.9457107335267302
0.9459179444674679
0.9461251554082054
0.9463323663489431
0.9465395772896809
0.9467467882304186
0.4962702030667219
0.49647741400745954
0.49668462494819726
0.4968918358889349
0.4970990468296726
0.5343970161624533
0.534604227103191
0.5348114380439286
0.5350186489846663
0.535225859925404
0.5354330708661417
0.5644426025694156
0.5648570244508909
0.5650642353916286
0.5652714463323664
0.565478657273104
0.5656858682138417
0.5658930791545793
0.566100290095317
0.5663075010360547
0.5665147119767924
0.56672192291753
0.5669291338582677
0.5671363447990053
0.567343555739743
0.5785329465395772
0.5787401574803149
0.5789473684210525
0.6773725652714463
0.677579776212184
0.6777869871529216
0.6779941980936594
0.678201409034397
0.6784086199751347
0.6786158309158723
0.67882304185661
0.6790302527973476
0.680687940323249
0.6811023622047243
0.681309573145462
0.6815167840861996
0.6817239950269374
0.6819312059676751
0.6821384169084128
0.6823456278491504
0.6825528387898881
0.774554496477414
0.22689598010774967
0.22710319104848734
0.22855366763365104
0.22876087857438873
0.2289680895151264
0.22917530045586407
0.22938251139660173
0.421259842519685
0.423124740986324
0.42333195192706174
0.456485702445089
0.45669291338582674
0.7416079569001243
0.741815167840862
0.7420223787815996
0.7422295897223373
0.7424368006630749
0.7426440116038127
0.11728139245752174
0.11748860339825942
0.20928305014504764
0.20949026108578533
0.209697472026523
0.20990468296726067
0.21404890178201408
0.21425611272275177
0.21446332366348944
0.2146705346042271
0.21487774554496478
0.2494819726481558
0.24968918358889347
0.24989639452963114
0.2501036054703688
0.2573559883961873
0.25756319933692495
0.2577704102776626
0.25984251968503935
0.260049730625777
0.2602569415665147
0.26046415250725236
0.26067136344799
0.26087857438872775
0.2637795275590551
0.26398673849979276
0.26419394944053043
0.2644011603812681
0.26460837132200576
0.26481558226274343
0.2650227932034811
0.26523000414421877
0.31723995026937424
0.3174471612101119
0.3176543721508496
0.31786158309158724
0.3182760049730626
0.3211769581433899
0.3213841690841276
0.3215913800248653
0.321798590965603
0.33588893493576455
0.3360961458765023
0.5986324077911312
0.598839618731869
0.5990468296726067
0.6104434314131786
0.6106506423539163
0.6108578532946539
0.6110650642353916
0.6112722751761293
0.611479486116867
0.6116866970576046
0.6518856195607128
0.6520928305014504
0.6523000414421881
0.6645254869457107
0.6647326978864484
0.664939908827186
0.6651471197679237
0.6653543307086613
0.6655615416493991
0.6657687525901367
0.6659759635308744
0.4237463738085371
0.4784500621632822
0.4786572731040199
0.5665147119767924
0.56672192291753
0.5669291338582677
0.5671363447990053
0.567343555739743
0.5675507666804807
0.5677579776212184
0.567965188561956
0.5681723995026937
0.5683796104434313
0.568586821384169
0.5787401574803149
0.5789473684210525
0.6195607128056362
0.6197679237463738
0.6199751346871115
0.6201823456278491
0.6208039784500622
0.6210111893907998
0.8595109821798591
0.8597181931205966
0.8599254040613343
0.860132615002072
0.8603398259428098
0.8605470368835473
0.860754247824285
0.8609614587650227
0.8611686697057604
0.8613758806464981
0.8615830915872358
0.8617903025279735
0.8619975134687112
0.8622047244094487
0.8624119353501865
0.8626191462909242
0.8628263572316619
0.8630335681723994
0.8632407791131371
0.8634479900538748
0.8636552009946126
0.8638624119353501
0.8640696228760878
0.8642768338168255
0.864484044757563
0.8646912556983007
0.8648984666390385
0.8651056775797762
0.8653128885205137
0.8655200994612514
0.8657273104019891
0.8659345213427269
0.8661417322834645
0.8663489432242022
0.8665561541649399
0.8667633651056776
0.8669705760464151
0.8671777869871529
0.8673849979278906
0.8675922088686283
0.8677994198093658
0.8680066307501035
0.8682138416908413
0.868421052631579
0.8686282635723165
0.8688354745130542
0.8690426854537919
0.8692498963945297
0.8694571073352672
0.8696643182760049
0.8698715292167426
0.8700787401574803
0.8702859510982178
0.8704931620389555
0.8707003729796933
0.870907583920431
0.8711147948611686
0.8713220058019063
0.871529216742644
0.8717364276833818
0.8719436386241193
0.872150849564857
0.8723580605055947
0.8725652714463322
0.87277248238707
0.8729796933278077
0.8731869042685454
0.8733941152092829
0.8736013261500206
0.8771239121425611
0.8773311230832989
0.8775383340240364
0.8777455449647741
0.8779527559055118
0.8781599668462495
0.878367177786987
0.8785743887277248
0.8787815996684625
0.8789888106092002
0.8791960215499377
0.8794032324906754
0.8796104434314131
0.8798176543721509
0.8800248653128884
0.8802320762536261
0.8804392871943638
0.8806464981351014
0.8808537090758392
0.8810609200165769
0.8812681309573146
0.8814753418980521
0.8816825528387898
0.8818897637795275
0.8820969747202653
0.8823041856610028
0.8825113966017405
0.8827186075424782
0.8829258184832159
0.8831330294239534
0.8833402403646912
-0.8433485288023207
-0.8435557397430584
-0.843762950683796
-0.8439701616245338
-0.8441773725652714
-0.8443845835060091
-0.8445917944467467
-0.8447990053874844
-0.845006216328222
-0.858267716535433
-0.8584749274761707
-0.8586821384169084
-0.8588893493576459
-0.8590965602983837
-0.8593037712391214
-0.8595109821798591
-0.8597181931205966
-0.8599254040613343
-0.860132615002072
-0.017198508081226686
-0.01740571902196436
-0.01761292996270203
-0.0178201409034397
-0.01802735184417737
-0.018234562784915042
-0.018441773725652713
-0.018648984666390384
-0.045171985080812264
-0.04537919602154994
-0.04558640696228761
-0.045793617903025274
-0.04600082884376295
-0.04620803978450062
-0.04641525072523829
-0.046622461665975966
-0.046829672606713627
-0.0470368835474513
-0.047244094488188976
-0.04745130542892664
-0.04765851636966431
-0.047865727310401986
-0.04807293825113966
-0.04828014919187733
-0.050145047658516365
-0.05035225859925404
-0.050559469539991714
-0.050766680480729375
-0.05097389142146705
-0.051181102362204724
-0.05138831330294239
-0.05159552424368006
-0.051802735184417734
-0.05200994612515541
-0.052217157065893076
-0.05242436800663075
-0.05263157894736842
-0.052838789888106086
-0.12992125984251968
-0.13012847078325734
-0.130335681723995
-0.1305428926647327
-0.13075010360547037
-0.13095731454620804
-0.1311645254869457
-0.13137173642768338
-0.13157894736842105
-0.1317861583091587
-0.13199336924989638
-0.13220058019063405
-0.13240779113137172
-0.13261500207210938
-0.13282221301284708
-0.13302942395358475
-0.6508495648570244
-0.6699129714048901
-0.6701201823456278
-0.890385412349772
-0.9017820140903439
-0.9019892250310816
-0.9021964359718193
-0.902403646912557
-0.9026108578532945
-0.9028180687940323
-0.90302527973477
-0.9055118110236221
-0.9057190219643596
-0.9059262329050973
-0.906133443845835
-0.10132615002072108
-0.12950683796104434
-0.129714048901782
-0.12992125984251968
-0.13012847078325734
-0.130335681723995
-0.1305428926647327
-0.13075010360547037
-0.13095731454620804
-0.1311645254869457
-0.13137173642768338
-0.13157894736842105
-0.1317861583091587
-0.13199336924989638
-0.13220058019063405
-0.13240779113137172
-0.13261500207210938
-0.13282221301284708
-0.13302942395358475
-0.13323663489432241
-0.13344384583506008
-0.13365105677579775
-0.227310401989225
-0.2275176129299627
-0.22772482387070037
-0.22793203481143803
-0.26854537919602156
-0.26875259013675923
-0.2689598010774969
-0.26916701201823456
-0.26937422295897223
-0.2695814338997099
-0.26978864484044757
-0.26999585578118523
-0.2702030667219229
-0.27041027766266057
-0.27061748860339824
-0.27082469954413596
-0.27103191048487363
-0.27123912142561124
-0.2722751761292996
-0.27248238707003725
-0.2726895980107749
-0.27289680895151264
-0.016784086199751348
-0.016991297140489015
-0.017198508081226686
-0.01740571902196436
-0.01761292996270203
-0.0178201409034397
-0.01802735184417737
-0.018234562784915042
-0.018441773725652713
-0.024658101947782844
-0.02486531288852051
-0.025072523829258182
-0.025279734769995857
-0.025486945710733525
-0.025694156651471196
-0.025901367592208867
-0.026108578532946538
-0.02631578947368421
-0.02652300041442188
-0.02673021135515955
-0.026937422295897226
-0.02714463323663489
-0.02735184417737256
-0.027559055118110236
-0.027766266058847907
-0.027973476999585578
-0.028180687940323246
-0.028387898881060917
-0.02859510982179859
-0.028802320762536263
-0.029009531703273927
-0.0292167426440116
-0.029423953584749273
-0.029631164525486944
-0.029838375466224618
-0.030045586406962282
-0.030252797347699957
-0.030460008288437628
-0.0306672192291753
-0.03087443016991297
-0.031081641110650638
-0.03128885205138831
-0.031496062992125984
-0.03170327393286366
-0.031910484873601326
-0.032117695814338994
-0.03232490675507667
-0.032532117695814336
-0.046622461665975966
-0.046829672606713627
-0.0470368835474513
-0.047244094488188976
-0.04745130542892664
-0.04765851636966431
-0.047865727310401986
-0.04807293825113966
-0.04828014919187733
-0.048487360132615
-0.04869457107335267
-0.04890178201409034
-0.04910899295482801
-0.04931620389556569
-0.049523414836303355
-0.04973062577704102
-0.0499378367177787
-0.050145047658516365
-0.05035225859925404
-0.050559469539991714
-0.050766680480729375
-0.05097389142146705
-0.051181102362204724
-0.05138831330294239
-0.05159552424368006
-0.26688769167012016
-0.26709490261085783
-0.01367592208868628
-0.015748031496062992
-0.015955242436800663
-0.016162453377538334
-0.016369664318276005
-0.1419394944053046
-0.14214670534604226
-0.14235391628677993
-0.1425611272275176
-0.1427683381682553
-0.14297554910899296
-0.14318276004973063
-0.1433899709904683
-0.14359718193120594
-0.14380439287194363
-0.1440116038126813
-0.14421881475341897
-0.14442602569415663
-0.1446332366348943
-0.14484044757563197
-0.14504765851636967
-0.14525486945710733
-0.145462080397845
-0.14566929133858267
-0.14587650227932034
-0.146083713220058
-0.1462909241607957
-0.14649813510153337
-0.14670534604227103
-0.1469125569830087
-0.14711976792374637
-0.14732697886448404
-0.1475341898052217
-0.14774140074595937
-0.14794861168669704
-0.1481558226274347
-0.14836303356817238
-0.14857024450891007
-0.14877745544964774
-0.1489846663903854
-0.14919187733112307
-0.14939908827186074
-0.1496062992125984
-0.14981351015333608
-0.15002072109407377
-0.15022793203481144
-0.1504351429755491
-0.15064235391628678
-0.15084956485702444
-0.1510567757977621
-0.1512639867384998
-0.15147119767923745
-0.1516784086199751
-0.15188561956071278
-0.15209283050145045
-0.15230004144218814
-0.1525072523829258
-0.15271446332366348
-0.15292167426440115
-0.15312888520513881
-0.15333609614587648
-0.15354330708661418
-0.15375051802735185
-0.1539577289680895
-0.15416493990882718
-0.15437215084956485
-0.15457936179030252
-0.1547865727310402
-0.15499378367177788
-0.15520099461251555
-0.1554082055532532
-0.15561541649399085
-0.15582262743472855
-0.15602983837546622
-0.15623704931620389
-0.15644426025694155
-0.15665147119767922
-0.1568586821384169
-0.15706589307915456
-0.15727310401989225
-0.15748031496062992
-0.1576875259013676
-0.15789473684210525
-0.15810194778284292
-0.1583091587235806
-0.15851636966431829
-0.15872358060505595
-0.15893079154579362
-0.1591380024865313
-0.15934521342726893
-0.15955242436800662
-0.1597596353087443
-0.15996684624948196
-0.16017405719021963
-0.1603812681309573
-0.16058847907169496
-0.16079569001243266
-0.16100290095317032
-0.161210111893908
-0.18421052631578946
-0.18441773725652713
-0.1846249481972648
-0.18483215913800247
-0.18503937007874016
-0.18524658101947783
-0.1854537919602155
-0.18566100290095316
-0.18586821384169083
-0.1860754247824285
-0.1862826357231662
-0.18648984666390386
-0.1866970576046415
-0.18690426854537917
-0.18711147948611684
-0.1873186904268545
-0.1875259013675922
-0.18773311230832987
-0.18794032324906754
-0.1881475341898052
-0.18835474513054287
-0.18856195607128054
-0.19436386241193535
-0.19457107335267299
-0.19477828429341068
-0.24720265230004146
-0.08329879817654372
-0.08350600911728139
-0.08164111065064235
-0.08184832159138002
-0.08205553253211768
-0.08226274347285537
-0.08246995441359303
-0.0826771653543307
-0.08288437629506838
-0.2024450891007045
-0.20265230004144216
-0.20285951098217983
-0.2486531288852051
-0.24906755076668044
-0.24927476170741814
-0.2494819726481558
-0.24968918358889347
-0.24989639452963114
-0.2501036054703688
-0.2503108164111065
-0.25051802735184414
-0.2507252382925818
-0.2509324492333195
-0.2511396601740572
-0.25134687111479487
-0.015126398673849979
-0.01533360961458765
-0.015540820555325319
