0.007612833061446439
0.007721587819467103
0.00989668297988037
0.010440456769983689
0.01174551386623165
0.011854268624252312
0.011963023382272975
0.012071778140293638
0.012180532898314302
0.012289287656334965
0.01239804241435563
0.012506797172376294
0.012615551930396957
0.01272430668841762
0.012833061446438282
0.021424687330070694
0.021533442088091354
0.02164219684611202
0.03132137030995106
0.6055464926590539
0.6056552474170745
0.6057640021750952
0.6058727569331158
0.6059815116911366
0.6060902664491572
0.6061990212071778
0.014899401848830889
0.01500815660685155
0.015116911364872214
0.015225666122892879
0.01533442088091354
0.6826536160957042
0.6827623708537249
0.6828711256117456
0.6829798803697662
0.6830886351277868
0.6831973898858076
0.6833061446438282
0.6834148994018489
0.6835236541598695
0.6836324089178902
0.6851549755301796
0.6852637302882002
0.6853724850462208
0.6854812398042416
0.6855899945622622
0.6856987493202829
0.6858075040783035
0.6859162588363241
0.6860250135943449
0.6861337683523655
0.6862425231103861
0.6863512778684068
0.6864600326264275
0.6865687873844482
0.6866775421424688
0.6867862969004894
0.6868950516585102
0.6870038064165308
0.6871125611745514
0.6872213159325721
0.6873300706905928
0.6874388254486135
0.6875475802066341
0.6876563349646547
0.6877650897226755
0.6878738444806961
0.6879825992387167
0.6880913539967374
0.688200108754758
0.6883088635127788
0.6940728656878739
0.6948341489940185
0.6949429037520392
0.7020119630233823
0.7021207177814031
0.7039695486677543
0.7040783034257749
0.6735182164219685
0.6736269711799892
0.9143012506797173
0.914410005437738
0.9145187601957587
0.9146275149537793
0.9147362697118
0.9148450244698206
0.9149537792278414
0.9150625339858619
0.9151712887438826
0.9152800435019033
0.915388798259924
0.9154975530179446
0.9156063077759653
0.9157150625339859
0.9158238172920067
0.9159325720500272
0.916041326808048
0.9161500815660686
0.9162588363240893
0.9163675910821099
0.9164763458401306
0.9165851005981511
0.916693855356172
0.9168026101141925
0.9169113648722133
0.9170201196302338
0.9171288743882546
0.9172376291462752
0.9173463839042959
0.9174551386623164
0.9175638934203373
0.9176726481783578
0.9177814029363786
0.918977705274606
0.9212615551930398
0.9213703099510605
0.921479064709081
0.9219140837411637
0.9220228384991844
0.9221315932572051
0.9248504622077216
0.9249592169657425
0.9300706905927136
0.9301794453507342
0.9305057096247963
0.9306144643828168
0.9307232191408376
0.9308319738988581
0.934094616639478
0.9342033713974988
0.9349646547036434
0.9350734094616641
0.9351821642196848
0.9352909189777053
0.9353996737357261
0.9355084284937467
0.9356171832517675
0.935725938009788
0.9358346927678087
0.9359434475258294
0.9360522022838501
0.9361609570418706
0.9362697117998914
0.936378466557912
0.9368134855899946
0.9369222403480154
0.9370309951060359
0.9371397498640567
0.9372485046220772
0.9373572593800981
0.9374660141381186
0.9375747688961393
0.9376835236541599
0.9417074497009245
0.9418162044589452
0.9419249592169658
0.9420337139749866
0.9421424687330071
0.9422512234910279
0.9423599782490485
0.9424687330070692
0.9425774877650898
0.9426862425231105
0.942794997281131
0.9429037520391519
0.9430125067971724
0.9431212615551932
0.9432300163132137
0.9433387710712345
0.9434475258292551
0.9435562805872758
0.9436650353452963
0.945078847199565
0.9451876019575857
0.9452963567156064
0.9454051114736269
0.9455138662316477
0.9456226209896683
0.9457313757476891
0.9458401305057096
0.9459488852637303
0.9460576400217511
0.9461663947797717
0.9462751495377925
0.946383904295813
0.9464926590538337
0.9466014138118544
0.9467101685698751
0.9468189233278956
0.9469276780859164
0.947036432843937
0.9471451876019578
0.9472539423599783
0.947362697117999
0.9474714518760197
0.9475802066340404
0.9476889613920609
0.9477977161500817
0.9479064709081023
0.9480152256661231
0.9481239804241436
0.9482327351821643
0.948341489940185
0.9575856443719415
0.95899945622621
0.9591082109842307
0.9592169657422512
0.959325720500272
0.9594344752582926
0.9595432300163134
0.9596519847743339
0.9597607395323546
0.9598694942903753
0.959978249048396
0.9600870038064165
0.9601957585644373
0.9603045133224579
0.9604132680804787
0.9605220228384992
0.9629146275149539
0.9630233822729745
0.9631321370309953
0.9632408917890158
0.9633496465470366
0.9634584013050571
0.963567156063078
0.9636759108210985
0.9637846655791192
0.9638934203371398
0.9640021750951606
0.9641109298531811
0.9642196846112019
0.9643284393692224
0.9644371941272432
0.9645459488852638
0.9646547036432845
0.9647634584013051
0.9648722131593258
0.9649809679173464
0.9650897226753672
0.9702011963023384
0.9703099510603589
0.9976073953235455
0.9046220772158782
0.904730831973899
0.9048395867319196
0.9109298531810768
0.9110386079390973
0.914410005437738
0.9145187601957587
0.9146275149537793
0.9147362697118
0.9148450244698206
0.9149537792278414
0.9183251767264817
0.9184339314845025
0.9185426862425233
0.9186514410005439
0.9187601957585646
0.9188689505165851
0.918977705274606
0.9190864600326265
0.9191952147906473
0.9193039695486678
0.9194127243066885
0.9195214790647092
0.9196302338227299
0.9197389885807504
0.9198477433387712
0.9199564980967918
0.9200652528548126
0.9201740076128331
0.9202827623708538
0.9203915171288745
0.9205002718868952
0.9206090266449157
0.9207177814029365
0.9208265361609571
0.9209352909189779
0.9210440456769984
0.9211528004350191
0.9212615551930398
0.9213703099510605
0.921479064709081
0.9215878194671018
0.9216965742251224
0.9218053289831432
0.9219140837411637
0.9220228384991844
0.9221315932572051
0.9222403480152258
0.9223491027732463
0.9224578575312671
0.9225666122892877
0.9239804241435563
0.9240891789015772
0.9241979336595977
0.9243066884176184
0.924415443175639
0.9245241979336598
0.9246329526916803
0.9247417074497011
0.9248504622077216
0.9249592169657425
0.925067971723763
0.9251767264817837
0.9252854812398043
0.925394235997825
0.9255029907558456
0.9256117455138664
0.9257205002718869
0.9258292550299076
0.9259380097879283
0.926046764545949
0.9261555193039696
0.9265905383360522
0.926699293094073
0.9268080478520936
0.9290918977705276
0.9292006525285481
0.9293094072865689
0.9294181620445896
0.9295269168026102
0.929635671560631
0.9297444263186515
0.9298531810766723
0.9299619358346929
0.9300706905927136
0.9301794453507342
0.9302882001087549
0.9303969548667754
0.9305057096247963
0.9306144643828168
0.9307232191408376
0.9308319738988581
0.9309407286568789
0.9310494834148995
0.9311582381729202
0.9312669929309407
0.9313757476889616
0.9314845024469821
0.9315932572050029
0.9333333333333335
0.933442088091354
0.9335508428493747
0.9336595976073954
0.9337683523654161
0.9338771071234366
0.9339858618814574
0.934094616639478
0.9342033713974988
0.9343121261555193
0.93442088091354
0.9345296356715607
0.9346383904295814
0.9347471451876019
0.9348558999456227
0.9349646547036434
0.9350734094616641
0.9351821642196848
0.9352909189777053
0.9353996737357261
0.9355084284937467
0.9356171832517675
0.935725938009788
0.9358346927678087
0.9359434475258294
0.9360522022838501
0.9361609570418706
0.9362697117998914
0.936378466557912
0.9364872213159328
0.9365959760739533
0.936704730831974
0.9368134855899946
0.9369222403480154
0.9370309951060359
0.9371397498640567
0.9372485046220772
0.9373572593800981
0.9374660141381186
0.9375747688961393
0.9376835236541599
0.9377922784121806
0.9379010331702012
0.938009787928222
0.9405111473626973
0.9406199021207179
0.9407286568787386
0.9408374116367592
0.9409461663947799
0.9410549211528005
0.9411636759108213
0.9412724306688418
0.9413811854268626
0.9414899401848832
0.9415986949429039
0.9417074497009245
0.9418162044589452
0.9419249592169658
0.9420337139749866
0.9422512234910279
0.9423599782490485
0.9424687330070692
0.9425774877650898
0.9426862425231105
0.942794997281131
0.9429037520391519
0.9434475258292551
0.9435562805872758
0.9436650353452963
0.9437737901033172
0.9438825448613377
0.9439912996193585
0.944100054377379
0.9442088091353997
0.9443175638934204
0.9444263186514411
0.9445350734094616
0.9446438281674824
0.944752582925503
0.9448613376835238
0.9449700924415443
0.945078847199565
0.9451876019575857
0.9452963567156064
0.9454051114736269
0.9455138662316477
0.9456226209896683
0.9457313757476891
0.9458401305057096
0.9459488852637303
0.9460576400217511
0.9461663947797717
0.9462751495377925
0.946383904295813
0.9464926590538337
0.9466014138118544
0.9467101685698751
0.9468189233278956
0.9469276780859164
0.9482327351821643
0.948341489940185
0.9484502446982057
0.9485589994562262
0.9537792278412182
0.9538879825992388
0.9558455682436107
0.9598694942903753
0.959978249048396
0.9600870038064165
0.9601957585644373
0.9603045133224579
0.9613920609026645
0.9615008156606852
0.9616095704187058
0.9617183251767266
0.9618270799347471
0.9619358346927679
0.9620445894507884
0.9621533442088093
0.9622620989668298
0.9623708537248505
0.9624796084828713
0.9625883632408919
0.9626971179989127
0.9628058727569332
0.9629146275149539
0.9630233822729745
0.9631321370309953
0.9632408917890158
0.9633496465470366
0.9656334964654704
0.9657422512234911
0.9676998368678631
0.9678085916258836
0.9679173463839044
0.9680261011419251
0.9681348558999457
0.9682436106579665
0.968352365415987
0.9684611201740078
0.9685698749320284
0.9686786296900491
0.9687873844480697
0.9688961392060904
0.9690048939641109
0.9691136487221318
0.9692224034801523
0.9693311582381731
0.9694399129961936
0.9695486677542144
0.969657422512235
0.9697661772702557
0.48439369222403483
0.9154975530179446
0.9156063077759653
0.9157150625339859
0.9158238172920067
0.9193039695486678
0.9194127243066885
0.9195214790647092
0.9196302338227299
0.9213703099510605
0.921479064709081
0.9215878194671018
0.9220228384991844
0.9221315932572051
0.9222403480152258
0.9223491027732463
0.9224578575312671
0.9225666122892877
0.923762914627515
0.9238716693855356
0.9239804241435563
0.9240891789015772
0.9241979336595977
0.9243066884176184
0.924415443175639
0.9248504622077216
0.9249592169657425
0.925067971723763
0.9251767264817837
0.9252854812398043
0.925394235997825
0.9255029907558456
0.9256117455138664
0.9257205002718869
0.9319195214790648
0.9401848830886352
0.9402936378466558
0.9404023926046765
0.9405111473626973
0.9406199021207179
0.9407286568787386
0.9408374116367592
0.9617183251767266
0.9618270799347471
0.9619358346927679
0.9620445894507884
0.9621533442088093
0.9622620989668298
0.9623708537248505
0.9624796084828713
0.9625883632408919
0.9626971179989127
0.9628058727569332
0.9629146275149539
0.9630233822729745
0.9663947797716151
0.9665035345296357
0.9666122892876564
0.966721044045677
0.9668297988036978
0.9669385535617183
0.5368134855899946
0.6004350190320827
0.6005437737901034
0.600652528548124
0.6007612833061446
0.6008700380641653
0.600978792822186
0.6010875475802067
0.6011963023382273
0.6013050570962479
0.6014138118542687
0.6015225666122893
0.60163132137031
0.6017400761283306
0.6018488308863513
0.601957585644372
0.6020663404023926
0.871778140293638
0.9209352909189779
0.9210440456769984
0.9211528004350191
0.9212615551930398
0.9225666122892877
0.9226753670473085
0.922784121805329
0.9228928765633497
0.9230016313213703
0.9231103860793911
0.9232191408374116
0.9233278955954324
0.9307232191408376
0.9308319738988581
0.9401848830886352
0.9402936378466558
0.9404023926046765
0.9405111473626973
0.9406199021207179
0.9407286568787386
0.9408374116367592
0.9409461663947799
0.9457313757476891
0.9707449700924415
0.9708537248504623
0.9709624796084829
0.9710712343665037
0.9711799891245242
0.9712887438825449
0.9713974986405656
0.7669385535617184
0.9046220772158782
0.9221315932572051
0.9222403480152258
0.9223491027732463
0.9224578575312671
0.9225666122892877
0.9226753670473085
0.922784121805329
0.9228928765633497
0.9230016313213703
0.9409461663947799
0.9410549211528005
0.9411636759108213
0.9412724306688418
0.9413811854268626
0.9622620989668298
0.9626971179989127
0.9628058727569332
0.9629146275149539
0.9630233822729745
0.9631321370309953
0.9707449700924415
0.9708537248504623
0.9709624796084829
0.9710712343665037
0.3618270799347472
0.36193583469276785
0.9161500815660686
0.9162588363240893
0.9163675910821099
0.9164763458401306
0.9165851005981511
0.916693855356172
0.9168026101141925
0.9169113648722133
0.9170201196302338
0.9171288743882546
0.9172376291462752
0.9173463839042959
0.9175638934203373
0.9176726481783578
0.9177814029363786
0.9178901576943991
0.9179989124524198
0.9218053289831432
0.9219140837411637
0.9220228384991844
0.9221315932572051
0.9222403480152258
0.9265905383360522
0.9268080478520936
0.9285481239804242
0.9288743882544862
0.9289831430125067
0.9290918977705276
0.9292006525285481
0.9293094072865689
0.9294181620445896
0.9295269168026102
0.929635671560631
0.9297444263186515
0.9298531810766723
0.9299619358346929
0.9300706905927136
0.9301794453507342
0.9302882001087549
0.9303969548667754
0.9305057096247963
0.9306144643828168
0.9307232191408376
0.9308319738988581
0.9309407286568789
0.9421424687330071
0.9422512234910279
0.9423599782490485
0.9424687330070692
0.9425774877650898
0.9456226209896683
0.9457313757476891
0.9458401305057096
0.9459488852637303
0.9460576400217511
0.9461663947797717
0.947036432843937
0.9471451876019578
0.9472539423599783
0.947362697117999
0.9474714518760197
0.9479064709081023
0.9480152256661231
0.9481239804241436
0.9482327351821643
0.948341489940185
0.9484502446982057
0.9485589994562262
0.948667754214247
0.9487765089722676
0.9488852637302884
0.9489940184883089
0.9563893420337141
0.9601957585644373
0.9603045133224579
0.9604132680804787
0.9605220228384992
0.9606307775965199
0.9607395323545406
0.9608482871125613
0.9609570418705818
0.9610657966286026
0.9611745513866232
0.9634584013050571
0.963567156063078
0.9636759108210985
0.9637846655791192
0.9638934203371398
0.9640021750951606
0.9641109298531811
0.9642196846112019
0.9643284393692224
0.9644371941272432
0.9645459488852638
0.9646547036432845
0.9647634584013051
0.9648722131593258
0.9649809679173464
0.9650897226753672
0.9651984774333877
0.970636215334421
0.9707449700924415
0.9708537248504623
0.9709624796084829
0.9710712343665037
0.979010331702012
0.9977161500815662
0.9979336595976075
0.998694942903752
0.9988036976617728
0.9989124524197934
0.887547580206634
0.9102773246329529
0.9103860793909734
0.9104948341489941
0.913757476889614
0.9138662316476347
0.9139749864056553
0.9140837411636761
0.9141924959216966
0.9143012506797173
0.914410005437738
0.9145187601957587
0.9146275149537793
0.9147362697118
0.9148450244698206
0.9162588363240893
0.9163675910821099
0.9164763458401306
0.9165851005981511
0.916693855356172
0.9168026101141925
0.9169113648722133
0.9170201196302338
0.9171288743882546
0.9172376291462752
0.9173463839042959
0.9174551386623164
0.9175638934203373
0.9176726481783578
0.9177814029363786
0.9182164219684612
0.9183251767264817
0.9184339314845025
0.9185426862425233
0.9186514410005439
0.9198477433387712
0.9199564980967918
0.9200652528548126
0.9201740076128331
0.9202827623708538
0.9203915171288745
0.9205002718868952
0.9209352909189779
0.9210440456769984
0.921479064709081
0.9215878194671018
0.9216965742251224
0.9218053289831432
0.9219140837411637
0.9220228384991844
0.9221315932572051
0.9222403480152258
0.9223491027732463
0.9224578575312671
0.9225666122892877
0.926046764545949
0.9261555193039696
0.9262642740619903
0.9263730288200109
0.9264817835780317
0.9265905383360522
0.926699293094073
0.9268080478520936
0.9269168026101143
0.9270255573681349
0.9271343121261556
0.9272430668841762
0.927351821642197
0.9274605764002175
0.9275693311582383
0.9276780859162589
0.9295269168026102
0.929635671560631
0.9297444263186515
0.9312669929309407
0.9348558999456227
0.9359434475258294
0.9360522022838501
0.9361609570418706
0.9362697117998914
0.936378466557912
0.9364872213159328
0.9365959760739533
0.936704730831974
0.9368134855899946
0.9369222403480154
0.9370309951060359
0.9371397498640567
0.9372485046220772
0.9373572593800981
0.9374660141381186
0.9375747688961393
0.9376835236541599
0.9377922784121806
0.9379010331702012
0.938009787928222
0.9381185426862425
0.9422512234910279
0.9423599782490485
0.9424687330070692
0.9425774877650898
0.9426862425231105
0.942794997281131
0.9457313757476891
0.9458401305057096
0.9459488852637303
0.9460576400217511
0.9461663947797717
0.9462751495377925
0.946383904295813
0.9464926590538337
0.9466014138118544
0.9467101685698751
0.9468189233278956
0.9469276780859164
0.947036432843937
0.9485589994562262
0.948667754214247
0.9487765089722676
0.9517128874388255
0.9526916802610116
0.9528004350190321
0.9616095704187058
0.9617183251767266
0.9618270799347471
0.9619358346927679
0.9634584013050571
0.963567156063078
0.9636759108210985
0.9637846655791192
0.9638934203371398
0.9640021750951606
0.9641109298531811
0.9642196846112019
0.9643284393692224
0.9783578031538881
0.9784665579119086
0.9785753126699294
0.97868406742795
0.9787928221859707
0.9789015769439913
0.979010331702012
0.9791190864600328
0.9792278412180534
0.9918433931484503
0.991952147906471
0.9979336595976075
0.09951060358890702
0.09961935834692769
0.10625339858618817
0.10636215334420882
0.11549755301794454
0.1156063077759652
0.24611201740076133
0.246220772158782
0.2737357259380098
0.2738444806960305
0.27395323545405115
0.27406199021207184
0.2741707449700925
0.27427949972811316
0.2743882544861338
0.2744970092441545
0.2746057640021751
0.27471451876019576
0.27482327351821645
0.2749320282762371
0.2750407830342578
0.2751495377922784
0.2752582925502991
0.29026644915715066
0.29037520391517135
0.290483958673192
0.2905927134312127
0.2907014681892333
0.290810222947254
0.29091897770527464
0.2910277324632953
0.2914627514953779
0.2915715062533986
0.29168026101141925
0.29178901576943994
0.2918977705274606
0.29200652528548127
0.2921152800435019
0.2922240348015226
0.09679173463839044
0.09733550842849376
0.09744426318651442
0.09798803697661775
0.09809679173463841
0.09831430125067972
0.09842305600870038
0.09853181076672105
0.09896682979880371
0.09929309407286568
0.09940184883088636
0.09951060358890702
0.10201196302338228
0.10212071778140296
0.10222947253942362
0.10233822729744427
0.10244698205546493
0.10255573681348559
0.10266449157150626
0.10277324632952693
0.1028820010875476
0.10299075584556826
0.10309951060358892
0.10320826536160958
0.10331702011963023
0.1034257748776509
0.10353452963567157
0.10625339858618817
0.10636215334420882
0.10647090810222948
0.10657966286025014
0.21685698749320284
0.2169657422512235
0.21707449700924417
0.2172920065252855
0.21892332789559543
0.21924959216965742
-0.09537792278412181
-0.09548667754214248
-0.10114192495921698
-0.10125067971723764
-0.10135943447525829
-0.1037520391517129
-0.10386079390973356
-0.10396954866775422
-0.10560087003806418
-0.21359434475258293
-0.22523110386079392
-0.2253398586188146
-0.22544861337683525
-0.2255573681348559
-0.22566612289287658
-0.22577487765089724
-0.2258836324089179
-0.22599238716693856
-0.22610114192495923
-0.2262098966829799
-0.22990755845568248
-0.23001631321370314
-0.2301250679717238
-0.23023382272974446
-0.23034257748776513
-0.2304513322457858
-0.23056008700380645
-0.23066884176182711
-0.23077759651984778
-0.23088635127786844
-0.23099510603588908
-0.23110386079390974
-0.2312126155519304
-0.23132137030995106
-0.23143012506797173
-0.23262642740619907
-0.20271886895051658
-0.20282762370853727
-0.20293637846655793
-0.2030451332245786
-0.20315388798259926
-0.20326264274061992
-0.20337139749864058
-0.20348015225666125
-0.2035889070146819
-0.20369766177270257
-0.20380641653072323
-0.2039151712887439
-0.20402392604676456
-0.20413268080478522
-0.2042414355628059
-0.20435019032082657
-0.20445894507884724
-0.20456769983686787
-0.20467645459488853
-0.2047852093529092
-0.20489396411092986
-0.20500271886895052
-0.20511147362697119
-0.20522022838499185
-0.2053289831430125
-0.20543773790103317
-0.20554649265905386
-0.20565524741707453
-0.2057640021750952
-0.20587275693311585
-0.21185426862425233
-0.21315932572050028
-0.21326808047852094
-0.2133768352365416
-0.21348558999456227
-0.21359434475258293
-0.2377379010331702
-0.23784665579119085
-0.23795541054921157
-0.23806416530723223
-0.2381729200652529
-0.23828167482327356
-0.23839042958129422
-0.09298531810766722
-0.09309407286568788
-0.09494290375203916
-0.09516041326808049
-0.09526916802610115
-0.2047852093529092
-0.20489396411092986
-0.20500271886895052
-0.20511147362697119
-0.20522022838499185
-0.2053289831430125
-0.20543773790103317
-0.20554649265905386
-0.20565524741707453
-0.2057640021750952
-0.20587275693311585
-0.20598151169113652
-0.20609026644915718
-0.20619902120717784
-0.21272430668841763
-0.2128330614464383
-0.21294181620445896
-0.21305057096247962
-0.21315932572050028
-0.23806416530723223
-0.6829798803697662
-0.2057640021750952
-0.20587275693311585
-0.20598151169113652
-0.20619902120717784
-0.21120174007612835
-0.21131049483414902
-0.21141924959216968
-0.21152800435019034
-0.211636759108211
-0.21174551386623167
-0.21185426862425233
-0.211963023382273
-0.21207177814029365
-0.21218053289831432
-0.21228928765633498
-0.21239804241435564
-0.21250679717237633
-0.21261555193039697
-0.21272430668841763
-0.2128330614464383
-0.2363240891789016
-0.23643284393692227
-0.23752039151712886
-0.2377379010331702
-0.23784665579119085
-0.23795541054921157
-0.23197389885807504
-0.2320826536160957
-0.23230016313213703
-0.23240891789015775
-0.2325176726481784
-0.23262642740619907
-0.23273518216421973
-0.23784665579119085
-0.23795541054921157
-0.40065252854812405
-0.5073409461663948
-0.5074497009244154
-0.9125611745513866
-0.9126699293094074
-0.9127786840674279
-0.9128874388254486
-0.9129961935834694
-0.6127243066884176
-0.6128330614464383
-0.612941816204459
-0.6130505709624796
-0.6141381185426863
-0.614246873300707
-0.6143556280587277
-0.6144643828167483
-0.614573137574769
-0.6146818923327896
-0.6147906470908103
-0.614899401848831
-0.6150081566068516
-0.6151169113648722
-0.615225666122893
-0.6153344208809136
-0.6154431756389342
-0.6155519303969549
-0.6156606851549756
-0.6157694399129963
-0.6158781946710169
-0.6159869494290375
-0.6160957041870583
-0.6162044589450789
-0.6163132137030995
-0.6164219684611202
-0.6165307232191409
-0.6166394779771616
-0.6167482327351822
-0.6168569874932028
-0.6169657422512235
-0.6170744970092442
-0.6171832517672649
-0.6172920065252855
-0.6174007612833061
-0.6175095160413269
-0.6176182707993475
-0.6177270255573681
-0.6178357803153888
-0.6179445350734095
-0.6180532898314302
-0.6181620445894508
-0.6182707993474714
-0.6183795541054922
-0.6184883088635128
-0.6185970636215334
-0.6187058183795542
-0.6188145731375748
-0.6189233278955956
-0.6190320826536162
-0.6191408374116368
-0.6192495921696575
-0.6193583469276782
-0.6194671016856989
-0.6195758564437195
-0.6196846112017401
-0.6197933659597609
-0.6199021207177815
-0.6200108754758021
-0.6201196302338228
-0.6202283849918435
-0.6203371397498642
-0.6230560087003807
-0.6231647634584013
-0.623273518216422
-0.6233822729744426
-0.6234910277324633
-0.623599782490484
-0.005328983143012507
-0.005437737901033171
-0.005655247417074498
-0.0057640021750951604
-0.005872756933115825
-0.005981511691136488
-0.006090266449157151
-0.006199021207177815
-0.006851549755301794
-0.006960304513322459
-0.0070690592713431215
-0.007177814029363786
-0.007286568787384449
-0.007395323545405112
-0.007504078303425775
-0.007612833061446439
-0.007721587819467103
-0.007830342577487765
-0.00793909733550843
-0.008047852093529094
-0.008156606851549756
-0.008265361609570419
-0.008374116367591082
-0.008482871125611746
-0.008591625883632409
-0.008700380641653073
-0.008809135399673738
-0.0089178901576944
-0.009026644915715063
-0.009135399673735726
-0.00924415443175639
-0.009352909189777053
-0.009461663947797717
-0.00957041870581838
-0.009679173463839045
-0.009787928221859707
-0.00989668297988037
-0.010005437737901033
-0.010114192495921697
-0.010222947253942362
-0.010331702011963024
-0.010440456769983689
-0.010549211528004351
-0.010657966286025014
-0.010766721044045677
-0.010875475802066341
-0.010984230560087006
-0.011092985318107668
-0.011201740076128331
-0.1385535617183252
-0.13866231647634586
-0.14507884719956501
-0.14518760195758568
-0.19303969548667754
-0.1931484502446982
-0.1932572050027189
-0.19336595976073956
-0.19347471451876022
-0.19358346927678088
-0.004567699836867863
-0.004893964110929854
-0.005111473626971181
-0.005220228384991844
-0.005328983143012507
-0.005437737901033171
-0.005546492659053834
-0.005655247417074498
-0.0057640021750951604
-0.005872756933115825
-0.005981511691136488
-0.006307775965198478
-0.006416530723219141
-0.0065252854812398045
-0.006634040239260468
-0.006742794997281132
-0.006851549755301794
-0.006960304513322459
-0.007177814029363786
-0.007286568787384449
-0.007395323545405112
-0.008374116367591082
-0.008482871125611746
-0.0089178901576944
-0.00924415443175639
-0.022294725394236
-0.005655247417074498
-0.0057640021750951604
-0.0065252854812398045
-0.006634040239260468
-0.006742794997281132
-0.006851549755301794
-0.006960304513322459
-0.0070690592713431215
-0.007177814029363786
-0.007286568787384449
-0.007612833061446439
-0.007721587819467103
-0.007830342577487765
-0.00793909733550843
-0.008047852093529094
-0.008156606851549756
-0.008265361609570419
-0.008374116367591082
-0.008482871125611746
-0.008591625883632409
-0.008700380641653073
-0.008809135399673738
-0.0089178901576944
-0.009026644915715063
-0.009135399673735726
-0.00924415443175639
-0.009352909189777053
-0.009679173463839045
-0.009787928221859707
-0.00989668297988037
-0.010222947253942362
-0.010331702011963024
-0.010440456769983689
-0.010549211528004351
-0.010657966286025014
-0.010766721044045677
-0.010875475802066341
-0.010984230560087006
-0.011092985318107668
-0.01468189233278956
-0.014790647090810224
-0.014899401848830889
-0.01500815660685155
-0.015116911364872214
-0.015225666122892879
-0.01533442088091354
-0.015443175638934206
-0.015551930396954867
-0.01566068515497553
-0.015769439912996196
-0.01587819467101686
-0.01598694942903752
-0.016965742251223492
-0.017074497009244155
-0.022729744426318654
-0.022838499184339316
-0.022947253942359983
-0.023056008700380642
-0.023164763458401308
-0.02327351821642197
-0.023382272974442633
-0.0234910277324633
-0.02359978249048396
-0.023708537248504625
-0.023817292006525288
-0.02392604676454595
-0.024034801522566616
-0.024143556280587276
-0.024252311038607942
-0.024361065796628605
-0.024469820554649267
-0.02457857531266993
-0.024687330070690596
-0.02479608482871126
-0.02490483958673192
-0.025013594344752588
-0.025122349102773247
