0.12357863119502253
0.14460416219695343
0.14674962454408924
0.14696417077880283
0.1471787170135164
0.14739326324823
0.14760780948294358
0.14782235571765717
0.14803690195237074
0.14825144818708433
0.1484659944217979
0.14868054065651148
0.1518987341772152
0.1529714653507831
0.15318601158549666
0.15340055782021025
0.16584423943359797
0.16605878566831153
0.17485518129156835
0.17506972752628192
0.1752842737609955
0.17549881999570907
0.17571336623042266
0.17592791246513623
0.17614245869984985
0.17678609740399057
0.17700064363870416
0.17807337481227206
0.17828792104698565
0.17850246728169922
0.1787170135164128
0.17893155975112637
0.17914610598583997
0.17936065222055353
0.17957519845526712
0.17978974468998069
0.18000429092469428
0.18021883715940787
0.18043338339412146
0.18064792962883502
0.18086247586354862
0.18107702209826218
0.18129156833297577
0.18150611456768934
0.18172066080240293
0.1819352070371165
0.18214975327183008
0.18236429950654368
0.18257884574125727
0.18279339197597083
0.18579703926196095
0.19566616605878567
0.19588071229349924
0.2053207466208968
0.2055352928556104
0.20574983909032396
0.20596438532503755
0.2063934777944647
0.2066080240291783
0.2068225702638919
0.21368804977472647
0.21390259600944003
0.22956447114353143
0.229779017378245
0.2299935636129586
0.2302081098476722
0.23042265608238577
0.23063720231709936
0.23085174855181292
0.23106629478652652
0.23128084102124008
0.23149538725595367
0.23213902596009442
0.23235357219480798
0.23256811842952158
0.23278266466423514
0.23299721089894873
0.23364084960308945
0.23385539583780304
0.23406994207251666
0.23428448830723023
0.23449903454194382
0.23471358077665738
0.236429950654366
0.2366444968890796
0.2368590431237932
0.23707358935850675
0.23728813559322035
0.23793177429736106
0.23814632053207468
0.23836086676678828
0.24200815275691911
0.24308088393048705
0.2432954301652006
0.2435099763999142
0.24372452263462777
0.24393906886934136
0.24415361510405492
0.2443681613387685
0.24458270757348208
0.24479725380819567
0.24501180004290923
0.3136665951512551
0.3138811413859687
0.31409568762068224
0.31431023385539586
0.3145247800901094
0.314739326324823
0.31495387255953655
0.31516841879425017
0.3153829650289638
0.31559751126367735
0.3158120574983909
0.31602660373310454
0.3162411499678181
0.31645569620253167
0.33962668955159836
0.339841235786312
0.34305942930701566
0.3432739755417292
0.3434885217764428
0.3437030680111564
0.34391761424587003
0.3441321604805836
0.3449903454194379
0.34520489165415147
0.3454194378888651
0.3503540012872774
0.3520703711649861
0.3720231709933491
0.37223771722806265
0.37245226346277627
0.37266680969748983
0.4747908174211543
0.4750053636558678
0.47521990989058144
0.475434456125295
0.4756490023600086
0.47586354859472213
0.47693627976829006
0.4771508260030037
0.47736537223771724
0.47757991847243086
0.4777944647071444
0.478009010941858
0.47822355717657156
0.4784381034112852
0.4786526496459987
0.4788671958807123
0.47908174211542587
0.4792962883501395
0.479510834584853
0.4797253808195666
0.4799399270542802
0.4801544732889938
0.4803690195237074
0.4805835657584209
0.4807981119931346
0.4810126582278481
0.48122720446256173
0.48144175069727524
0.4816562969319889
0.4818708431667024
0.48444539798326547
0.484659944217979
0.07294571980261746
0.13258957305299293
0.17249517270971895
0.17270971894443254
0.1729242651791461
0.1731388114138597
0.17592791246513623
0.17614245869984985
0.1763570049345634
0.176571551169277
0.17678609740399057
0.17700064363870416
0.17721518987341772
0.17742973610813131
0.17764428234284488
0.17785882857755847
0.17807337481227206
0.17828792104698565
0.17850246728169922
0.18000429092469428
0.18021883715940787
0.18043338339412146
0.18064792962883502
0.20038618322248447
0.2074662089680326
0.2111134949581635
0.21132804119287707
0.21197167989701782
0.21218622613173138
0.21240077236644497
0.2132589573052993
0.21347350354001288
0.21712078953014377
0.21733533576485733
0.23149538725595367
0.23170993349066726
0.23192447972538083
0.23213902596009442
0.23878995923621543
0.239004505470929
0.2392190517056426
0.23943359794035615
0.23964814417506974
0.2398626904097833
0.2400772366444969
0.24029178287921046
0.24050632911392406
0.24072087534863762
0.2409354215833512
0.24114996781806478
0.24136451405277837
0.24157906028749196
0.24179360652220552
0.24200815275691911
0.24222269899163273
0.2426517914610599
0.24286633769577345
0.24308088393048705
0.2432954301652006
0.2435099763999142
0.24372452263462777
0.24415361510405492
0.2443681613387685
0.24458270757348208
0.24479725380819567
0.24501180004290923
0.24522634627762283
0.2454408925123364
0.24565543874704998
0.24586998498176355
0.24608453121647714
0.24629907745119076
0.24651362368590435
0.2467281699206179
0.2469427161553315
0.24715726239004507
0.24737180862475866
0.25016090967603516
0.2503754559107488
0.2505900021454624
0.2525209182578846
0.2529500107273117
0.25316455696202533
0.256382750482729
0.25659729671744264
0.2568118429521562
0.25702638918686976
0.2572409354215833
0.25745548165629695
0.258957305299292
0.2889937781591933
0.2894228706286205
0.28963741686333405
0.31667024243724523
0.31688478867195885
0.3170993349066724
0.317313881141386
0.31752842737609954
0.3190302510190946
0.31988843595794897
0.32010298219266253
0.32031752842737615
0.3205320746620897
0.3220338983050848
0.3250375455910749
0.3263248229993564
0.32653936923406995
0.3267539154687835
0.3269684617034971
0.3271830079382107
0.32739755417292427
0.3276121004076379
0.32782664664235145
0.328041192877065
0.32825573911177863
0.3284702853464922
0.32868483158120576
0.3288993778159193
0.32911392405063294
0.3293284702853465
0.3295430165200601
0.32975756275477364
0.32997210898948726
0.3301866552242008
0.3304012014589144
0.330615747693628
0.33083029392834157
0.33104484016305513
0.3312593863977687
0.33254666380605025
0.33404848744904525
0.33426303368375887
0.33447757991847243
0.334692126153186
0.33490667238789956
0.3351212186226132
0.33533576485732675
0.33833941214331686
0.3385539583780305
0.33876850461274405
0.33962668955159836
0.339841235786312
0.34305942930701566
0.3432739755417292
0.3434885217764428
0.3437030680111564
0.34391761424587003
0.3441321604805836
0.3460630765930058
0.3462776228277194
0.34649216906243296
0.34670671529714653
0.3469212615318601
0.3471358077665737
0.3473503540012873
0.34756490023600084
0.35013945505256383
0.3503540012872774
0.350568547521991
0.3507830937567046
0.35099763999141814
0.3512121862261317
0.3514267324608453
0.3516412786955589
0.35185582493027245
0.3520703711649861
0.3522849173996997
0.35335764857326757
0.35357219480798113
0.3537867410426947
0.3540012872774083
0.3542158335121219
0.35443037974683544
0.354644925981549
0.35528856468568976
0.3555031109204033
0.35571765715511694
0.3559322033898305
0.37223771722806265
0.37266680969748983
0.3728813559322034
0.373095902166917
0.3733104484016306
0.37352499463634414
0.3737395408710577
0.3739540871057713
0.3741686333404849
0.386397768719159
0.38854323106629485
0.3887577773010084
0.388972323535722
0.46213258957305303
0.46234713580776654
0.46256168204248016
0.4627762282771937
0.46299077451190734
0.4743617249517271
0.4745762711864407
0.47650718729886293
0.47672173353357655
0.47908174211542587
0.4792962883501395
0.479510834584853
0.4797253808195666
0.4805835657584209
0.4807981119931346
0.4810126582278481
0.48122720446256173
0.48144175069727524
0.4816562969319889
0.4818708431667024
0.48208538940141604
0.48444539798326547
0.484659944217979
0.4848744904526926
0.48744904526925553
0.4876635915039691
0.4878781377386827
0.4880926839733962
0.48830723020810984
0.5174855181291569
0.5177000643638704
0.13323321175713365
0.13344775799184727
0.15576056640205965
0.16713151684187944
0.1716369877708646
0.1718515340055782
0.1720660802402918
0.1722806264750054
0.17249517270971895
0.17270971894443254
0.1729242651791461
0.1731388114138597
0.17335335764857326
0.17356790388328686
0.17378245011800042
0.17399699635271404
0.1744260888221412
0.17464063505685476
0.17485518129156835
0.17506972752628192
0.1752842737609955
0.17549881999570907
0.17571336623042266
0.17592791246513623
0.17614245869984985
0.1763570049345634
0.176571551169277
0.17678609740399057
0.17807337481227206
0.17893155975112637
0.17914610598583997
0.17936065222055353
0.2089680326110277
0.20918257884574126
0.21261531860115856
0.21282986483587216
0.21304441107058572
0.2132589573052993
0.21347350354001288
0.21368804977472647
0.21390259600944003
0.21411714224415362
0.2143316884788672
0.21476078094829437
0.21497532718300796
0.21518987341772153
0.21540441965243512
0.21561896588714868
0.21583351212186228
0.21604805835657584
0.21626260459128943
0.216477150826003
0.21669169706071661
0.23621540441965244
0.236429950654366
0.2366444968890796
0.2368590431237932
0.24801544732889938
0.24844453979832654
0.2520918257884574
0.252306372023171
0.2525209182578846
0.25273546449259815
0.2529500107273117
0.2576700278910105
0.2578845741257241
0.25809912036043764
0.25831366659515126
0.2585282128298649
0.25874275906457844
0.258957305299292
0.2591718515340056
0.2593863977687192
0.25960094400343275
0.2598154902381463
0.26003003647285994
0.2611027676464278
0.26732460845312167
0.26753915468783523
0.26775370092254885
0.2679682471572624
0.268182793391976
0.26839733962668955
0.26861188586140317
0.26882643209611673
0.2690409783308303
0.26925552456554386
0.2694700708002575
0.26968461703497104
0.2698991632696846
0.27011370950439817
0.2703282557391118
0.28405921476078094
0.28427376099549456
0.28684831581205755
0.2870628620467711
0.28749195451619824
0.28770650075091186
0.28792104698562543
0.288135593220339
0.28835013945505256
0.2885646856897662
0.28877923192447974
0.2889937781591933
0.28920832439390687
0.2894228706286205
0.28963741686333405
0.2898519630980476
0.2900665093327612
0.2902810555674748
0.29049560180218836
0.29113924050632917
0.29307015661875135
0.2932847028534649
0.2934992490881785
0.2937137953228921
0.29392834155760567
0.2962883501394551
0.29650289637416866
0.2967174426088822
0.2969319888435958
0.2971465350783094
0.29736108131302297
0.30959021669169706
0.31988843595794897
0.32010298219266253
0.32031752842737615
0.3205320746620897
0.3207466208968033
0.32096116713151684
0.32117571336623046
0.32139025960094403
0.3224629907745119
0.32267753700922547
0.32782664664235145
0.328041192877065
0.32825573911177863
0.3284702853464922
0.32868483158120576
0.3288993778159193
0.32911392405063294
0.3293284702853465
0.3304012014589144
0.330615747693628
0.33083029392834157
0.3314739326324823
0.33168847886719593
0.3319030251019095
0.33211757133662306
0.3323321175713366
0.33254666380605025
0.3327612100407638
0.3329757562754774
0.33319030251019094
0.33340484874490456
0.3336193949796181
0.3338339412143317
0.3351212186226132
0.33533576485732675
0.3355503110920403
0.33576485732675393
0.33597940356146755
0.3361939497961811
0.3364084960308947
0.35099763999141814
0.3512121862261317
0.3514267324608453
0.3516412786955589
0.35185582493027245
0.3520703711649861
0.3522849173996997
0.3529285561038404
0.353143102338554
0.35335764857326757
0.35357219480798113
0.3537867410426947
0.3540012872774083
0.3542158335121219
0.35443037974683544
0.354644925981549
0.35485947221626263
0.3550740184509762
0.35528856468568976
0.3561467496245441
0.3563612958592577
0.3565758420939713
0.35679038832868487
0.35700493456339844
0.357219480798112
0.3574340270328256
0.3576485732675392
0.35786311950225275
0.3580776657369663
0.35829221197167993
0.35915039691053424
0.3593649431452478
0.35957948937996137
0.35979403561467493
0.3610813130229565
0.36129585925767005
0.3615104054923836
0.36172495172709723
0.3623685904312379
0.36258313666595154
0.36408496030894655
0.36429950654366017
0.3645140527783738
0.36472859901308735
0.3662304226560824
0.3673031538296503
0.36944861617678615
0.3696631624114997
0.3698777086462133
0.37009225488092684
0.37030680111564046
0.370521347350354
0.3707358935850676
0.37095043981978115
0.37116498605449477
0.37137953228920834
0.3715940785239219
0.37180862475863546
0.3720231709933491
0.37223771722806265
0.37245226346277627
0.37266680969748983
0.3728813559322034
0.373095902166917
0.3733104484016306
0.37352499463634414
0.3737395408710577
0.3739540871057713
0.3741686333404849
0.37438317957519845
0.3745977258099121
0.37481227204462564
0.3750268182793392
0.3763140956876207
0.3765286419223343
0.37695773439176145
0.377172280626475
0.37738682686118863
0.3776013730959022
0.37781591933061576
0.37824501180004294
0.3861832224844454
0.3881141385968676
0.3883286848315812
0.38854323106629485
0.3887577773010084
0.388972323535722
0.38918686977043554
0.38940141600514916
0.39025960094400347
0.3906886934134306
0.39090323964814416
0.3911177858828578
0.3915468783522849
0.3966959879854109
0.39691053422012446
0.3971250804548381
0.39733962668955164
0.39819781162840595
0.3984123578631195
0.40592147607809487
0.40613602231280843
0.406350568547522
0.4065651147822356
0.4067796610169492
0.40699420725166274
0.4072087534863763
0.4074232997210899
0.4076378459558035
0.40785239219051705
0.4080669384252306
0.40828148465994424
0.41300150182364304
0.4132160480583566
0.41471787170135166
0.4149324179360652
0.41514696417077884
0.41557605664020597
0.41579060287491953
0.41600514910963315
0.4162196953443467
0.44925981549023813
0.4496889079596653
0.4526925552456555
0.452907101480369
0.45548165629693194
0.45719802617464067
0.45762711864406785
0.458056211113495
0.45827075734820855
0.4655653293284703
0.4657798755631839
0.46599442179789746
0.4662089680326111
0.4664235142673246
0.4666380605020382
0.4668526067367518
0.4670671529714654
0.4672816992061789
0.4674962454408925
0.4677107916756061
0.4679253379103197
0.4681398841450333
0.46835443037974683
0.46856897661446045
0.468783522849174
0.46899806908388764
0.46921261531860115
0.46942716155331476
0.46964170778802833
0.46985625402274195
0.47007080025745546
0.4702853464921691
0.47049989272688264
0.47157262390045057
0.4717871701351641
0.4720017163698777
0.4722162626045914
0.4724308088393049
0.4726453550740185
0.472859901308732
0.4732889937781592
0.4739326324823
0.4741471787170135
0.4743617249517271
0.4745762711864407
0.4747908174211543
0.4750053636558678
0.47521990989058144
0.475434456125295
0.4756490023600086
0.47586354859472213
0.47607809482943575
0.47629264106414937
0.47650718729886293
0.47672173353357655
0.4784381034112852
0.4786526496459987
0.4788671958807123
0.47908174211542587
0.4792962883501395
0.479510834584853
0.4799399270542802
0.4801544732889938
0.4803690195237074
0.4805835657584209
0.4807981119931346
0.4810126582278481
0.48122720446256173
0.48144175069727524
0.4816562969319889
0.4818708431667024
0.48208538940141604
0.48229993563612955
0.4825144818708432
0.48272902810555673
0.48294357434027035
0.4831581205749839
0.48337266680969754
0.48358721304441105
0.48380175927912467
0.48401630551383823
0.48423085174855185
0.48444539798326547
0.484659944217979
0.4848744904526926
0.48508903668740616
0.4853035829221198
0.4855181291568333
0.4857326753915469
0.4859472216262605
0.4861617678609741
0.4863763140956876
0.4865908603304012
0.4868054065651148
0.4870199527998284
0.4872344990345419
0.48744904526925553
0.4876635915039691
0.4878781377386827
0.4880926839733962
0.48830723020810984
0.4885217764428235
0.488736322677537
0.48895086891225065
0.48916541514696416
0.48937996138167783
0.48959450761639134
0.48980905385110496
0.49002360008581847
0.49023814632053214
0.49045269255524565
0.49066723878995927
0.4908817850246728
0.49109633125938645
0.49131087749409996
0.4921690624329543
0.49517270971894445
0.495387255953658
0.49560180218837163
0.49581634842308514
0.49603089465779876
0.4962454408925123
0.49645998712722594
0.49667453336193956
0.49688907959665307
0.4971036258313667
0.49731817206608026
0.4975327183007939
0.4977472645355074
0.49796181077022106
0.49817635700493457
0.4983909032396482
0.4986054494743617
0.49881999570907537
0.5080454838017593
0.5108345848530358
0.5110491310877494
0.511263677322463
0.5114782235571766
0.5116927697918902
0.5151255095473075
0.9343488521776444
0.1349495816348423
0.1351641278695559
0.1362368590431238
0.16369877708646213
0.16391332332117572
0.16412786955588932
0.16605878566831153
0.16627333190302512
0.1664878781377387
0.16777515554602015
0.17056425659729674
0.1707788028320103
0.1709933490667239
0.17120789530143746
0.1752842737609955
0.17549881999570907
0.17571336623042266
0.2108989487234499
0.2111134949581635
0.21132804119287707
0.21154258742759066
0.21175713366230423
0.21197167989701782
0.21218622613173138
0.21240077236644497
0.21261531860115856
0.21690624329543018
0.21712078953014377
0.21733533576485733
0.21754988199957093
0.2207680755202746
0.2209826217549882
0.27054280197382535
0.270757348208539
0.27097189444325254
0.27118644067796616
0.2714009869126797
0.2716155331473933
0.27183007938210685
0.27204462561682047
0.27225917185153403
0.2724737180862476
0.27268826432096116
0.29392834155760567
0.29414288779231923
0.2960738039047415
0.2962883501394551
0.29650289637416866
0.2967174426088822
0.32353572194807984
0.32568118429521564
0.33211757133662306
0.3574340270328256
0.3576485732675392
0.3649431452478009
0.36515769148251453
0.3653722377172281
0.36558678395194166
0.3658013301866552
0.36601587642136885
0.3662304226560824
0.366444968890796
0.36665951512550954
0.36687406136022316
0.3670886075949367
0.3673031538296503
0.36751770006436385
0.3683758850032182
0.3688049774726454
0.37009225488092684
0.37030680111564046
0.37245226346277627
0.3728813559322034
0.373095902166917
0.3733104484016306
0.37352499463634414
0.3737395408710577
0.3739540871057713
0.3741686333404849
0.37438317957519845
0.3745977258099121
0.37481227204462564
0.3750268182793392
0.37524136451405277
0.3754559107487664
0.3780304655653293
0.37824501180004294
0.3827504827290281
0.3829650289637417
0.383823213902596
0.38403776013730956
0.3842523063720232
0.38511049131087755
0.3853250375455911
0.3855395837803047
0.38575413001501824
0.38596867624973186
0.3861832224844454
0.386397768719159
0.38661231495387255
0.38682686118858617
0.38704140742329973
0.3872559536580133
0.38747049989272686
0.3876850461274405
0.38789959236215404
0.3881141385968676
0.3883286848315812
0.38854323106629485
0.3887577773010084
0.388972323535722
0.38918686977043554
0.38940141600514916
0.3896159622398627
0.3898305084745763
0.3917614245869985
0.3951941643424158
0.3954087105771294
0.39562325681184296
0.3958378030465565
0.3960523492812701
0.3962668955159837
0.39648144175069727
0.3966959879854109
0.39733962668955164
0.3975541729242652
0.39776871915897877
0.3979832653936924
0.3988414503325467
0.39905599656726026
0.3992705428019738
0.4003432739755417
0.4005578202102553
0.40077236644496894
0.4009869126796825
0.40120145891439607
0.4014160051491097
0.40163055138382325
0.4018450976185368
0.4052778373739541
0.4054923836086677
0.4057069298433813
0.40592147607809487
0.40613602231280843
0.406350568547522
0.4065651147822356
0.4067796610169492
0.40699420725166274
0.4072087534863763
0.4074232997210899
0.4076378459558035
0.40785239219051705
0.4080669384252306
0.40828148465994424
0.4084960308946578
0.40871057712937137
0.408925123364085
0.4091396695987986
0.40935421583351217
0.40956876206822573
0.4097833083029393
0.4149324179360652
0.41514696417077884
0.4153615104054924
0.41557605664020597
0.41579060287491953
0.41600514910963315
0.4162196953443467
0.4164342415790603
0.41664878781377385
0.41686333404848747
0.4170778802832011
0.41729242651791465
0.4175069727526282
0.4177215189873418
0.4179360652220554
0.41815061145676896
0.4183651576914825
0.4185797039261961
0.4187942501609097
0.4190087963956233
0.4224415361510406
0.4230851748551813
0.4301652006007295
0.43037974683544306
0.4305942930701566
0.43080883930487024
0.4310233855395838
0.43123793177429737
0.43145247800901093
0.43166702424372455
0.4318815704784381
0.4320961167131517
0.43231066294786524
0.43252520918257886
0.4327397554172924
0.432954301652006
0.43316884788671955
0.43338339412143323
0.4335979403561468
0.43381248659086036
0.4340270328255739
0.4344561252950011
0.43467067152971467
0.43488521776442823
0.43509976399914185
0.4353143102338554
0.435528856468569
0.43574340270328255
0.43595794893799616
0.43617249517270973
0.4363870414074233
0.43660158764213686
0.4368161338768505
0.43703068011156404
0.4372452263462776
0.4374597725809912
0.43767431881570484
0.4378888650504184
0.43810341128513197
0.43831795751984554
0.43853250375455916
0.4387470499892727
0.4389615962239863
0.43917614245869985
0.43939068869341347
0.4396052349281271
0.4398197811628406
0.4400343273975542
0.4402488736322678
0.4404634198669814
0.4406779661016949
0.4408925123364085
0.4411070585711221
0.4413216048058357
0.4415361510405492
0.44175069727526284
0.4419652435099764
0.44217978974469
0.44239433597940353
0.44260888221411715
0.4428234284488307
0.44303797468354433
0.44325252091825784
0.44346706715297146
0.44368161338768514
0.44389615962239864
0.44411070585711226
0.4443252520918258
0.44453979832653945
0.44475434456125296
0.4449688907959666
0.4451834370306801
0.44539798326539376
0.44561252950010727
0.4458270757348209
0.4460416219695344
0.44625616820424807
0.4464707144389616
0.4466852606736752
0.4468998069083887
0.4471143531431024
0.4473288993778159
0.4475434456125295
0.44775799184724313
0.4479725380819567
0.4481870843166703
0.4484016305513838
0.44861617678609744
0.448830723020811
0.4490452692555246
0.44925981549023813
0.44947436172495175
0.4496889079596653
0.44990345419437894
0.45011800042909245
0.45033254666380607
0.45054709289851963
0.45076163913323325
0.45097618536794676
0.4511907316026604
0.45140527783737394
0.45161982407208756
0.4518343703068012
0.4520489165415147
0.4522634627762283
0.4524780090109419
0.4526925552456555
0.452907101480369
0.4531216477150827
0.4533361939497962
0.4535507401845098
0.4537652864192233
0.453979832653937
0.4541943788886505
0.4544089251233641
0.4546234713580776
0.4548380175927913
0.4550525638275048
0.4552671100622184
0.45548165629693194
0.4556962025316456
0.45591074876635923
0.45612529500107274
0.45633984123578636
0.4565543874704999
0.45676893370521354
0.45698347993992705
0.45827075734820855
0.45848530358292217
0.4586998498176357
0.4589143960523493
0.45912894228706286
0.4593434885217765
0.45955803475649
0.46384895945076166
0.4724308088393049
0.4726453550740185
0.472859901308732
0.4730744475434457
0.4732889937781592
0.4735035400128728
0.4737180862475864
0.4739326324823
0.4741471787170135
0.4743617249517271
0.4745762711864407
0.4747908174211543
0.47607809482943575
0.47629264106414937
0.47650718729886293
0.47672173353357655
0.4825144818708432
0.48272902810555673
0.48294357434027035
0.4831581205749839
0.48401630551383823
0.48423085174855185
0.48444539798326547
0.484659944217979
0.4848744904526926
0.4859472216262605
0.4861617678609741
0.4863763140956876
0.4865908603304012
0.4868054065651148
0.4870199527998284
0.4872344990345419
0.4880926839733962
0.48830723020810984
0.48895086891225065
0.48916541514696416
0.4908817850246728
0.49109633125938645
0.49131087749409996
0.49195451619824077
0.4928127011370951
0.4936708860759494
0.493885432310663
0.4940999785453765
0.49431452478009014
0.4945290710148037
0.4947436172495173
0.49495816348423083
0.49517270971894445
0.495387255953658
0.49560180218837163
0.49581634842308514
0.49603089465779876
0.4962454408925123
0.49645998712722594
0.49667453336193956
0.49688907959665307
0.4971036258313667
0.4996781806479297
0.4998927268826432
0.5001072731173568
0.5003218193520703
0.502038189229779
0.5022527354644926
0.5024672816992062
0.5026818279339198
0.5048272902810557
0.5056854752199099
0.5063291139240507
0.5082600300364729
0.5084745762711864
0.5086891225059
0.5089036687406137
0.5091182149753272
0.5093327612100408
0.5095473074447544
0.509761853679468
0.5099763999141815
0.5101909461488952
0.5104054923836087
0.5106200386183223
0.5108345848530358
0.5110491310877494
0.511263677322463
0.5114782235571766
0.5116927697918902
0.5119073160266038
0.5121218622613173
0.5123364084960309
0.5125509547307444
0.512765500965458
0.5249946363441321
0.5252091825788459
0.5254237288135594
0.525638275048273
0.5258528212829865
0.5535292855610384
0.5625402274190088
0.5640420510620039
0.5642565972967174
0.5754130015018237
0.5756275477365372
0.5758420939712509
0.5760566402059644
0.576271186440678
0.5771293713795324
0.5773439176142459
0.5775584638489595
0.6041621969534434
0.604376743188157
0.6045912894228707
0.618751340913967
0.6191804333833941
0.6193949796181077
0.6196095258528213
0.6198240720875349
0.6200386183222485
0.6202531645569621
0.6204677107916756
0.6206822570263892
0.6208968032611027
0.6211113494958164
0.6213258957305299
0.6215404419652435
0.6223986269040979
0.6226131731388115
0.622827719373525
0.6262604591289422
0.6264750053636559
0.6266895515983695
0.6269040978330831
0.6271186440677967
0.6273331903025102
0.6275477365372238
0.6277622827719374
0.627976829006651
0.6281913752413645
0.6284059214760781
0.6286204677107917
0.6288350139455053
0.6290495601802188
0.6292641064149325
0.629478652649646
0.6296931988843596
0.6299077451190731
0.6329113924050633
0.6331259386397768
0.6333404848744905
0.633555031109204
0.6337695773439177
0.6339841235786312
0.6341986698133448
0.6344132160480583
0.634627762282772
0.6348423085174856
0.6350568547521991
0.6399914181506114
0.6402059643853251
0.6404205106200386
0.6406350568547523
0.6408496030894658
0.6410641493241794
0.6412786955588929
0.6414932417936066
0.6417077880283201
0.6419223342630337
0.6528641922334264
0.6530787384681399
0.6532932847028535
0.653507830937567
0.6537223771722807
0.6539369234069942
0.6541514696417078
0.6543660158764214
0.654580562111135
0.6547951083458485
0.6550096545805622
0.6552242008152758
0.6554387470499893
0.6556532932847029
0.6558678395194164
0.65608238575413
0.6573696631624115
0.657584209397125
0.6577987556318386
0.6580133018665523
0.6608024029178288
0.6610169491525424
0.661231495387256
0.6614460416219696
0.6616605878566831
0.6618751340913968
0.6620896803261103
0.6642351426732461
0.6644496889079596
0.6646642351426733
0.6648787813773869
0.6650933276121005
0.665307873846814
0.6655224200815276
0.6657369663162411
0.6659515125509547
0.6661660587856683
0.6663806050203819
0.6665951512550955
0.6668096974898091
0.6670242437245226
0.6672387899592362
0.6674533361939499
0.6676678824286634
0.667882428663377
0.6680969748980905
0.6683115211328042
0.6685260673675177
0.6687406136022314
0.6689551598369449
0.6691697060716585
0.9025960094400344
0.9028105556747479
0.9030251019094615
0.9032396481441751
0.9034541943788887
0.9055996567260244
0.905814202960738
0.9060287491954516
0.9062432954301654
0.1364514052778374
0.16434241579060288
0.16455696202531647
0.16477150826003004
0.16498605449474363
0.16820424801544734
0.16841879425016093
0.1686333404848745
0.32267753700922547
0.3394121433168848
0.34091396695987985
0.3411285131945935
0.35700493456339844
0.357219480798112
0.3574340270328256
0.3576485732675392
0.35786311950225275
0.3580776657369663
0.35829221197167993
0.35915039691053424
0.3593649431452478
0.35957948937996137
0.35979403561467493
0.36000858184938855
0.3619394979618108
0.36215404419652436
0.3623685904312379
0.36258313666595154
0.3627976829006651
0.3630122291353787
0.36322677537009224
0.36344132160480586
0.3636558678395194
0.363870414074233
0.36408496030894655
0.36429950654366017
0.3645140527783738
0.36472859901308735
0.3649431452478009
0.36515769148251453
0.3653722377172281
0.36558678395194166
0.3658013301866552
0.36601587642136885
0.3662304226560824
0.366444968890796
0.36665951512550954
0.36687406136022316
0.3670886075949367
0.3673031538296503
0.36751770006436385
0.36773224629907747
0.36794679253379103
0.3681613387685046
0.3683758850032182
0.3685904312379318
0.3688049774726454
0.36901952370735897
0.36923406994207253
0.36944861617678615
0.3739540871057713
0.3741686333404849
0.37438317957519845
0.37481227204462564
0.3750268182793392
0.37524136451405277
0.3754559107487664
0.37567045698347995
0.3758850032181935
0.3760995494529071
0.37695773439176145
0.3795322892083244
0.379746835443038
0.37996138167775156
0.38210684402488737
0.38232139025960094
0.38253593649431455
0.3827504827290281
0.3842523063720232
0.38446685260673674
0.38468139884145036
0.3848959450761639
0.38511049131087755
0.3853250375455911
0.3898305084745763
0.4046341986698133
0.404848744904527
0.40506329113924056
0.4052778373739541
0.4054923836086677
0.4057069298433813
0.40592147607809487
0.4084960308946578
0.40871057712937137
0.408925123364085
0.4091396695987986
0.40935421583351217
0.40956876206822573
0.4097833083029393
0.4099978545376529
0.4102124007723665
0.41042694700708005
0.4106414932417936
0.41085603947650723
0.41428877923192453
0.4145033254666381
0.41471787170135166
0.4149324179360652
0.41514696417077884
0.4153615104054924
0.41686333404848747
0.4185797039261961
0.4187942501609097
0.42265608238575414
0.4228706286204677
0.4230851748551813
0.4232997210898949
0.4271615533147393
0.42737609954945294
0.4275906457841665
0.42780519201888006
0.42801973825359363
0.42823428448830725
0.4284488307230208
0.4286633769577344
0.43123793177429737
0.43145247800901093
0.43166702424372455
0.4318815704784381
0.4320961167131517
0.43231066294786524
0.4344561252950011
0.43467067152971467
0.43488521776442823
0.43509976399914185
0.4353143102338554
0.435528856468569
0.43574340270328255
0.43595794893799616
0.43617249517270973
0.4363870414074233
0.4387470499892727
0.4389615962239863
0.4398197811628406
0.4400343273975542
0.4428234284488307
0.44303797468354433
0.44325252091825784
0.44346706715297146
0.44368161338768514
0.44389615962239864
0.44411070585711226
0.4443252520918258
0.44453979832653945
0.44475434456125296
0.4449688907959666
0.4451834370306801
0.44539798326539376
0.44561252950010727
0.4458270757348209
0.4460416219695344
0.44625616820424807
0.4464707144389616
0.4466852606736752
0.4468998069083887
0.4471143531431024
0.4473288993778159
0.4475434456125295
0.44775799184724313
0.4479725380819567
0.4481870843166703
0.4484016305513838
0.44861617678609744
0.4526925552456555
0.452907101480369
0.4531216477150827
0.4533361939497962
0.4556962025316456
0.45591074876635923
0.45612529500107274
0.45633984123578636
0.4565543874704999
0.45676893370521354
0.45698347993992705
0.45719802617464067
0.45741257240935423
0.45762711864406785
0.45784166487878136
0.458056211113495
0.45827075734820855
0.45848530358292217
0.4586998498176357
0.4589143960523493
0.45912894228706286
0.4593434885217765
0.45955803475649
0.4597725809912036
0.4599871272259172
0.4602016734606308
0.4604162196953444
0.4606307659300579
0.46084531216477154
0.4610598583994851
0.4612744046341987
0.4741471787170135
0.4750053636558678
0.47521990989058144
0.475434456125295
0.4756490023600086
0.47586354859472213
0.47607809482943575
0.47629264106414937
0.48380175927912467
0.48401630551383823
0.48423085174855185
0.48444539798326547
0.484659944217979
0.5022527354644926
0.5024672816992062
0.5026818279339198
0.5028963741686334
0.5031109204033469
0.5033254666380605
0.5035400128727741
0.5037545591074877
0.5039691053422012
0.5041836515769148
0.5043981978116284
0.504612744046342
0.5048272902810557
0.5050418365157692
0.5052563827504828
0.5054709289851963
0.5056854752199099
0.5059000214546234
0.506114567689337
0.5063291139240507
0.5065436601587643
0.5067582063934778
0.5069727526281914
0.5071872988629049
0.5074018450976185
0.507616391332332
0.5078309375670458
0.5080454838017593
0.5082600300364729
0.5084745762711864
0.5086891225059
0.5273546449259816
0.5275691911606951
0.5277837373954087
0.5279982836301222
0.5522420081527569
0.5524565543874704
0.5526711006221842
0.5556747479081742
0.5558892941428878
0.5569620253164557
0.5588929414288779
0.5591074876635915
0.559322033898305
0.5595365801330187
0.5597511263677323
0.5606093113065865
0.564471143531431
0.5646856897661446
0.5649002360008583
0.5651147822355718
0.5653293284702854
0.565543874704999
0.5657584209397125
0.5659729671744261
0.5661875134091396
0.5664020596438533
0.5666166058785669
0.5668311521132805
0.567045698347994
0.5672602445827076
0.5674747908174211
0.5676893370521348
0.5679038832868483
0.5681184295215619
0.5683329757562755
0.5685475219909891
0.5687620682257026
0.5689766144604163
0.5691911606951298
0.5694057069298434
0.5739111778588286
0.5741257240935422
0.5743402703282557
0.5745548165629694
0.5747693627976829
0.5749839090323965
0.5751984552671101
0.5754130015018237
0.5756275477365372
0.5758420939712509
0.5760566402059644
0.576271186440678
0.5764857326753915
0.5767002789101051
0.5769148251448187
0.5917185153400558
0.613602231280841
0.6138167775155546
0.6140313237502681
0.6142458699849818
0.6144604162196954
0.6172495172709719
0.6174640635056855
0.617678609740399
0.6178931559751126
0.6181077022098262
0.6183222484445399
0.6185367946792535
0.618751340913967
0.6189658871486806
0.6191804333833941
0.6193949796181077
0.6196095258528213
0.6198240720875349
0.6200386183222485
0.6202531645569621
0.6204677107916756
0.6206822570263892
0.6208968032611027
0.6211113494958164
0.6213258957305299
0.6215404419652435
0.6217549881999571
0.6219695344346707
0.6221840806693842
0.6223986269040979
0.6226131731388115
0.622827719373525
0.6230422656082386
0.6232568118429521
0.6247586354859472
0.6249731817206607
0.6251877279553745
0.6256168204248016
0.6258313666595151
0.6260459128942287
0.6262604591289422
0.6264750053636559
0.6266895515983695
0.6269040978330831
0.6271186440677967
0.6273331903025102
0.6275477365372238
0.6277622827719374
0.627976829006651
0.6281913752413645
0.6284059214760781
0.6286204677107917
0.6288350139455053
0.6296931988843596
0.6311950225273547
0.6314095687620682
0.6316241149967818
0.6318386612314953
0.6320532074662091
0.6322677537009226
0.6324822999356362
0.6326968461703497
0.6329113924050633
0.6331259386397768
0.6333404848744905
0.633555031109204
0.6337695773439177
0.6339841235786312
0.6341986698133448
0.6344132160480583
0.634627762282772
0.6348423085174856
0.6350568547521991
0.6352714009869127
0.6354859472216263
0.6357004934563399
0.6359150396910535
0.6361295859257671
0.6363441321604806
0.6365586783951942
0.6367732246299077
0.6369877708646213
0.637202317099335
0.6374168633340486
0.6376314095687621
0.6378459558034757
0.6380605020381892
0.6382750482729028
0.6384895945076163
0.63870414074233
0.6389186869770436
0.6391332332117572
0.6393477794464708
0.6395623256811843
0.6397768719158979
0.6399914181506114
0.6402059643853251
0.6404205106200386
0.6406350568547523
0.6408496030894658
0.6410641493241794
0.6412786955588929
0.6414932417936066
0.6417077880283201
0.6419223342630337
0.6421368804977472
0.6490023600085818
0.6492169062432954
0.649431452478009
0.6496459987127227
0.6498605449474362
0.6500750911821498
0.6502896374168633
0.6505041836515769
0.6507187298862904
0.6509332761210042
0.6511478223557178
0.6513623685904313
0.6515769148251449
0.6517914610598584
0.652006007294572
0.6522205535292855
0.6524350997639992
0.6526496459987128
0.6528641922334264
0.6530787384681399
0.6532932847028535
0.653507830937567
0.6537223771722807
0.6539369234069942
0.6541514696417078
0.6543660158764214
0.654580562111135
0.6547951083458485
0.6550096545805622
0.6552242008152758
0.6554387470499893
0.6556532932847029
0.6558678395194164
0.65608238575413
0.6562969319888436
0.6565114782235573
0.6567260244582708
0.6569405706929844
0.6571551169276979
0.6573696631624115
0.657584209397125
0.6577987556318386
0.6580133018665523
0.6582278481012659
0.6584423943359794
0.658656940570693
0.6588714868054065
0.6590860330401201
0.6593005792748338
0.6595151255095473
0.659729671744261
0.6599442179789745
0.6601587642136881
0.6603733104484016
0.6605878566831153
0.6608024029178288
0.6610169491525424
0.661231495387256
0.6614460416219696
0.6616605878566831
0.6618751340913968
0.6620896803261103
0.6623042265608239
0.6625187727955374
0.662733319030251
0.6629478652649646
0.6631624114996783
0.6633769577343919
0.6635915039691054
0.6646642351426733
0.6648787813773869
0.6650933276121005
0.665307873846814
0.6655224200815276
0.6657369663162411
0.6659515125509547
0.6661660587856683
0.6663806050203819
0.6665951512550955
0.6668096974898091
0.6670242437245226
0.6672387899592362
0.6674533361939499
0.6676678824286634
0.667882428663377
0.6680969748980905
0.6683115211328042
0.6685260673675177
0.9362797682900666
0.93649431452478
0.9367088607594937
0.9369234069942073
0.13816777515554604
0.1396695987985411
0.13988414503325466
0.14009869126796826
0.16906243295430165
0.36172495172709723
0.3619394979618108
0.36215404419652436
0.3623685904312379
0.36258313666595154
0.3627976829006651
0.3630122291353787
0.36322677537009224
0.36344132160480586
0.3636558678395194
0.363870414074233
0.36408496030894655
0.3670886075949367
0.3681613387685046
0.3683758850032182
0.3741686333404849
0.3829650289637417
0.41385968676249735
0.4140742329972109
0.41579060287491953
0.41600514910963315
0.4162196953443467
0.4531216477150827
0.4533361939497962
0.4537652864192233
0.453979832653937
0.4556962025316456
0.45591074876635923
0.45612529500107274
0.45633984123578636
0.4565543874704999
0.45676893370521354
0.45698347993992705
0.45719802617464067
0.45741257240935423
0.45827075734820855
0.45848530358292217
0.4586998498176357
0.4589143960523493
0.4604162196953444
0.4606307659300579
0.46084531216477154
0.4610598583994851
0.47521990989058144
0.47672173353357655
0.47693627976829006
0.4771508260030037
0.47736537223771724
0.47757991847243086
0.4786526496459987
0.4788671958807123
0.4801544732889938
0.4807981119931346
0.4810126582278481
0.48122720446256173
0.48144175069727524
0.4816562969319889
0.4848744904526926
0.48508903668740616
0.4853035829221198
0.4855181291568333
0.4857326753915469
0.4872344990345419
0.48744904526925553
0.4876635915039691
0.4885217764428235
0.49109633125938645
0.49581634842308514
0.49603089465779876
0.4962454408925123
0.49645998712722594
0.49667453336193956
0.5005363655867839
0.5007509118214976
0.5009654580562112
0.5011800042909248
0.5013945505256383
0.5016090967603519
0.5018236429950654
0.5041836515769148
0.5043981978116284
0.504612744046342
0.5048272902810557
0.5050418365157692
0.5052563827504828
0.5054709289851963
0.5082600300364729
0.5084745762711864
0.5086891225059
0.5089036687406137
0.5091182149753272
0.5093327612100408
0.5095473074447544
0.509761853679468
0.5099763999141815
0.5101909461488952
0.5104054923836087
0.5106200386183223
0.5108345848530358
0.5110491310877494
0.511263677322463
0.5114782235571766
0.5116927697918902
0.5119073160266038
0.5121218622613173
0.5123364084960309
0.5125509547307444
0.512765500965458
0.5129800472001717
0.5131945934348853
0.5134091396695989
0.5136236859043124
0.513838232139026
0.5140527783737395
0.5142673246084531
0.5144818708431667
0.5146964170778803
0.5149109633125939
0.5151255095473075
0.515340055782021
0.5155546020167346
0.5157691482514482
0.5159836944861618
0.5161982407208753
0.5164127869555889
0.5166273331903025
0.5168418794250161
0.5170564256597298
0.5172709718944433
0.5174855181291569
0.5177000643638704
0.5200600729457199
0.5202746191804334
0.5269255524565545
0.5273546449259816
0.5275691911606951
0.5277837373954087
0.5279982836301222
0.5282128298648359
0.5284273760995495
0.5286419223342631
0.5288564685689766
0.5290710148036902
0.5292855610384039
0.5295001072731174
0.529714653507831
0.5299291997425445
0.5301437459772581
0.5303582922119717
0.5305728384466853
0.5307873846813989
0.5310019309161125
0.531216477150826
0.5314310233855396
0.5316455696202531
0.5318601158549667
0.5320746620896804
0.532289208324394
0.5325037545591075
0.5327183007938211
0.5492383608667668
0.5494529071014804
0.549667453336194
0.5498819995709076
0.5500965458056212
0.5503110920403347
0.5505256382750483
0.5507401845097618
0.5509547307444754
0.551169276979189
0.5513838232139027
0.5515983694486162
0.5518129156833298
0.5520274619180433
0.5522420081527569
0.5528856468568977
0.5531001930916113
0.5533147393263249
0.5535292855610384
0.553743831795752
0.5539583780304655
0.5541729242651792
0.5543874704998928
0.5546020167346064
0.5548165629693199
0.5550311092040335
0.555245655438747
0.5558892941428878
0.5561038403776014
0.556318386612315
0.5591074876635915
0.559322033898305
0.5595365801330187
0.5597511263677323
0.5599656726024459
0.5601802188371594
0.560394765071873
0.5606093113065865
0.5608238575413002
0.5610384037760137
0.5612529500107273
0.561467496245441
0.5616820424801545
0.5618965887148681
0.5621111349495816
0.5623256811842953
0.5625402274190088
0.5627547736537224
0.562969319888436
0.5631838661231496
0.5633984123578631
0.5636129585925768
0.5638275048272903
0.5640420510620039
0.5642565972967174
0.564471143531431
0.5646856897661446
0.5649002360008583
0.5651147822355718
0.5653293284702854
0.565543874704999
0.5657584209397125
0.5659729671744261
0.5661875134091396
0.5664020596438533
0.5666166058785669
0.5668311521132805
0.567045698347994
0.5672602445827076
0.5674747908174211
0.5676893370521348
0.5679038832868483
0.5681184295215619
0.5683329757562755
0.5685475219909891
0.5687620682257026
0.5689766144604163
0.5691911606951298
0.5694057069298434
0.569620253164557
0.5698347993992705
0.5700493456339842
0.5702638918686977
0.5704784381034114
0.5706929843381249
0.5709075305728385
0.5754130015018237
0.5756275477365372
0.5758420939712509
0.5760566402059644
0.576271186440678
0.5764857326753915
0.5767002789101051
0.5769148251448187
0.5771293713795324
0.5773439176142459
0.5775584638489595
0.5777730100836731
0.5908603304012016
0.5910748766359151
0.5912894228706287
0.5915039691053422
0.5917185153400558
0.5923621540441966
0.5925767002789102
0.5927912465136237
0.5930057927483373
0.5932203389830508
0.5934348852177644
0.593649431452478
0.5938639776871916
0.5940785239219052
0.5942930701566188
0.5945076163913324
0.6234713580776658
0.6236859043123794
0.623900450547093
0.6241149967818065
0.6243295430165201
0.6245440892512336
0.6247586354859472
0.6249731817206607
0.6251877279553745
0.625402274190088
0.6256168204248016
0.6258313666595151
0.6359150396910535
0.6361295859257671
0.6363441321604806
0.6365586783951942
0.6367732246299077
0.6369877708646213
0.637202317099335
0.6374168633340486
0.6376314095687621
0.6378459558034757
0.6380605020381892
0.6382750482729028
0.6384895945076163
0.63870414074233
0.6389186869770436
0.6391332332117572
0.6665951512550955
0.6668096974898091
0.6670242437245226
0.6672387899592362
0.6674533361939499
0.6676678824286634
0.667882428663377
0.3224629907745119
0.38317957519845525
0.4593434885217765
0.45955803475649
0.4861617678609741
0.4878781377386827
0.48916541514696416
0.48937996138167783
0.48959450761639134
0.4930272473718087
0.4932417936065222
0.4934563398412358
0.4936708860759494
0.493885432310663
0.4940999785453765
0.49667453336193956
0.4983909032396482
0.4986054494743617
0.49881999570907537
0.4990345419437889
0.4992490881785025
0.499463634413216
0.4996781806479297
0.4998927268826432
0.5001072731173568
0.5003218193520703
0.5005363655867839
0.5009654580562112
0.5011800042909248
0.5013945505256383
0.5016090967603519
0.5018236429950654
0.502038189229779
0.5022527354644926
0.5024672816992062
0.5026818279339198
0.5028963741686334
0.5031109204033469
0.5033254666380605
0.5035400128727741
0.5037545591074877
0.5101909461488952
0.5104054923836087
0.5106200386183223
0.5108345848530358
0.5110491310877494
0.5123364084960309
0.5125509547307444
0.5129800472001717
0.5131945934348853
0.5134091396695989
0.5136236859043124
0.513838232139026
0.5140527783737395
0.5142673246084531
0.5144818708431667
0.5146964170778803
0.5149109633125939
0.5151255095473075
0.515340055782021
0.5155546020167346
0.5157691482514482
0.5159836944861618
0.5161982407208753
0.5164127869555889
0.5166273331903025
0.5174855181291569
0.5177000643638704
0.517914610598584
0.5181291568332976
0.5183437030680113
0.5185582493027248
0.5187727955374384
0.5258528212829865
0.5277837373954087
0.5279982836301222
0.5282128298648359
0.5284273760995495
0.5286419223342631
0.5288564685689766
0.5290710148036902
0.5292855610384039
0.5295001072731174
0.529714653507831
0.5299291997425445
0.5301437459772581
0.5303582922119717
0.5305728384466853
0.5307873846813989
0.5310019309161125
0.531216477150826
0.5314310233855396
0.5316455696202531
0.5318601158549667
0.5320746620896804
0.532289208324394
0.5327183007938211
0.5329328470285346
0.5331473932632482
0.5333619394979618
0.5335764857326754
0.5337910319673891
0.5340055782021026
0.5342201244368162
0.5344346706715297
0.5346492169062433
0.5348637631409568
0.5526711006221842
0.556318386612315
0.5565329328470285
0.5567474790817422
0.5569620253164557
0.5571765715511693
0.5573911177858829
0.5576056640205964
0.55782021025531
0.5580347564900237
0.5582493027247373
0.5584638489594508
0.5586783951941644
0.5588929414288779
0.5591074876635915
0.559322033898305
0.5595365801330187
0.5597511263677323
0.5599656726024459
0.5601802188371594
0.560394765071873
0.5606093113065865
0.5608238575413002
0.5610384037760137
0.5621111349495816
0.5623256811842953
0.5625402274190088
0.5627547736537224
0.562969319888436
0.5631838661231496
0.5633984123578631
0.5636129585925768
0.5638275048272903
0.5640420510620039
0.5642565972967174
0.564471143531431
0.5646856897661446
0.5649002360008583
0.5651147822355718
0.5653293284702854
0.565543874704999
0.5657584209397125
0.5659729671744261
0.5661875134091396
0.5664020596438533
0.5666166058785669
0.5668311521132805
0.567045698347994
0.5694057069298434
0.569620253164557
0.5709075305728385
0.571122076807552
0.5713366230422656
0.5715511692769792
0.5717657155116929
0.5719802617464064
0.57219480798112
0.5764857326753915
0.5775584638489595
0.5777730100836731
0.5779875563183866
0.5782021025531002
0.5784166487878137
0.5925767002789102
0.5927912465136237
0.5930057927483373
0.5932203389830508
0.6067367517700065
0.60695129800472
0.6071658442394336
0.6073803904741472
0.611027676464278
0.6112422226989916
0.6114567689337053
0.6116713151684189
0.6118858614031324
0.6148895086891226
0.6648787813773869
0.6650933276121005
0.665307873846814
0.6655224200815276
0.6657369663162411
0.6659515125509547
0.6661660587856683
0.6663806050203819
0.6732460845312165
0.6734606307659301
0.6736751770006437
0.6738897232353572
0.6741042694700708
0.8686977043552886
0.9092469427161552
0.9094614889508689
0.9339197597082172
0.9341343059429308
0.9343488521776444
0.9345633984123578
0.9347779446470714
0.934992490881785
0.9352070371164987
0.9354215833512122
0.9356361295859258
0.9358506758206394
0.936065222055353
0.9476507187298864
0.9506543660158765
0.95086891225059
0.9510834584853036
0.9512980047200172
0.4537652864192233
0.48423085174855185
0.49603089465779876
0.4962454408925123
0.49645998712722594
0.49667453336193956
0.4983909032396482
0.4990345419437889
0.4992490881785025
0.499463634413216
0.4996781806479297
0.4998927268826432
0.5028963741686334
0.5164127869555889
0.5198455267110063
0.5200600729457199
0.5202746191804334
0.520489165415147
0.5211328041192878
0.5515983694486162
0.5518129156833298
0.5520274619180433
0.5522420081527569
0.5524565543874704
0.5844239433597941
0.5846384895945076
0.5848530358292212
0.5850675820639347
0.5852821282986483
0.585496674533362
0.5861403132375027
0.5863548594722163
0.5865694057069298
0.5867839519416435
0.586998498176357
0.5872130444110707
0.5874275906457842
0.5876421368804978
0.5878566831152113
0.588071229349925
0.5882857755846385
0.5902166916970607
0.5904312379317743
0.5906457841664879
0.5908603304012016
0.5910748766359151
0.5912894228706287
0.5915039691053422
0.5917185153400558
0.5919330615747693
0.592147607809483
0.5923621540441966
0.5925767002789102
0.5927912465136237
0.5930057927483373
0.5932203389830508
0.5934348852177644
0.593649431452478
0.5949367088607596
0.5951512550954731
0.5953658013301867
0.5955803475649002
0.5964385325037546
0.5966530787384682
0.5968676249731817
0.5970821712078953
0.5972967174426088
0.5975112636773225
0.597725809912036
0.5979403561467497
0.5981549023814633
0.600300364728599
0.6005149109633126
0.6007294571980262
0.6009440034327398
0.6011585496674534
0.6013730959021669
0.6015876421368805
0.601802188371594
0.6020167346063077
0.6022312808410213
0.6024458270757348
0.6026603733104484
0.602874919545162
0.6030894657798757
0.6033040120145892
0.6035185582493028
0.6037331044840163
0.6045912894228707
0.6048058356575843
0.6050203818922978
0.6052349281270114
0.6054494743617249
0.6056640205964385
0.605878566831152
0.6060931130658658
0.6063076593005794
0.6065222055352929
0.6067367517700065
0.60695129800472
0.6071658442394336
0.6073803904741472
0.6075949367088608
0.6078094829435744
0.608024029178288
0.6082385754130015
0.6084531216477151
0.6086676678824287
0.6088822141171423
0.6090967603518558
0.6093113065865694
0.609525852821283
0.6097403990559966
0.6099549452907101
0.6101694915254238
0.6103840377601374
0.6105985839948509
0.6108131302295645
0.611027676464278
0.6112422226989916
0.6114567689337053
0.6116713151684189
0.6118858614031324
0.612100407637846
0.6123149538725595
0.6125295001072731
0.6127440463419866
0.6193949796181077
0.6196095258528213
0.6198240720875349
0.6200386183222485
0.6202531645569621
0.6204677107916756
0.6206822570263892
0.6208968032611027
0.6211113494958164
0.6213258957305299
0.6215404419652435
0.6217549881999571
0.6219695344346707
0.6221840806693842
0.6223986269040979
0.6226131731388115
0.622827719373525
0.6230422656082386
0.6232568118429521
0.6234713580776658
0.6236859043123794
0.623900450547093
0.6241149967818065
0.6243295430165201
0.6245440892512336
0.6247586354859472
0.6249731817206607
0.6251877279553745
0.625402274190088
0.6256168204248016
0.6258313666595151
0.6275477365372238
0.6277622827719374
0.627976829006651
0.6281913752413645
0.6284059214760781
0.6286204677107917
0.6288350139455053
0.6329113924050633
0.6350568547521991
0.6352714009869127
0.6354859472216263
0.6357004934563399
0.6359150396910535
0.6361295859257671
0.6363441321604806
0.6365586783951942
0.6367732246299077
0.6369877708646213
0.637202317099335
0.6391332332117572
0.6393477794464708
0.6395623256811843
0.6397768719158979
0.6399914181506114
0.6402059643853251
0.6404205106200386
0.6406350568547523
0.6408496030894658
0.6410641493241794
0.6412786955588929
0.6414932417936066
0.6417077880283201
0.6419223342630337
0.6421368804977472
0.6423514267324609
0.6425659729671744
0.6427805192018881
0.6429950654366017
0.6432096116713152
0.6451405277837374
0.6453550740184509
0.6455696202531646
0.6457841664878782
0.6459987127225918
0.6462132589573053
0.6464278051920189
0.6466423514267324
0.646856897661446
0.6470714438961597
0.6472859901308732
0.6475005363655868
0.6477150826003004
0.647929628835014
0.6481441750697275
0.6483587213044412
0.6485732675391547
0.6487878137738683
0.6490023600085818
0.6648787813773869
0.6650933276121005
0.665307873846814
0.6655224200815276
0.6657369663162411
0.6659515125509547
0.6794679253379103
0.679682471572624
0.6798970178073375
0.6801115640420511
0.6869770435528856
0.6871915897875993
0.6904097833083029
0.6906243295430166
0.6908388757777302
0.6910534220124437
0.6912679682471573
0.6914825144818708
0.6916970607165844
0.896159622398627
0.8963741686333406
0.896588714868054
0.8968032611027676
0.8970178073374813
0.8972323535721949
0.8974468998069084
0.897661446041622
0.8978759922763356
0.8980905385110493
0.9038832868483158
0.9040978330830294
0.904312379317743
0.9045269255524566
0.9047414717871701
0.9049560180218837
0.9051705642565974
0.905385110491311
0.9055996567260244
0.905814202960738
0.9060287491954516
0.9062432954301654
0.9064578416648787
0.9066723878995924
0.906886934134306
0.9073160266037332
0.9075305728384466
0.9077451190731602
0.907959665307874
0.9092469427161552
0.9094614889508689
0.9096760351855826
0.9098905814202962
0.9182578845741257
0.9184724308088393
0.918686977043553
0.9189015232782666
0.9238360866766788
0.9240506329113924
0.9242651791461061
0.9244797253808197
0.9246942716155331
0.9249088178502467
0.9251233640849603
0.925337910319674
0.9255524565543874
0.9257670027891011
0.9259815490238147
0.9261960952585283
0.928341557605664
0.9285561038403777
0.9362797682900666
0.93649431452478
0.9371379532289209
0.9373524994636344
0.937567045698348
0.9377815919330617
0.9379961381677753
0.9382106844024887
0.9386397768719159
0.9388543231066295
0.939068869341343
0.9392834155760567
0.9394979618107703
0.9397125080454839
0.9399270542801975
0.9401416005149109
0.9403561467496245
0.9405706929843382
0.9407852392190519
0.9409997854537653
0.9412143316884789
0.9579489379961382
0.9581634842308517
0.9583780304655654
0.9918472430808839
0.4801544732889938
0.4803690195237074
0.4805835657584209
0.4807981119931346
0.4810126582278481
0.48122720446256173
0.48144175069727524
0.4816562969319889
0.4818708431667024
0.48208538940141604
0.48229993563612955
0.4825144818708432
0.48272902810555673
0.48294357434027035
0.4831581205749839
0.48337266680969754
0.48358721304441105
0.48380175927912467
0.48401630551383823
0.48423085174855185
0.48444539798326547
0.484659944217979
0.4848744904526926
0.48508903668740616
0.4853035829221198
0.48830723020810984
0.502038189229779
0.5215618965887149
0.5217764428234285
0.5219909890581421
0.5222055352928556
0.5224200815275692
0.5226346277622828
0.5228491739969964
0.5230637202317099
0.5232782664664235
0.5234928127011371
0.5237073589358507
0.5239219051705643
0.5241364514052779
0.5413001501823643
0.541514696417078
0.5417292426517915
0.5419437888865051
0.5421583351212186
0.5438747049989272
0.5440892512336409
0.5443037974683544
0.5445183437030681
0.5447328899377816
0.5449474361724952
0.5451619824072087
0.5453765286419223
0.5455910748766359
0.5458056211113496
0.5460201673460632
0.5462347135807767
0.5466638060502038
0.5509547307444754
0.551169276979189
0.5513838232139027
0.5515983694486162
0.5518129156833298
0.5520274619180433
0.5522420081527569
0.5524565543874704
0.5526711006221842
0.5528856468568977
0.5531001930916113
0.5533147393263249
0.5535292855610384
0.553743831795752
0.5539583780304655
0.5541729242651792
0.5543874704998928
0.5546020167346064
0.5548165629693199
0.5550311092040335
0.555245655438747
0.5554602016734607
0.5556747479081742
0.5558892941428878
0.5561038403776014
0.5565329328470285
0.5567474790817422
0.5569620253164557
0.5571765715511693
0.55782021025531
0.5580347564900237
0.5582493027247373
0.5584638489594508
0.5586783951941644
0.5588929414288779
0.5599656726024459
0.5601802188371594
0.560394765071873
0.5606093113065865
0.5608238575413002
0.5610384037760137
0.5612529500107273
0.561467496245441
0.5616820424801545
0.5618965887148681
0.5621111349495816
0.5623256811842953
0.5625402274190088
0.5627547736537224
0.562969319888436
0.5631838661231496
0.5633984123578631
0.5636129585925768
0.5638275048272903
0.5747693627976829
0.5749839090323965
0.5751984552671101
0.5786311950225275
0.578845741257241
0.5790602874919546
0.5812057498390903
0.5833512121862261
0.5835657584209397
0.5837803046556533
0.583994850890367
0.5842093971250805
0.5844239433597941
0.5846384895945076
0.5848530358292212
0.5850675820639347
0.5852821282986483
0.585496674533362
0.5857112207680756
0.5859257670027892
0.5861403132375027
0.5863548594722163
0.5882857755846385
0.5885003218193521
0.597725809912036
0.5979403561467497
0.5981549023814633
0.5983694486161768
0.5985839948508904
0.5987985410856039
0.5996567260244583
0.6088822141171423
0.6090967603518558
0.6093113065865694
0.609525852821283
0.6097403990559966
0.6099549452907101
0.6101694915254238
0.6103840377601374
0.6178931559751126
0.6181077022098262
0.6183222484445399
0.6185367946792535
0.6189658871486806
0.6211113494958164
0.6217549881999571
0.6219695344346707
0.6221840806693842
0.622827719373525
0.6230422656082386
0.6269040978330831
0.6271186440677967
0.629478652649646
0.6296931988843596
0.6299077451190731
0.6513623685904313
0.6515769148251449
0.6517914610598584
0.652006007294572
0.6685260673675177
0.6687406136022314
0.6689551598369449
0.6691697060716585
0.6721733533576486
0.6723878995923622
0.6726024458270757
0.6728169920617894
0.6730315382965029
0.6732460845312165
0.6734606307659301
0.6736751770006437
0.6738897232353572
0.6741042694700708
0.6743188157047844
0.674533361939498
0.6788242866337696
0.6844024887363227
0.6846170349710363
0.6848315812057498
0.6850461274404634
0.6856897661446042
0.6859043123793178
0.6861188586140313
0.6863334048487449
0.6865479510834585
0.6867624973181721
0.6869770435528856
0.6871915897875993
0.6874061360223128
0.6876206822570264
0.6878352284917401
0.6880497747264536
0.6882643209611672
0.6884788671958807
0.6886934134305943
0.6889079596653079
0.6891225059000216
0.6893370521347351
0.6895515983694487
0.6897661446041622
0.6899806908388758
0.6901952370735893
0.6904097833083029
0.6906243295430166
0.6908388757777302
0.6929843381248659
0.6931988843595795
0.6934134305942931
0.6936279768290067
0.6938425230637202
0.6940570692984338
0.6942716155331474
0.694486161767861
0.6947007080025746
0.6949152542372882
0.6951298004720017
0.6953443467067153
0.6955588929414288
0.6957734391761425
0.6959879854108562
0.6962025316455697
0.7007080025745548
0.7009225488092684
0.701137095043982
0.7013516412786956
0.7015661875134092
0.7017807337481228
0.7019952799828363
0.7022098262175499
0.7024243724522634
0.702638918686977
0.7028534649216907
0.7030680111564043
0.7032825573911178
0.7034971036258314
0.7037116498605449
0.7039261960952585
0.7041407423299721
0.7043552885646857
0.7045698347993994
0.7047843810341129
0.7049989272688265
0.70521347350354
0.7054280197382536
0.7056425659729672
0.7058571122076808
0.7060716584423944
0.706286204677108
0.7084316670242438
0.7086462132589574
0.7088607594936709
0.7090753057283845
0.709289851963098
0.7095043981978116
0.7097189444325253
0.7099334906672389
0.7101480369019524
0.710362583136666
0.7105771293713795
0.7107916756060931
0.7110062218408066
0.7112207680755203
0.7114353143102339
0.9017378245011801
0.9047414717871701
0.9049560180218837
0.9051705642565974
0.9060287491954516
0.9062432954301654
0.9064578416648787
0.9066723878995924
0.906886934134306
0.9071014803690196
0.9073160266037332
0.9075305728384466
0.9077451190731602
0.907959665307874
0.9081742115425876
0.908388757777301
0.9086033040120146
0.9088178502467282
0.9090323964814419
0.9092469427161552
0.9094614889508689
0.9096760351855826
0.9193306157476936
0.9195451619824072
0.9386397768719159
0.9401416005149109
0.9403561467496245
0.9405706929843382
0.9407852392190519
0.9409997854537653
0.9412143316884789
0.9418579703926195
0.44861617678609744
0.448830723020811
0.4490452692555246
0.45719802617464067
0.4586998498176357
0.4589143960523493
0.4599871272259172
0.4602016734606308
0.4604162196953444
0.4606307659300579
0.46084531216477154
0.4610598583994851
0.468783522849174
0.46899806908388764
0.46921261531860115
0.46942716155331476
0.46964170778802833
0.46985625402274195
0.47007080025745546
0.4702853464921691
0.47049989272688264
0.47071443896159626
0.4735035400128728
0.4737180862475864
0.4747908174211543
0.4750053636558678
0.47521990989058144
0.475434456125295
0.4756490023600086
0.4771508260030037
0.47736537223771724
0.47757991847243086
0.4777944647071444
0.478009010941858
0.4784381034112852
0.4786526496459987
0.4788671958807123
0.47908174211542587
0.4792962883501395
0.479510834584853
0.4797253808195666
0.4799399270542802
0.4801544732889938
0.4803690195237074
0.4805835657584209
0.4825144818708432
0.4831581205749839
0.48337266680969754
0.48358721304441105
0.48380175927912467
0.48401630551383823
0.48423085174855185
0.48444539798326547
0.484659944217979
0.4861617678609741
0.4863763140956876
0.4865908603304012
0.4868054065651148
0.4870199527998284
0.4872344990345419
0.48744904526925553
0.4876635915039691
0.4934563398412358
0.4936708860759494
0.493885432310663
0.4940999785453765
0.49431452478009014
0.4945290710148037
0.4947436172495173
0.49495816348423083
0.49517270971894445
0.495387255953658
0.49560180218837163
0.49581634842308514
0.49603089465779876
0.4962454408925123
0.49817635700493457
0.4983909032396482
0.4990345419437889
0.4992490881785025
0.499463634413216
0.4996781806479297
0.4998927268826432
0.5005363655867839
0.5009654580562112
0.5011800042909248
0.5013945505256383
0.5016090967603519
0.5018236429950654
0.502038189229779
0.5041836515769148
0.5048272902810557
0.5056854752199099
0.506114567689337
0.5063291139240507
0.5106200386183223
0.5108345848530358
0.5209182578845741
0.5239219051705643
0.5241364514052779
0.5243509976399914
0.524565543874705
0.5269255524565545
0.5292855610384039
0.5295001072731174
0.529714653507831
0.5314310233855396
0.5387255953658013
0.538940141600515
0.5402274190087963
0.54044196524351
0.5406565114782236
0.5408710577129372
0.5410856039476507
0.5610384037760137
0.5612529500107273
0.561467496245441
0.5616820424801545
0.5618965887148681
0.5621111349495816
0.5623256811842953
0.5625402274190088
0.5627547736537224
0.562969319888436
0.5631838661231496
0.5633984123578631
0.5636129585925768
0.5638275048272903
0.5640420510620039
0.5642565972967174
0.564471143531431
0.5646856897661446
0.5649002360008583
0.5651147822355718
0.5653293284702854
0.5751984552671101
0.5754130015018237
0.5824930272473718
0.5827075734820855
0.5852821282986483
0.585496674533362
0.5857112207680756
0.5859257670027892
0.5861403132375027
0.5863548594722163
0.5865694057069298
0.5867839519416435
0.586998498176357
0.5872130444110707
0.5981549023814633
0.5983694486161768
0.5985839948508904
0.5987985410856039
0.5990130873203175
0.5992276335550312
0.5994421797897448
0.5996567260244583
0.5998712722591719
0.6000858184938854
0.600300364728599
0.6005149109633126
0.6007294571980262
0.6009440034327398
0.6011585496674534
0.6013730959021669
0.6015876421368805
0.601802188371594
0.6082385754130015
0.6084531216477151
0.6086676678824287
0.6088822141171423
0.6090967603518558
0.6093113065865694
0.609525852821283
0.6097403990559966
0.6099549452907101
0.6101694915254238
0.6103840377601374
0.6105985839948509
0.613602231280841
0.6138167775155546
0.6140313237502681
0.6144604162196954
0.6146749624544089
0.6148895086891226
0.6208968032611027
0.6211113494958164
0.6213258957305299
0.6215404419652435
0.6217549881999571
0.6219695344346707
0.6221840806693842
0.6223986269040979
0.6226131731388115
0.622827719373525
0.6232568118429521
0.6234713580776658
0.6236859043123794
0.623900450547093
0.6241149967818065
0.6243295430165201
0.6245440892512336
0.6247586354859472
0.6249731817206607
0.6251877279553745
0.625402274190088
0.6256168204248016
0.6258313666595151
0.6260459128942287
0.6262604591289422
0.6264750053636559
0.6266895515983695
0.6269040978330831
0.6271186440677967
0.6273331903025102
0.6275477365372238
0.6277622827719374
0.627976829006651
0.6281913752413645
0.6284059214760781
0.6286204677107917
0.6288350139455053
0.6290495601802188
0.6292641064149325
0.629478652649646
0.6296931988843596
0.6299077451190731
0.6363441321604806
0.6365586783951942
0.6367732246299077
0.6369877708646213
0.637202317099335
0.6374168633340486
0.6376314095687621
0.6378459558034757
0.63870414074233
0.6389186869770436
0.6391332332117572
0.6393477794464708
0.6395623256811843
0.6397768719158979
0.6399914181506114
0.6402059643853251
0.6404205106200386
0.6406350568547523
0.6408496030894658
0.6410641493241794
0.6412786955588929
0.6414932417936066
0.6417077880283201
0.6436387041407423
0.6438532503754559
0.6440677966101696
0.647929628835014
0.6481441750697275
0.6483587213044412
0.6485732675391547
0.6487878137738683
0.6490023600085818
0.6558678395194164
0.65608238575413
0.6668096974898091
0.6672387899592362
0.6674533361939499
0.6676678824286634
0.667882428663377
0.6680969748980905
0.6683115211328042
0.6685260673675177
0.6687406136022314
0.6689551598369449
0.6691697060716585
0.669384252306372
0.6741042694700708
0.6751770006436387
0.8871486805406565
0.8873632267753703
0.8875777730100837
0.8922977901737825
0.8925123364084961
0.8927268826432098
0.8993778159193306
0.8995923621540443
0.8998069083887579
0.9000214546234715
0.9019523707358935
0.9021669169706071
0.9023814632053208
0.9025960094400344
0.9028105556747479
0.9030251019094615
0.9032396481441751
0.9034541943788887
0.9045269255524566
0.9047414717871701
0.9392834155760567
0.9394979618107703
0.9397125080454839
0.9399270542801975
0.9401416005149109
0.9403561467496245
0.9405706929843382
0.9407852392190519
0.9409997854537653
0.9412143316884789
0.9414288779231925
0.9416434241579061
0.9418579703926195
0.9420725166273332
0.4880926839733962
0.48830723020810984
0.4885217764428235
0.488736322677537
0.4921690624329543
0.4923836086676679
0.4925981549023815
0.493885432310663
0.4940999785453765
0.49431452478009014
0.4945290710148037
0.4947436172495173
0.49495816348423083
0.49517270971894445
0.495387255953658
0.49560180218837163
0.49581634842308514
0.49645998712722594
0.5226346277622828
0.5228491739969964
0.5230637202317099
0.5616820424801545
0.5846384895945076
0.5848530358292212
0.6082385754130015
0.6086676678824287
0.6088822141171423
0.6090967603518558
0.6093113065865694
0.609525852821283
0.6097403990559966
0.6099549452907101
0.6101694915254238
0.6103840377601374
0.6105985839948509
0.6108131302295645
0.611027676464278
0.6112422226989916
0.6138167775155546
0.6140313237502681
0.6142458699849818
0.6144604162196954
0.6146749624544089
0.6148895086891226
0.6151040549238361
0.6178931559751126
0.6185367946792535
0.618751340913967
0.6189658871486806
0.6191804333833941
0.6354859472216263
0.6357004934563399
0.6361295859257671
0.6363441321604806
0.6365586783951942
0.6369877708646213
0.893585067582064
0.8937996138167774
0.8940141600514911
0.8942287062862048
0.8944432525209184
0.8946577987556318
0.8948723449903454
0.895086891225059
0.8953014374597726
0.8955159836944863
0.8957305299291998
0.8959450761639134
0.896159622398627
0.8963741686333406
0.896588714868054
0.8968032611027676
0.8970178073374813
0.8972323535721949
0.8974468998069084
0.897661446041622
0.8978759922763356
0.8980905385110493
-0.36558678395194166
-0.4878781377386827
-0.4880926839733962
-0.48830723020810984
-0.4885217764428235
-0.493885432310663
-0.4940999785453765
-0.49431452478009014
-0.4945290710148037
-0.4947436172495173
-0.49495816348423083
-0.49517270971894445
-0.4971036258313667
-0.49731817206608026
-0.4975327183007939
-0.4977472645355074
-0.49796181077022106
-0.49817635700493457
-0.4983909032396482
-0.4986054494743617
-0.49881999570907537
-0.5005363655867839
-0.5007509118214976
-0.5009654580562112
-0.5011800042909248
-0.507616391332332
-0.5078309375670458
-0.5080454838017593
-0.5082600300364729
-0.5084745762711864
-0.5086891225059
-0.5089036687406137
-0.5091182149753272
-0.5093327612100408
-0.5095473074447544
-0.5215618965887149
-0.5217764428234285
-0.5219909890581421
-0.5222055352928556
-0.5224200815275692
-0.5226346277622828
-0.5228491739969964
-0.5230637202317099
-0.5232782664664235
-0.5234928127011371
-0.5237073589358507
-0.5239219051705643
-0.5241364514052779
-0.541514696417078
-0.5417292426517915
-0.5419437888865051
-0.5421583351212186
-0.5494529071014804
-0.5539583780304655
-0.5608238575413002
-0.5610384037760137
-0.5612529500107273
-0.561467496245441
-0.5616820424801545
-0.5618965887148681
-0.5621111349495816
-0.5803475649002361
-0.5805621111349496
-0.5807766573696632
-0.5809912036043767
-0.5812057498390903
-0.5814202960738039
-0.5816348423085175
-0.5818493885432311
-0.5820639347779447
-0.5822784810126583
-0.5824930272473718
-0.5827075734820855
-0.582922119716799
-0.5831366659515126
-0.5833512121862261
-0.5835657584209397
-0.583994850890367
-0.5842093971250805
-0.5844239433597941
-0.5846384895945076
-0.5848530358292212
-0.5964385325037546
-0.5966530787384682
-0.5968676249731817
-0.5970821712078953
-0.5972967174426088
-0.5975112636773225
-0.6090967603518558
-0.6093113065865694
-0.609525852821283
-0.6097403990559966
-0.6099549452907101
-0.6101694915254238
-0.6103840377601374
-0.6105985839948509
-0.611027676464278
-0.6118858614031324
-0.612100407637846
-0.6123149538725595
-0.6125295001072731
-0.6127440463419866
-0.6131731388114139
-0.6133876850461275
-0.613602231280841
-0.6138167775155546
-0.6140313237502681
-0.6142458699849818
-0.6146749624544089
-0.6174640635056855
-0.617678609740399
-0.6178931559751126
-0.6181077022098262
-0.6183222484445399
-0.6185367946792535
-0.618751340913967
-0.6189658871486806
-0.6191804333833941
-0.6193949796181077
-0.6299077451190731
-0.6354859472216263
-0.6357004934563399
-0.6359150396910535
-0.6361295859257671
-0.6363441321604806
-0.6365586783951942
-0.6367732246299077
-0.8882214117142245
-0.8886505041836515
-0.8888650504183652
-0.8927268826432098
-0.8929414288779232
-0.8931559751126368
-0.8933705213473504
-0.893585067582064
-0.8937996138167774
-0.8940141600514911
-0.8942287062862048
-0.8944432525209184
-0.8946577987556318
-0.8948723449903454
-0.895086891225059
-0.8953014374597726
-0.8955159836944863
-0.8957305299291998
-0.8959450761639134
-0.896159622398627
-0.8963741686333406
-0.896588714868054
-0.8968032611027676
-0.8970178073374813
-0.8972323535721949
-0.8974468998069084
-0.897661446041622
-0.8978759922763356
-0.8980905385110493
-0.8983050847457626
-0.8985196309804763
-0.8987341772151899
-0.8989487234499035
-0.8991632696846171
-0.9028105556747479
-0.9030251019094615
-0.9386397768719159
-0.9388543231066295
-0.939068869341343
-0.9392834155760567
-0.16906243295430165
-0.16927697918901524
-0.1694915254237288
-0.23814632053207468
-0.46964170778802833
-0.46985625402274195
-0.47007080025745546
-0.4702853464921691
-0.49045269255524565
-0.49131087749409996
-0.4915254237288136
-0.4917399699635271
-0.4921690624329543
-0.4923836086676679
-0.4925981549023815
-0.4928127011370951
-0.4930272473718087
-0.4932417936065222
-0.4934563398412358
-0.4936708860759494
-0.493885432310663
-0.4940999785453765
-0.49431452478009014
-0.4945290710148037
-0.4947436172495173
-0.49495816348423083
-0.49517270971894445
-0.495387255953658
-0.49560180218837163
-0.49581634842308514
-0.49603089465779876
-0.4962454408925123
-0.49731817206608026
-0.5196309804762926
-0.5198455267110063
-0.5200600729457199
-0.5202746191804334
-0.520489165415147
-0.5207037116498605
-0.5209182578845741
-0.5211328041192878
-0.5213473503540013
-0.5215618965887149
-0.5713366230422656
-0.5715511692769792
-0.5719802617464064
-0.578845741257241
-0.5794893799613817
-0.5797039261960952
-0.5848530358292212
-0.5850675820639347
-0.5852821282986483
-0.585496674533362
-0.5859257670027892
-0.5861403132375027
-0.5863548594722163
-0.5865694057069298
-0.5867839519416435
-0.586998498176357
-0.5872130444110707
-0.5874275906457842
-0.5876421368804978
-0.5878566831152113
-0.588071229349925
-0.5882857755846385
-0.5885003218193521
-0.5887148680540656
-0.5889294142887793
-0.5891439605234928
-0.5893585067582064
-0.58957305299292
-0.5897875992276336
-0.5900021454623472
-0.5902166916970607
-0.5904312379317743
-0.5906457841664879
-0.5908603304012016
-0.5910748766359151
-0.5912894228706287
-0.5915039691053422
-0.5917185153400558
-0.5919330615747693
-0.5955803475649002
-0.5957948937996138
-0.5972967174426088
-0.5975112636773225
-0.597725809912036
-0.5979403561467497
-0.5998712722591719
-0.6000858184938854
-0.6011585496674534
-0.6013730959021669
-0.6015876421368805
-0.601802188371594
-0.6020167346063077
-0.6022312808410213
-0.6024458270757348
-0.6026603733104484
-0.602874919545162
-0.6030894657798757
-0.6035185582493028
-0.6037331044840163
-0.6039476507187299
-0.6041621969534434
-0.604376743188157
-0.6045912894228707
-0.6048058356575843
-0.6050203818922978
-0.6052349281270114
-0.6054494743617249
-0.6056640205964385
-0.605878566831152
-0.6060931130658658
-0.6063076593005794
-0.6065222055352929
-0.6067367517700065
-0.60695129800472
-0.6071658442394336
-0.6073803904741472
-0.6075949367088608
-0.6078094829435744
-0.608024029178288
-0.6082385754130015
-0.6084531216477151
-0.6086676678824287
-0.6088822141171423
-0.6103840377601374
-0.6105985839948509
-0.6108131302295645
-0.611027676464278
-0.6112422226989916
-0.6114567689337053
-0.6116713151684189
-0.6118858614031324
-0.612100407637846
-0.6123149538725595
-0.6125295001072731
-0.6127440463419866
-0.6129585925767003
-0.6131731388114139
-0.6133876850461275
-0.613602231280841
-0.6138167775155546
-0.6140313237502681
-0.6243295430165201
-0.6245440892512336
-0.6247586354859472
-0.6249731817206607
-0.627976829006651
-0.6281913752413645
-0.6284059214760781
-0.6301222913537867
-0.6303368375885003
-0.630551383823214
-0.6307659300579276
-0.6309804762926411
-0.6311950225273547
-0.6314095687620682
-0.6316241149967818
-0.6455696202531646
-0.8865050418365157
-0.8873632267753703
-0.16627333190302512
-0.1664878781377387
-0.16670242437245228
-0.1675606093113066
-0.16777515554602015
-0.16798970178073377
-0.16820424801544734
-0.16841879425016093
-0.1686333404848745
-0.1697060716584424
-0.169920617893156
-0.17013516412786958
-0.17034971036258315
-0.17056425659729674
-0.1707788028320103
-0.1709933490667239
-0.17120789530143746
-0.17142244153615105
-0.1716369877708646
-0.1718515340055782
-0.1720660802402918
-0.1722806264750054
-0.17249517270971895
-0.17270971894443254
-0.1729242651791461
-0.1731388114138597
-0.17335335764857326
-0.17356790388328686
-0.17378245011800042
-0.17399699635271404
-0.1742115425874276
-0.17828792104698565
-0.17850246728169922
-0.1787170135164128
-0.17893155975112637
-0.17914610598583997
-0.17936065222055353
-0.17957519845526712
-0.17978974468998069
-0.18043338339412146
-0.18064792962883502
-0.18086247586354862
-0.18107702209826218
-0.18129156833297577
-0.18150611456768934
-0.18172066080240293
-0.1819352070371165
-0.18214975327183008
-0.18236429950654368
-0.18257884574125727
-0.32653936923406995
-0.3267539154687835
-0.33791031967388974
-0.4799399270542802
-0.4848744904526926
-0.48508903668740616
-0.4853035829221198
-0.4855181291568333
-0.4857326753915469
-0.4859472216262605
-0.4861617678609741
-0.4863763140956876
-0.4917399699635271
-0.49195451619824077
-0.4921690624329543
-0.4923836086676679
-0.4925981549023815
-0.5155546020167346
-0.5393692340699421
-0.5395837803046557
-0.5406565114782236
-0.541514696417078
-0.5417292426517915
-0.5419437888865051
-0.5822784810126583
-0.5824930272473718
-0.5827075734820855
-0.582922119716799
-0.5831366659515126
-0.5942930701566188
-0.604376743188157
-0.6045912894228707
-0.6048058356575843
-0.6050203818922978
-0.6060931130658658
-0.6063076593005794
-0.6065222055352929
-0.6067367517700065
-0.60695129800472
-0.6071658442394336
-0.6073803904741472
-0.6075949367088608
-0.6427805192018881
-0.6432096116713152
-0.9665307873846815
-0.9667453336193951
-0.9669598798541087
-0.13773868268611886
-0.1396695987985411
-0.14031323750268182
-0.14245869984981763
-0.1428877923192448
-0.14331688478867197
-0.14353143102338556
-0.14760780948294358
-0.14782235571765717
-0.14803690195237074
-0.14825144818708433
-0.15232782664664235
-0.15254237288135594
-0.1527569191160695
-0.1529714653507831
-0.15318601158549666
-0.15340055782021025
-0.15747693627976828
-0.1576914825144819
-0.15790602874919546
-0.4490452692555246
-0.48122720446256173
-0.48144175069727524
-0.4816562969319889
-0.4818708431667024
-0.48208538940141604
-0.48229993563612955
-0.4825144818708432
-0.48272902810555673
-0.48294357434027035
-0.4831581205749839
-0.48337266680969754
-0.48358721304441105
-0.48380175927912467
-0.48401630551383823
-0.48423085174855185
-0.48444539798326547
-0.484659944217979
-0.4848744904526926
-0.48508903668740616
-0.4853035829221198
-0.4855181291568333
-0.4857326753915469
-0.4859472216262605
-0.4861617678609741
-0.4878781377386827
-0.4880926839733962
-0.49002360008581847
-0.49023814632053214
-0.4908817850246728
-0.49109633125938645
-0.49131087749409996
-0.4915254237288136
-0.4917399699635271
-0.9229779017378245
-0.9231924479725381
-0.9234069942072517
-0.9236215404419654
-0.9238360866766788
-0.9240506329113924
-0.9242651791461061
-0.9244797253808197
-0.9246942716155331
-0.9249088178502467
-0.9251233640849603
-0.925337910319674
-0.9255524565543874
-0.9257670027891011
-0.9259815490238147
-0.9261960952585283
-0.9264106414932417
-0.9266251877279553
-0.926839733962669
-0.946792533791032
-0.9470070800257456
-0.947221626260459
-0.9474361724951728
-0.9476507187298864
-0.9478652649646
-0.9480798111993136
-0.948294357434027
-0.9485089036687406
-0.9487234499034543
-0.9489379961381679
-0.9491525423728814
-0.949367088607595
-0.9495816348423086
-0.9497961810770222
-0.9500107273117356
-0.9502252735464493
-0.9504398197811629
-0.9506543660158765
-0.95086891225059
-0.9510834584853036
-0.9512980047200172
-0.9515125509547309
-0.9517270971894443
-0.9519416434241579
-0.9521561896588715
-0.9523707358935851
-0.9525852821282987
-0.9527998283630122
-0.9635271400986912
-0.9637416863334048
-0.9639562325681185
-0.9641707788028321
-0.9643853250375457
-0.9645998712722591
-0.9648144175069728
-0.9650289637416865
-0.9652435099764001
-0.9654580562111135
-0.9656726024458271
-0.9658871486805407
-0.9661016949152543
-0.9663162411499678
-0.9665307873846815
-0.9667453336193951
-0.9669598798541087
-0.9671744260888221
-0.9673889723235357
-0.9676035185582493
-0.967818064792963
-0.9703926196095259
-0.14117142244153616
-0.14138596867624975
-0.14160051491096332
-0.14224415361510406
-0.14331688478867197
-0.23278266466423514
-0.23299721089894873
-0.2332117571336623
-0.24458270757348208
-0.3048701995279983
-0.44411070585711226
-0.4471143531431024
-0.4473288993778159
-0.4475434456125295
-0.44775799184724313
-0.47607809482943575
-0.47629264106414937
-0.47650718729886293
-0.4797253808195666
-0.4810126582278481
-0.48122720446256173
-0.48144175069727524
-0.4816562969319889
-0.4818708431667024
-0.48208538940141604
-0.48229993563612955
-0.4825144818708432
-0.48272902810555673
-0.48294357434027035
-0.4831581205749839
-0.48337266680969754
-0.48358721304441105
-0.48380175927912467
-0.48401630551383823
-0.48423085174855185
-0.48444539798326547
-0.484659944217979
-0.4848744904526926
-0.48508903668740616
-0.4853035829221198
-0.4855181291568333
-0.4857326753915469
-0.4859472216262605
-0.4861617678609741
-0.4863763140956876
-0.4865908603304012
-0.4868054065651148
-0.4870199527998284
-0.4872344990345419
-0.48744904526925553
-0.4876635915039691
-0.49109633125938645
-0.5219909890581421
-0.5222055352928556
-0.918686977043553
-0.9189015232782666
-0.91911606951298
-0.9193306157476936
-0.9195451619824072
-0.9197597082171208
-0.9214760780948295
-0.9216906243295431
-0.9219051705642566
-0.9221197167989702
-0.9223342630336838
-0.9225488092683974
-0.9227633555031108
-0.9246942716155331
-0.9249088178502467
-0.9251233640849603
-0.925337910319674
-0.9255524565543874
-0.9257670027891011
-0.9259815490238147
-0.9261960952585283
-0.9264106414932417
-0.9266251877279553
-0.9442179789744691
-0.9446470714438961
-0.9448616176786098
-0.9450761639133234
-0.945719802617464
-0.9459343488521778
-0.9461488950868914
-0.9463634413216048
-0.9465779875563184
-0.946792533791032
-0.9470070800257456
-0.947221626260459
-0.9551598369448617
-0.9553743831795751
-0.9555889294142887
-0.9558034756490024
-0.956018021883716
-0.9562325681184296
-0.9564471143531431
-0.9566616605878567
-0.9568762068225704
-0.957090753057284
-0.9630980476292642
-0.9633125938639778
-0.9641707788028321
-0.9643853250375457
-0.9645998712722591
-0.9648144175069728
-0.9658871486805407
-0.9661016949152543
-0.9663162411499678
-0.9665307873846815
-0.9667453336193951
-0.9669598798541087
-0.9671744260888221
-0.9712508045483802
-0.9714653507830938
-0.13773868268611886
-0.1383823213902596
-0.1385968676249732
-0.13881141385968676
-0.13902596009440035
-0.13924050632911392
-0.1394550525638275
-0.1396695987985411
-0.13988414503325466
-0.14009869126796826
-0.14031323750268182
-0.1405277837373954
-0.140742329972109
-0.14095687620682257
-0.14117142244153616
-0.14138596867624975
-0.14160051491096332
-0.1418150611456769
-0.14202960738039047
-0.14224415361510406
-0.14245869984981763
-0.14267324608453122
-0.1428877923192448
-0.14310233855395837
-0.14331688478867197
-0.14353143102338556
-0.14374597725809912
-0.14396052349281271
-0.14417506972752628
-0.14438961596223987
-0.23471358077665738
-0.2375026818279339
-0.2377172280626475
-0.23793177429736106
-0.23814632053207468
-0.23836086676678828
-0.23857541300150184
-0.23878995923621543
-0.239004505470929
-0.2392190517056426
-0.23943359794035615
-0.2398626904097833
-0.24072087534863762
-0.24372452263462777
-0.24393906886934136
-0.24415361510405492
-0.2443681613387685
-0.25402274190087965
-0.2542372881355932
-0.2902810555674748
-0.2907101480369019
-0.29092469427161555
-0.29113924050632917
-0.29135378674104273
-0.3035829221197168
-0.3037974683544304
-0.304012014589144
-0.3042265608238576
-0.30444110705857114
-0.3046556532932847
-0.3048701995279983
-0.4466852606736752
-0.4468998069083887
-0.4471143531431024
-0.4479725380819567
-0.4481870843166703
-0.4484016305513838
-0.448830723020811
-0.44925981549023813
-0.44990345419437894
-0.47672173353357655
-0.47693627976829006
-0.4771508260030037
-0.47736537223771724
-0.47757991847243086
-0.4777944647071444
-0.5200600729457199
-0.8890795966530789
-0.8989487234499035
-0.8991632696846171
-0.8993778159193306
-0.8995923621540443
-0.8998069083887579
-0.9000214546234715
-0.9002360008581849
-0.9004505470928985
-0.9006650933276121
-0.9008796395623258
-0.9010941857970393
-0.9013087320317529
-0.9015232782664665
-0.9017378245011801
-0.9019523707358935
-0.9021669169706071
-0.9023814632053208
-0.9025960094400344
-0.9028105556747479
-0.9030251019094615
-0.9032396481441751
-0.9034541943788887
-0.9036687406136024
-0.9038832868483158
-0.9040978330830294
-0.904312379317743
-0.9045269255524566
-0.9047414717871701
-0.9049560180218837
-0.9051705642565974
-0.905385110491311
-0.9055996567260244
-0.905814202960738
-0.9060287491954516
-0.9062432954301654
-0.9064578416648787
-0.9066723878995924
-0.906886934134306
-0.9071014803690196
-0.9073160266037332
-0.9075305728384466
-0.9077451190731602
-0.907959665307874
-0.9081742115425876
-0.908388757777301
-0.9086033040120146
-0.9088178502467282
-0.9090323964814419
-0.9092469427161552
-0.9094614889508689
-0.9109633125938639
-0.9111778588285775
-0.9124651362368591
-0.9135378674104271
-0.9148251448187085
-0.9165415146964171
-0.9167560609311307
-0.9169706071658443
-0.917185153400558
-0.9173996996352713
-0.917614245869985
-0.9178287921046986
-0.9180433383394122
-0.9182578845741257
-0.9212615318601158
-0.9214760780948295
-0.9216906243295431
-0.9219051705642566
-0.9221197167989702
-0.9223342630336838
-0.9225488092683974
-0.9227633555031108
-0.9229779017378245
-0.9231924479725381
-0.9234069942072517
-0.9236215404419654
-0.9429307015661875
-0.13773868268611886
-0.13795322892083245
-0.13816777515554604
-0.1383823213902596
-0.1385968676249732
-0.13881141385968676
-0.13924050632911392
-0.1396695987985411
-0.14009869126796826
-0.14031323750268182
-0.1405277837373954
-0.140742329972109
-0.14095687620682257
-0.14117142244153616
-0.14138596867624975
-0.14160051491096332
-0.1418150611456769
-0.14202960738039047
-0.14224415361510406
-0.14245869984981763
-0.14267324608453122
-0.1428877923192448
-0.14310233855395837
-0.14331688478867197
-0.14353143102338556
-0.14374597725809912
-0.14396052349281271
-0.14417506972752628
-0.14438961596223987
-0.14460416219695343
-0.14481870843166703
-0.1450332546663806
-0.14524780090109418
-0.14546234713580777
-0.19287706500750912
-0.19330615747693627
-0.19352070371164987
-0.22741900879639565
-0.2302081098476722
-0.23535721948079813
-0.2355717657155117
-0.23578631195022529
-0.23728813559322035
-0.23814632053207468
-0.2392190517056426
-0.23943359794035615
-0.23964814417506974
-0.2398626904097833
-0.2400772366444969
-0.24029178287921046
-0.24050632911392406
-0.24072087534863762
-0.2409354215833512
-0.24114996781806478
-0.24136451405277837
-0.24157906028749196
-0.24222269899163273
-0.2426517914610599
-0.24393906886934136
-0.24415361510405492
-0.2443681613387685
-0.24458270757348208
-0.2454408925123364
-0.24565543874704998
-0.24586998498176355
-0.24608453121647714
-0.24629907745119076
-0.25187727955374384
-0.2520918257884574
-0.25359364943145246
-0.25402274190087965
-0.2542372881355932
-0.25445183437030683
-0.2894228706286205
-0.28963741686333405
-0.2898519630980476
-0.2900665093327612
-0.2902810555674748
-0.29049560180218836
-0.2907101480369019
-0.29092469427161555
-0.29113924050632917
-0.302939283415576
-0.3031538296502897
-0.30336837588500326
-0.3035829221197168
-0.3037974683544304
-0.304012014589144
-0.3042265608238576
-0.30444110705857114
-0.3072302081098477
-0.3074447543445613
-0.3076593005792749
-0.314739326324823
-0.31495387255953655
-0.31516841879425017
-0.3153829650289638
-0.31559751126367735
-0.3763140956876207
-0.3765286419223343
-0.4481870843166703
-0.4484016305513838
-0.44861617678609744
-0.448830723020811
-0.45011800042909245
-0.47650718729886293
-0.47672173353357655
-0.47693627976829006
-0.4771508260030037
-0.47736537223771724
-0.47757991847243086
-0.4777944647071444
-0.478009010941858
-0.47822355717657156
-0.4784381034112852
-0.4786526496459987
-0.8888650504183652
-0.8890795966530789
-0.8892941428877923
-0.8895086891225059
-0.8897232353572195
-0.8899377815919332
-0.8901523278266465
-0.8903668740613602
-0.8905814202960738
-0.8907959665307875
-0.8989487234499035
-0.8991632696846171
-0.8993778159193306
-0.8995923621540443
-0.9002360008581849
-0.9004505470928985
-0.9006650933276121
-0.9008796395623258
-0.9010941857970393
-0.9013087320317529
-0.9015232782664665
-0.9017378245011801
-0.9019523707358935
-0.9021669169706071
-0.9023814632053208
-0.9025960094400344
-0.9028105556747479
-0.9030251019094615
-0.9032396481441751
-0.9034541943788887
-0.9036687406136024
-0.9038832868483158
-0.9040978330830294
-0.9062432954301654
-0.9064578416648787
-0.9066723878995924
-0.906886934134306
-0.9071014803690196
-0.9073160266037332
-0.9075305728384466
-0.9077451190731602
-0.907959665307874
-0.9081742115425876
-0.908388757777301
-0.9086033040120146
-0.9088178502467282
-0.9090323964814419
-0.9092469427161552
-0.9096760351855826
-0.9098905814202962
-0.9103196738897232
-0.9105342201244369
-0.9107487663591505
-0.9109633125938639
-0.9111778588285775
-0.9113924050632912
-0.9116069512980048
-0.9122505900021455
-0.9124651362368591
-0.9126796824715727
-0.9128942287062862
-0.9135378674104271
-0.9137524136451405
-0.9167560609311307
-0.9169706071658443
-0.917185153400558
-0.9173996996352713
-0.917614245869985
-0.9178287921046986
-0.9180433383394122
-0.9182578845741257
-0.9184724308088393
-0.918686977043553
-0.9206178931559752
-0.9208324393906888
-0.9210469856254022
-0.9212615318601158
-0.9214760780948295
-0.9216906243295431
-0.9219051705642566
-0.9221197167989702
-0.9223342630336838
-0.9225488092683974
-0.9227633555031108
-0.9229779017378245
-0.9231924479725381
-0.14310233855395837
-0.14396052349281271
-0.14417506972752628
-0.14438961596223987
-0.14460416219695343
-0.1450332546663806
-0.14674962454408924
-0.18729886290495604
-0.1875134091396696
-0.23063720231709936
-0.23428448830723023
-0.23449903454194382
-0.23492812701137097
-0.23535721948079813
-0.23621540441965244
-0.236429950654366
-0.2368590431237932
-0.23728813559322035
-0.2375026818279339
-0.2377172280626475
-0.23793177429736106
-0.23814632053207468
-0.23878995923621543
-0.239004505470929
-0.2392190517056426
-0.23964814417506974
-0.2398626904097833
-0.24029178287921046
-0.24050632911392406
-0.24072087534863762
-0.2409354215833512
-0.24114996781806478
-0.24136451405277837
-0.24157906028749196
-0.24179360652220552
-0.24200815275691911
-0.2424372452263463
-0.2426517914610599
-0.24308088393048705
-0.24458270757348208
-0.2516627333190303
-0.2520918257884574
-0.25273546449259815
-0.25316455696202533
-0.25359364943145246
-0.253808195666166
-0.25402274190087965
-0.2542372881355932
-0.25445183437030683
-0.2546663806050204
-0.281484659944218
-0.28792104698562543
-0.288135593220339
-0.28835013945505256
-0.2885646856897662
-0.28877923192447974
-0.2889937781591933
-0.28920832439390687
-0.2894228706286205
-0.28963741686333405
-0.2898519630980476
-0.2900665093327612
-0.2907101480369019
-0.29092469427161555
-0.29113924050632917
-0.29135378674104273
-0.2919974254451835
-0.3003647285990131
-0.3005792748337267
-0.30079382106844027
-0.30100836730315383
-0.3012229135378674
-0.301437459772581
-0.3016520060072946
-0.30186655224200815
-0.3020810984767217
-0.30229564471143533
-0.302939283415576
-0.3031538296502897
-0.3059429307015662
-0.30615747693627976
-0.3063720231709933
-0.31087749409997856
-0.3110920403346921
-0.31130658656940574
-0.3115211328041193
-0.3117356790388329
-0.31323750268182793
-0.31345204891654155
-0.3136665951512551
-0.3138811413859687
-0.31409568762068224
-0.31431023385539586
-0.3145247800901094
-0.31924479725380817
-0.3194593434885218
-0.3196738897232354
-0.3263248229993564
-0.3267539154687835
-0.32739755417292427
-0.33211757133662306
-0.3323321175713366
-0.33254666380605025
-0.3327612100407638
-0.3329757562754774
-0.33340484874490456
-0.3763140956876207
-0.3780304655653293
-0.37867410426947007
-0.37888865050418363
-0.37910319673889725
-0.38017592791246513
-0.3803904741471787
-0.3806050203818923
-0.38081956661660593
-0.3810341128513195
-0.38124865908603306
-0.3814632053207466
-0.38167775155546024
-0.3818922977901738
-0.38232139025960094
-0.38253593649431455
-0.3827504827290281
-0.44861617678609744
-0.448830723020811
-0.4490452692555246
-0.44925981549023813
-0.44947436172495175
-0.4496889079596653
-0.47908174211542587
-0.4792962883501395
-0.8903668740613602
-0.8905814202960738
-0.8907959665307875
-0.8910105127655011
-0.8912250590002145
-0.8914396052349282
-0.8916541514696418
-0.897661446041622
-0.8978759922763356
-0.8980905385110493
-0.8983050847457626
-0.8985196309804763
-0.8987341772151899
-0.8989487234499035
-0.8995923621540443
-0.8998069083887579
-0.9008796395623258
-0.9010941857970393
-0.9013087320317529
-0.9015232782664665
-0.9017378245011801
-0.9019523707358935
-0.9077451190731602
-0.907959665307874
-0.9081742115425876
-0.9118214975327185
-0.9120360437674319
-0.9122505900021455
-0.9124651362368591
-0.9126796824715727
-0.9128942287062862
-0.9131087749409998
-0.9133233211757135
-0.9135378674104271
-0.9139669598798541
-0.9141815061145677
-0.9143960523492813
-0.1385968676249732
-0.13881141385968676
-0.13902596009440035
-0.13924050632911392
-0.1394550525638275
-0.1396695987985411
-0.13988414503325466
-0.14009869126796826
-0.14031323750268182
-0.1405277837373954
-0.140742329972109
-0.14095687620682257
-0.14117142244153616
-0.14331688478867197
-0.14353143102338556
-0.14374597725809912
-0.14396052349281271
-0.14417506972752628
-0.14438961596223987
-0.14460416219695343
-0.14481870843166703
-0.1450332546663806
-0.14524780090109418
-0.14546234713580777
-0.14567689337052137
-0.14589143960523493
-0.14610598583994852
-0.14632053207466209
-0.14653507830937568
-0.14674962454408924
-0.14696417077880283
-0.1471787170135164
-0.14760780948294358
-0.14803690195237074
-0.14825144818708433
-0.1484659944217979
-0.14868054065651148
-0.14889508689122505
-0.14910963312593864
-0.1493241793606522
-0.14953872559536582
-0.1497532718300794
-0.14996781806479298
-0.15018236429950654
-0.15039691053422014
-0.1506114567689337
-0.15125509547307445
-0.151469641707788
-0.15168418794250163
-0.1527569191160695
-0.16133876850461273
-0.24930272473718085
-0.24951727097189444
-0.249731817206608
-0.2499463634413216
-0.25016090967603516
-0.2954301652006008
-0.29564471143531434
-0.2958592576700279
-0.2960738039047415
-0.2962883501394551
-0.29650289637416866
-0.2967174426088822
-0.2969319888435958
-0.29843381248659084
-0.4481870843166703
-0.45011800042909245
-0.45054709289851963
-0.45076163913323325
-0.45097618536794676
-0.4511907316026604
-0.4702853464921691
-0.478009010941858
-0.47822355717657156
-0.4784381034112852
-0.4797253808195666
-0.4799399270542802
-0.48229993563612955
-0.4825144818708432
-0.48272902810555673
-0.893585067582064
-0.8937996138167774
-0.8940141600514911
-0.9066723878995924
-0.906886934134306
-0.9071014803690196
-0.9081742115425876
-0.9092469427161552
-0.9094614889508689
-0.9096760351855826
-0.9098905814202962
-0.9101051276550096
-0.9103196738897232
-0.9105342201244369
-0.9107487663591505
-0.9109633125938639
-0.9113924050632912
-0.9116069512980048
-0.9118214975327185
-0.9120360437674319
-0.9122505900021455
-0.9124651362368591
-0.9126796824715727
-0.9128942287062862
-0.9137524136451405
-0.9156833297575627
-0.91611242222699
-0.9163269684617036
-0.9165415146964171
-0.9167560609311307
-0.9169706071658443
