0.006471981057616417
0.008050513022888714
0.00947119179163378
0.00962904498816101
0.019889502762430938
0.02004735595895817
0.020205209155485397
0.021625887924230463
0.021783741120757694
0.021941594317284922
0.022099447513812154
0.022257300710339382
0.02241515390686661
0.02273086029992107
0.0228887134964483
0.023362273086029988
0.025256511444356748
0.025414364640883976
0.025572217837411208
0.026361483820047354
0.026519337016574586
0.026677190213101814
0.026835043409629042
0.02778216258879242
0.02794001578531965
0.02809786898184688
0.02825572217837411
0.029834254143646405
0.029992107340173636
0.036148382004735594
0.036306235201262825
0.03646408839779005
0.03662194159431728
0.03677979479084451
0.03693764798737174
0.03756906077348066
0.037726913970007894
0.03788476716653512
0.03820047355958958
0.03946329913180742
0.039621152328334644
0.039779005524861875
0.03993685872138911
0.04009471191791634
0.040410418310970794
0.040568271507498026
0.04072612470402526
0.007103393843725335
0.0072612470402525645
0.0077348066298342545
0.011365430149960535
0.011523283346487764
0.011838989739542225
0.011996842936069455
0.018626677190213103
0.020205209155485397
0.02036306235201263
0.02462509865824783
0.02478295185477506
0.026045777426992895
0.026203630623520126
0.026519337016574586
0.026677190213101814
0.026835043409629042
0.026992896606156273
0.0271507498026835
0.027308602999210733
0.02746645619573796
0.027624309392265192
0.02778216258879242
0.02794001578531965
0.02809786898184688
0.02825572217837411
0.03251775848460931
0.03267561168113654
0.032833464877663775
0.03677979479084451
0.03693764798737174
0.037095501183898975
0.03725335438042621
0.03741120757695343
0.03756906077348066
0.03993685872138911
0.04009471191791634
0.04025256511444356
0.04088397790055248
0.04104183109707971
0.04135753749013417
0.11996842936069455
0.02778216258879242
0.032044198895027624
0.03251775848460931
0.03330702446724546
0.03346487766377269
0.03362273086029992
0.03378058405682715
0.03393843725335438
0.034096290449881606
0.03425414364640884
0.03441199684293607
0.0345698500394633
0.034727703235990524
0.035674822415153906
0.03583267561168113
0.03599052880820836
0.036148382004735594
0.040568271507498026
0.04072612470402526
0.04104183109707971
0.041199684293606945
0.04135753749013417
0.0415153906866614
0.04198895027624309
0.04214680347277032
0.04230465666929755
0.043251775848460926
0.0457774269928966
0.04593528018942383
0.04609313338595106
0.04625098658247829
0.04640883977900552
0.046566692975532745
0.046724546172059976
0.04688239936858721
0.054617205998421466
0.0547750591949487
0.05493291239147592
0.05509076558800315
0.05540647198105761
0.05556432517758484
0.05572217837411207
0.0558800315706393
0.05603788476716653
0.05651144435674822
0.06045777426992896
0.062352012628255724
0.06250986582478295
0.06266771902131019
0.06282557221783741
0.06298342541436464
0.06361483820047356
0.06393054459352802
0.07355958958168902
0.07371744277821625
0.07387529597474347
0.07624309392265194
0.07640094711917916
0.1079715864246251
0.10828729281767956
0.1084451460142068
0.108602999210734
0.10891870560378847
0.1090765588003157
0.10923441199684293
0.1313338595106551
0.1314917127071823
0.3951065509076559
0.3952644041041831
0.6045777426992895
0.6047355958958168
0.6048934490923441
0.6058405682715075
0.6059984214680346
0.6061562746645619
0.6063141278610892
0.6064719810576163
0.02794001578531965
0.028571428571428567
0.0287292817679558
0.03235990528808208
0.03251775848460931
0.03267561168113654
0.032833464877663775
0.03441199684293607
0.04262036306235201
0.04277821625887924
0.04293606945540647
0.043093922651933694
0.043251775848460926
0.04340962904498816
0.04356748224151539
0.04372533543804261
0.043883188634569845
0.044041041831097076
0.04419889502762431
0.04593528018942383
0.04609313338595106
0.04625098658247829
0.04640883977900552
0.046566692975532745
0.046724546172059976
0.04688239936858721
0.04704025256511444
0.04719810576164168
0.0473559589581689
0.047829518547750596
0.04798737174427782
0.04814522494080505
0.048303078137332284
0.04846093133385951
0.04861878453038674
0.04877663772691397
0.0489344909234412
0.04909234411996843
0.04925019731649566
0.050513022888713496
0.05067087608524073
0.05082872928176795
0.050986582478295184
0.05351223362273086
0.0547750591949487
0.05493291239147592
0.05509076558800315
0.055248618784530384
0.05603788476716653
0.05619573796369376
0.05635359116022099
0.05651144435674822
0.057300710339384366
0.0574585635359116
0.05777426992896605
0.057932123125493284
0.05840568271507497
0.0585635359116022
0.058721389108129435
0.05966850828729281
0.05982636148382004
0.05998421468034727
0.0601420678768745
0.06029992107340173
0.06045777426992896
0.060615627466456184
0.06077348066298342
0.060931333859510654
0.061089187056037886
0.06124704025256512
0.06140489344909234
0.06156274664561957
0.061720599842146805
0.06203630623520126
0.06219415943172849
0.062352012628255724
0.06250986582478295
0.06266771902131019
0.06282557221783741
0.06298342541436464
0.06314127861089187
0.0632991318074191
0.06377269139700079
0.06393054459352802
0.07640094711917916
0.07655880031570639
0.07671665351223363
0.07687450670876085
0.07782162588792423
0.07797947908445146
0.07813733228097869
0.07829518547750591
0.07955801104972375
0.6
0.6001578531965273
0.6003157063930544
0.6004735595895816
0.6006314127861089
0.600789265982636
0.6009471191791633
0.6011049723756906
0.6031570639305446
0.6033149171270717
0.603472770323599
0.6036306235201263
0.6037884767166535
0.6039463299131808
0.6041041831097079
0.6042620363062352
0.6044198895027624
0.6045777426992895
0.6047355958958168
0.6048934490923441
0.6050513022888714
0.6052091554853986
0.6053670086819257
0.605524861878453
0.6056827150749802
0.6071033938437252
0.6072612470402525
0.6573007103393843
0.6574585635359115
0.6576164167324388
0.6577742699289659
0.6579321231254933
0.6580899763220205
0.6582478295185478
0.6584056827150749
0.6585635359116022
0.6587213891081294
0.6588792423046567
0.667403314917127
0.6675611681136542
0.6677190213101815
0.6678768745067087
0.6923441199684293
0.6925019731649565
0.6926598263614837
0.6928176795580111
0.6929755327545383
0.6931333859510656
0.6932912391475927
0.69344909234412
0.6936069455406472
0.727229676400947
0.7273875295974742
0.7275453827940015
0.7277032359905289
0.727861089187056
0.7280189423835832
0.7281767955801105
0.7283346487766377
0.728492501973165
0.7286503551696921
0.7288082083662194
0.7294396211523283
0.7295974743488555
0.04419889502762431
0.04435674822415153
0.044514601420678764
0.044672454617205995
0.04483030781373322
0.04861878453038674
0.04877663772691397
0.04925019731649566
0.04940805051302289
0.04956590370955012
0.05003946329913181
0.05019731649565903
0.050355169692186265
0.05067087608524073
0.05082872928176795
0.050986582478295184
0.051144435674822415
0.05130228887134965
0.05146014206787687
0.0516179952644041
0.051775848460931334
0.05193370165745856
0.05303867403314917
0.053196527229676396
0.05335438042620363
0.05351223362273086
0.053670086819258084
0.053827940015785315
0.05398579321231255
0.05414364640883978
0.054301499605367
0.054459352801894234
0.054617205998421466
0.0547750591949487
0.05493291239147592
0.05509076558800315
0.055248618784530384
0.05651144435674822
0.05666929755327545
0.0632991318074191
0.5987371744277822
0.5988950276243094
0.5990528808208366
0.5992107340173638
0.6015785319652722
0.6017363851617995
0.6018942383583267
0.602052091554854
0.6022099447513811
0.6023677979479084
0.6025256511444357
0.6026835043409629
0.6028413575374901
0.6029992107340173
0.6077348066298343
0.6078926598263614
0.6080505130228887
0.6082083662194159
0.6285714285714286
0.6287292817679558
0.6315706393054459
0.6317284925019732
0.6318863456985003
0.6320441988950276
0.6322020520915548
0.6323599052880821
0.6325177584846093
0.6326756116811365
0.6328334648776638
0.632991318074191
0.6334648776637727
0.6579321231254933
0.6580899763220205
0.6582478295185478
0.6584056827150749
0.6658247829518548
0.665982636148382
0.6764009471191791
0.6765588003157064
0.6767166535122335
0.6915548539857932
0.6917127071823204
0.6918705603788476
0.7063930544593527
0.70655090765588
0.7273875295974742
0.7275453827940015
0.7277032359905289
0.7283346487766377
0.728492501973165
0.7286503551696921
0.7288082083662194
0.7289660615627466
0.7291239147592739
0.729281767955801
0.7294396211523283
0.7295974743488555
0.7297553275453827
0.7299131807419099
0.7300710339384372
0.7302288871349645
0.7303867403314918
0.7305445935280189
0.7307024467245462
0.7308602999210734
0.7310181531176007
0.7311760063141278
0.7313338595106551
0.7314917127071823
0.7316495659037094
0.7318074191002367
0.7319652722967639
0.7321231254932912
0.7322809786898183
0.7324388318863456
0.7325966850828728
0.7327545382794002
0.7329123914759273
0.7330702446724546
0.777426992896606
0.7775848460931333
0.7786898184688239
0.7788476716653512
0.7790055248618784
0.7791633780584056
0.7793212312549328
0.782162588792423
0.7823204419889501
0.7824782951854774
0.7826361483820048
0.782794001578532
0.7829518547750592
0.7831097079715864
0.7832675611681137
0.7834254143646409
0.783583267561168
0.7837411207576953
0.7838989739542225
0.7840568271507498
0.78973954222573
0.7898973954222572
0.7900552486187844
0.7902131018153118
0.790370955011839
0.7919494869771112
0.7921073401736384
0.7922651933701657
0.7924230465666928
0.7925808997632201
0.7927387529597475
0.7928966061562747
0.7930544593528019
0.7932123125493291
0.7933701657458563
0.7935280189423836
0.7936858721389107
0.793843725335438
0.7940015785319652
0.7941594317284925
0.8067876874506708
0.806945540647198
0.8071033938437252
0.8072612470402525
0.8074191002367797
0.8075769534333069
0.8104183109707972
0.8105761641673244
0.8107340173638516
0.8108918705603788
0.8110497237569061
0.8112075769534333
0.8113654301499604
0.8115232833464877
0.8116811365430149
0.8118389897395422
0.8119968429360693
0.8153117600631413
0.8154696132596685
0.8156274664561958
0.8157853196527229
0.8159431728492502
0.8161010260457774
0.8162588792423046
0.8164167324388318
0.816574585635359
0.8167324388318863
0.8168902920284135
0.8170481452249407
0.8172059984214679
0.8173638516179952
0.8175217048145224
0.8176795580110497
0.8178374112075769
0.8179952644041042
0.8181531176006314
0.8183109707971586
0.8184688239936858
0.8186266771902131
0.8187845303867403
0.8224151539068665
0.8225730071033939
0.822730860299921
0.8228887134964483
0.8230465666929755
0.8232044198895028
0.8233622730860299
0.8235201262825572
0.8236779794790844
0.8238358326756117
0.8239936858721388
0.8241515390686661
0.8243093922651933
0.8244672454617206
0.8246250986582477
0.8247829518547749
0.8252565114443567
0.825414364640884
0.8255722178374112
0.8257300710339385
0.8258879242304656
0.8260457774269928
0.8262036306235201
0.8263614838200473
0.8265193370165745
0.8266771902131017
0.826835043409629
0.8269928966061562
0.8271507498026834
0.8273086029992106
0.8274664561957379
0.8276243093922652
0.8277821625887924
0.8279400157853196
0.8280978689818469
0.8282557221783741
0.8284135753749013
0.8285714285714285
0.8325177584846092
0.8326756116811366
0.8372533543804261
0.8374112075769533
0.8375690607734807
0.8377269139700079
0.8378847671665351
0.8380426203630623
0.8382004735595896
0.8383583267561168
0.838516179952644
0.8386740331491712
0.8388318863456985
0.8389897395422257
0.8391475927387528
0.8393054459352801
0.8394632991318073
0.8396211523283346
0.8397790055248617
0.839936858721389
0.8400947119179164
0.8402525651144436
0.8404104183109707
0.840568271507498
0.8407261247040252
0.8408839779005525
0.8410418310970796
0.8411996842936069
0.8416732438831885
0.8418310970797158
0.841988950276243
0.8421468034727703
0.8423046566692974
0.8424625098658247
0.842620363062352
0.8427782162588793
0.8429360694554064
0.8430939226519337
0.8432517758484609
0.8434096290449882
0.8435674822415153
0.8437253354380426
0.8438831886345698
0.844041041831097
0.8441988950276242
0.8443567482241514
0.8445146014206787
0.8446724546172059
0.8448303078137331
0.8449881610102603
0.8451460142067877
0.8453038674033149
0.8454617205998421
0.8456195737963693
0.8457774269928966
0.8459352801894238
0.846093133385951
0.8462509865824782
0.8464088397790055
0.8465666929755327
0.8467245461720599
0.8468823993685871
0.8470402525651144
0.8471981057616416
0.8473559589581688
0.847513812154696
0.8476716653512234
0.8478295185477506
0.8479873717442779
0.848145224940805
0.8483030781373323
0.8484609313338595
0.8486187845303867
0.8487766377269139
0.8489344909234411
0.8490923441199684
0.8492501973164955
0.8494080505130228
0.84956590370955
0.8497237569060773
0.8498816101026044
0.8500394632991318
0.850197316495659
0.8503551696921863
0.8573007103393843
0.8574585635359114
0.8576164167324388
0.8577742699289661
0.8579321231254933
0.8580899763220206
0.8601420678768745
0.8602999210734017
0.860457774269929
0.8606156274664561
0.8607734806629834
0.8609313338595106
0.8610891870560379
0.861247040252565
0.8614048934490923
0.8626677190213102
0.8628255722178374
0.8629834254143647
0.8631412786108918
0.8632991318074191
0.8634569850039463
0.8636148382004735
0.8637726913970007
0.8639305445935279
0.8640883977900552
0.8642462509865824
0.8644041041831096
0.8645619573796368
0.8647198105761641
0.8648776637726913
0.8650355169692187
0.8651933701657458
0.8653512233622731
0.8655090765588003
0.8656669297553276
0.8658247829518547
0.865982636148382
0.8661404893449092
0.8662983425414365
0.8664561957379636
0.8666140489344909
0.8667719021310181
0.8669297553275452
0.8670876085240725
0.8672454617205997
0.867403314917127
0.8675611681136544
0.8677190213101815
0.8678768745067088
0.868034727703236
0.8681925808997631
0.8683504340962904
0.8760852407261247
0.8762430939226519
0.8764009471191792
0.8765588003157063
0.8767166535122335
0.8877663772691397
0.8879242304656669
0.8880820836621941
0.8882399368587214
0.8883977900552485
0.8885556432517758
0.888713496448303
0.8888713496448303
0.8890292028413574
0.8891870560378847
0.8893449092344119
0.051144435674822415
0.05130228887134965
0.05146014206787687
0.0516179952644041
0.051775848460931334
0.05224940805051302
0.05240726124704025
0.05272296764009471
0.05288082083662194
0.05351223362273086
0.053670086819258084
0.053827940015785315
0.06314127861089187
0.6061562746645619
0.6067876874506708
0.6069455406471981
0.6071033938437252
0.6072612470402525
0.6074191002367798
0.607576953433307
0.6077348066298343
0.6078926598263614
0.6080505130228887
0.6082083662194159
0.6083662194159432
0.6085240726124704
0.6086819258089976
0.6088397790055249
0.608997632202052
0.6113654301499605
0.6115232833464878
0.6116811365430149
0.6118389897395422
0.6119968429360694
0.6121546961325967
0.6123125493291239
0.6124704025256511
0.6126282557221784
0.6127861089187056
0.6129439621152328
0.61310181531176
0.6304656669297553
0.6339384372533543
0.6427782162588792
0.6429360694554064
0.6430939226519337
0.6443567482241515
0.6445146014206787
0.6446724546172059
0.6602999210734017
0.6726124704025256
0.6729281767955801
0.6898184688239936
0.6899763220205208
0.690134175217048
0.6902920284135754
0.6904498816101027
0.6906077348066298
0.690765588003157
0.6909234411996843
0.6910812943962115
0.6912391475927387
0.6913970007892659
0.7007103393843725
0.7008681925808997
0.701026045777427
0.7046566692975532
0.7048145224940804
0.7049723756906077
0.7051302288871348
0.7052880820836622
0.7054459352801894
0.7056037884767167
0.7057616416732438
0.7059194948697711
0.7060773480662983
0.7078137332280979
0.7079715864246251
0.7081294396211524
0.7104972375690608
0.710655090765588
0.7108129439621153
0.7297553275453827
0.7299131807419099
0.7300710339384372
0.7302288871349645
0.7303867403314918
0.7359116022099448
0.736069455406472
0.7362273086029992
0.7363851617995264
0.7832675611681137
0.8236779794790844
0.8238358326756117
0.8263614838200473
0.8265193370165745
0.8266771902131017
0.826835043409629
0.8299921073401735
0.8301499605367009
0.8303078137332282
0.8304656669297553
0.8306235201262826
0.8307813733228098
0.8309392265193369
0.8310970797158642
0.8312549329123914
0.8314127861089187
0.8315706393054458
0.8317284925019731
0.8318863456985003
0.8328334648776637
0.832991318074191
0.8331491712707182
0.8333070244672455
0.8334648776637726
0.8336227308602999
0.8337805840568271
0.8339384372533544
0.8340962904498815
0.8393054459352801
0.8394632991318073
0.8396211523283346
0.8397790055248617
0.839936858721389
0.8400947119179164
0.8402525651144436
0.8404104183109707
0.840568271507498
0.8407261247040252
0.8408839779005525
0.8410418310970796
0.8411996842936069
0.8413575374901341
0.8415153906866614
0.8416732438831885
0.8418310970797158
0.841988950276243
0.8421468034727703
0.8443567482241514
0.8445146014206787
0.8446724546172059
0.8448303078137331
0.8449881610102603
0.8451460142067877
0.8453038674033149
0.8454617205998421
0.8456195737963693
0.8457774269928966
0.8459352801894238
0.846093133385951
0.8498816101026044
0.8500394632991318
0.850197316495659
0.8503551696921863
0.8505130228887134
0.8506708760852407
0.8508287292817679
0.8509865824782952
0.8511444356748223
0.8513022888713496
0.8514601420678768
0.8516179952644041
0.8517758484609312
0.8519337016574585
0.8520915548539857
0.852249408050513
0.8524072612470401
0.8525651144435675
0.8527229676400947
0.852880820836622
0.8530386740331491
0.8531965272296764
0.8533543804262036
0.8535122336227309
0.853670086819258
0.8538279400157852
0.8539857932123125
0.8541436464088397
0.8543014996053669
0.8544593528018941
0.8546172059984214
0.8547750591949486
0.8549329123914758
0.8550907655880031
0.8552486187845304
0.8554064719810576
0.8555643251775849
0.855722178374112
0.8558800315706393
0.8560378847671665
0.8561957379636937
0.8563535911602209
0.8565114443567482
0.8566692975532754
0.8568271507498026
0.8569850039463298
0.8571428571428571
0.8573007103393843
0.8574585635359114
0.8576164167324388
0.8577742699289661
0.8579321231254933
0.8580899763220206
0.8582478295185477
0.8642462509865824
0.8644041041831096
0.8645619573796368
0.8647198105761641
0.8648776637726913
0.8650355169692187
0.8651933701657458
0.8653512233622731
0.8655090765588003
0.8656669297553276
0.8672454617205997
0.8677190213101815
0.8678768745067088
0.868034727703236
0.8681925808997631
0.8683504340962904
0.8685082872928176
0.8686661404893449
0.868823993685872
0.8689818468823993
0.8692975532754538
0.8694554064719809
0.8696132596685082
0.8697711128650354
0.8699289660615627
0.87008681925809
0.8727703235990529
0.8729281767955801
0.8730860299921073
0.8732438831886346
0.8734017363851617
0.873559589581689
0.8737174427782162
0.8738752959747434
0.8740331491712706
0.8741910023677979
0.8743488555643251
0.8745067087608523
0.8746645619573795
0.8748224151539068
0.874980268350434
0.8751381215469614
0.8752959747434885
0.8754538279400158
0.8760852407261247
0.8762430939226519
0.8764009471191792
0.8765588003157063
0.8767166535122335
0.8768745067087608
0.8770323599052879
0.8771902131018152
0.8773480662983424
0.8775059194948698
0.8779794790844514
0.8781373322809787
0.8782951854775058
0.8784530386740331
0.8786108918705603
0.8787687450670876
0.8789265982636147
0.879084451460142
0.8792423046566692
0.8800315706393055
0.8801894238358327
0.8803472770323599
0.8805051302288871
0.8806629834254144
0.8808208366219415
0.8809786898184688
0.881136543014996
0.8812943962115233
0.8814522494080504
0.8816101026045776
0.8817679558011049
0.8819258089976321
0.8820836621941593
0.8822415153906865
0.8823993685872138
0.8825572217837412
0.8827150749802684
0.8865035516969217
0.886661404893449
0.8868192580899762
0.8869771112865035
0.8871349644830306
0.8872928176795579
0.8874506708760851
0.8876085240726125
0.8877663772691397
0.8879242304656669
0.8880820836621941
0.8882399368587214
0.8883977900552485
0.8885556432517758
0.888713496448303
0.8888713496448303
0.8890292028413574
0.8891870560378847
0.8893449092344119
0.8895027624309392
0.8896606156274663
0.8898184688239935
0.8899763220205209
0.8901341752170482
0.8902920284135754
0.8904498816101026
0.8906077348066298
0.8907655880031571
0.8909234411996843
0.8910812943962115
0.8912391475927387
0.8913970007892659
0.8915548539857931
0.8923441199684292
0.8925019731649566
0.8926598263614838
0.8928176795580111
0.8929755327545382
0.8931333859510655
0.8932912391475927
0.89344909234412
0.8936069455406471
0.8937647987371744
0.8939226519337016
0.8940805051302289
0.894238358326756
0.8943962115232833
0.8945540647198105
0.8947119179163376
0.8948697711128649
0.8950276243093923
0.8951854775059195
0.8953433307024468
0.8955011838989739
0.8956590370955012
0.8958168902920284
0.8959747434885555
0.8961325966850828
0.89629044988161
0.8964483030781373
0.8966061562746644
0.8967640094711917
0.8969218626677189
0.8970797158642462
0.8972375690607733
0.8973954222573006
0.8975532754538279
0.8977111286503552
0.8978689818468824
0.8980268350434096
0.8981846882399368
0.8983425414364641
0.8985003946329913
0.8986582478295185
0.8988161010260457
0.898973954222573
0.8991318074191001
0.8992896606156274
0.8994475138121546
0.8996053670086818
0.899763220205209
0.8999210734017362
0.9000789265982636
0.9002367797947909
0.9003946329913181
0.9005524861878453
0.9007103393843725
0.9008681925808997
0.901026045777427
0.9011838989739541
0.9013417521704814
0.9014996053670086
0.9016574585635359
0.901815311760063
0.9019731649565903
0.9021310181531175
0.9038674033149171
0.9040252565114443
0.9041831097079716
0.9043409629044987
0.9044988161010259
0.9046566692975532
0.9057616416732438
0.9059194948697711
0.9060773480662982
0.9062352012628255
0.9063930544593527
0.9076558800315706
0.9078137332280979
0.907971586424625
0.9081294396211523
0.9082872928176795
0.9084451460142068
0.908602999210734
0.9087608524072612
0.9089187056037884
0.9090765588003157
0.9092344119968429
0.90939226519337
0.9095501183898973
0.9097079715864245
0.9098658247829517
0.9100236779794791
0.9101815311760063
0.9116022099447513
0.9117600631412786
0.9119179163378057
0.9133385951065509
0.9134964483030781
0.9136543014996054
0.9138121546961325
0.9139700078926598
0.914127861089187
0.9142857142857141
0.9144435674822414
0.9146014206787686
0.9147592738752959
0.914917127071823
0.9150749802683504
0.9152328334648777
0.9153906866614049
0.915548539857932
0.9157063930544593
0.9158642462509865
0.9160220994475138
0.916179952644041
0.9163378058405682
0.9179163378058406
0.9180741910023678
0.918232044198895
0.9183898973954222
0.9185477505919495
0.9187056037884767
0.9188634569850039
0.9190213101815311
0.9191791633780583
0.9193370165745856
0.9194948697711127
0.91965272296764
0.9198105761641672
0.9199684293606946
0.9201262825572218
0.9215469613259668
0.921704814522494
0.9218626677190213
0.9220205209155484
0.9221783741120757
0.9223362273086029
0.9224940805051303
0.9226519337016574
0.9228097868981847
0.9229676400947119
0.9231254932912392
0.9232833464877663
0.9234411996842936
0.9235990528808208
0.923756906077348
0.9239147592738752
0.9240726124704024
0.9242304656669297
0.9243883188634568
0.9245461720599841
0.9247040252565113
0.9248618784530386
0.925019731649566
0.9251775848460931
0.9275453827940016
0.9277032359905288
0.927861089187056
0.9280189423835833
0.9281767955801105
0.9283346487766377
0.9284925019731649
0.9286503551696921
0.9288082083662194
0.9289660615627465
0.9291239147592738
0.929281767955801
0.9294396211523283
0.9295974743488554
0.9297553275453827
0.92991318074191
0.9300710339384373
0.9305445935280189
0.9307024467245462
0.9308602999210733
0.9310181531176006
0.9311760063141278
0.9313338595106551
0.9314917127071822
0.9316495659037095
0.9318074191002367
0.931965272296764
0.9327545382794001
0.9329123914759274
0.9330702446724546
0.9332280978689819
0.933385951065509
0.9335438042620362
0.9337016574585635
0.9338595106550907
0.9340173638516179
0.9341752170481451
0.9343330702446724
0.9344909234411996
0.9346487766377268
0.934806629834254
0.9349644830307814
0.9351223362273086
0.9352801894238358
0.935438042620363
0.9355958958168903
0.9357537490134175
0.9359116022099447
0.9360694554064719
0.9362273086029992
0.9363851617995264
0.9365430149960536
0.9450670876085241
0.9452249408050513
0.9453827940015785
0.9455406471981057
0.945698500394633
0.9458563535911602
0.9460142067876874
0.9461720599842146
0.9463299131807419
0.9464877663772691
0.9466456195737963
0.9468034727703235
0.9469613259668507
0.947119179163378
0.9472770323599051
0.9474348855564325
0.9475927387529598
0.947750591949487
0.9551696921862668
0.955327545382794
0.9554853985793212
0.9556432517758484
0.9558011049723757
0.9559589581689029
0.9561168113654301
0.9562746645619573
0.9564325177584845
0.9565903709550118
0.9567482241515389
0.9569060773480662
0.9570639305445934
0.9572217837411207
0.957379636937648
0.9575374901341752
0.9576953433307024
0.9578531965272297
0.9580110497237568
0.9581689029202841
0.9583267561168113
0.9584846093133386
0.9586424625098657
0.958800315706393
0.9589581689029202
0.051775848460931334
0.05193370165745856
0.05209155485398579
0.05240726124704025
0.05824782951854775
0.05840568271507497
0.0585635359116022
0.058721389108129435
0.05887924230465666
0.05903709550118389
0.05919494869771112
0.059352801894238354
0.05951065509076558
0.05982636148382004
0.05998421468034727
0.0601420678768745
0.06298342541436464
0.06314127861089187
0.07513812154696133
0.07529597474348855
0.07545382794001579
0.07561168113654301
0.07576953433307024
0.07592738752959748
0.08476716653512234
0.08492501973164956
0.0850828729281768
0.08524072612470401
0.09250197316495658
0.09265982636148382
0.09281767955801104
0.09297553275453828
0.09313338595106549
0.09329123914759273
0.0958168902920284
0.09597474348855564
0.09613259668508287
0.0962904498816101
0.09644830307813733
0.09660615627466457
0.28918705603788475
0.289344909234412
0.2895027624309392
0.2896606156274664
0.2906077348066298
0.29076558800315705
0.2909234411996843
0.2910812943962115
0.2912391475927387
0.29139700078926595
0.29155485398579317
0.29613259668508285
0.2962904498816101
0.2967640094711918
0.296921862667719
0.29707971586424625
0.2972375690607735
0.2973954222573007
0.2975532754538279
0.29771112865035515
0.2978689818468824
0.29802683504340965
0.2981846882399368
0.3007103393843725
0.30086819258089975
0.3021310181531176
0.30228887134964477
0.30244672454617205
0.3026045777426993
0.3027624309392265
0.3029202841357537
0.3033938437253354
0.3035516969218626
0.3037095501183899
0.30386740331491713
0.30402525651144435
0.3041831097079716
0.3043409629044988
0.30465666929755325
0.3048145224940805
0.30497237569060776
0.30844514601420675
0.31239147592738753
0.31254932912391475
0.32786108918705603
0.32801894238358326
0.6085240726124704
0.6086819258089976
0.6088397790055249
0.608997632202052
0.6091554853985793
0.609629044988161
0.6097868981846882
0.6099447513812155
0.6101026045777427
0.6102604577742698
0.6104183109707971
0.6105761641673243
0.6107340173638516
0.6108918705603787
0.611049723756906
0.6121546961325967
0.6123125493291239
0.6124704025256511
0.6126282557221784
0.6127861089187056
0.6129439621152328
0.6393054459352802
0.6394632991318073
0.6396211523283346
0.6500394632991318
0.6501973164956589
0.6607734806629835
0.6609313338595106
0.6610891870560379
0.6612470402525651
0.6614048934490923
0.6615627466456195
0.6617205998421467
0.661878453038674
0.6620363062352012
0.6621941594317284
0.6623520126282556
0.6625098658247829
0.66266771902131
0.6628255722178374
0.6629834254143646
0.6631412786108919
0.6634569850039463
0.6636148382004735
0.8696132596685082
0.8697711128650354
0.8699289660615627
0.87008681925809
0.8702446724546172
0.8704025256511444
0.8705603788476717
0.8707182320441988
0.8708760852407261
0.8710339384372533
0.8711917916337806
0.8713496448303077
0.871507498026835
0.8716653512233622
0.8718232044198894
0.8719810576164166
0.8721389108129438
0.8722967640094711
0.8724546172059983
0.8726124704025257
0.8727703235990529
0.8729281767955801
0.8730860299921073
0.8732438831886346
0.8734017363851617
0.873559589581689
0.8737174427782162
0.8741910023677979
0.8743488555643251
0.8745067087608523
0.875611681136543
0.8757695343330703
0.8759273875295974
0.8760852407261247
0.8762430939226519
0.8764009471191792
0.8765588003157063
0.8767166535122335
0.8768745067087608
0.8770323599052879
0.8771902131018152
0.8773480662983424
0.8775059194948698
0.8776637726913971
0.8778216258879242
0.8779794790844514
0.8781373322809787
0.8986582478295185
0.8988161010260457
0.898973954222573
0.8991318074191001
0.8992896606156274
0.8994475138121546
0.8996053670086818
0.899763220205209
0.9011838989739541
0.9013417521704814
0.9014996053670086
0.9016574585635359
0.901815311760063
0.9019731649565903
0.9021310181531175
0.9022888713496447
0.9029202841357538
0.9030781373322809
0.9032359905288082
0.9033938437253354
0.9067087608524071
0.9068666140489344
0.9070244672454616
0.9071823204419889
0.907340173638516
0.9074980268350434
0.9076558800315706
0.9078137332280979
0.907971586424625
0.9081294396211523
0.9082872928176795
0.9084451460142068
0.908602999210734
0.9087608524072612
0.9089187056037884
0.9090765588003157
0.9092344119968429
0.90939226519337
0.9095501183898973
0.9097079715864245
0.9098658247829517
0.9100236779794791
0.9101815311760063
0.9103393843725336
0.9104972375690608
0.9106550907655879
0.9108129439621152
0.9109707971586424
0.9111286503551697
0.9112865035516968
0.9114443567482241
0.9116022099447513
0.9117600631412786
0.9119179163378057
0.912075769534333
0.9122336227308602
0.9123914759273875
0.9125493291239147
0.912707182320442
0.9128650355169692
0.9130228887134965
0.9131807419100236
0.9133385951065509
0.9147592738752959
0.914917127071823
0.9150749802683504
0.9152328334648777
0.9153906866614049
0.915548539857932
0.9157063930544593
0.9158642462509865
0.9160220994475138
0.916179952644041
0.9163378058405682
0.9164956590370954
0.9188634569850039
0.9190213101815311
0.9191791633780583
0.9193370165745856
0.9194948697711127
0.91965272296764
0.9198105761641672
0.9199684293606946
0.9201262825572218
0.920284135753749
0.9204419889502762
0.9205998421468035
0.9207576953433306
0.9209155485398579
0.9210734017363851
0.9212312549329124
0.9213891081294395
0.9215469613259668
0.921704814522494
0.9256511444356748
0.925808997632202
0.9259668508287292
0.9261247040252565
0.9262825572217837
0.9264404104183109
0.9265982636148381
0.9267561168113654
0.9269139700078926
0.9270718232044198
0.927229676400947
0.9273875295974742
0.9275453827940016
0.9277032359905288
0.927861089187056
0.9280189423835833
0.9281767955801105
0.9283346487766377
0.9284925019731649
0.9286503551696921
0.9288082083662194
0.9289660615627465
0.9291239147592738
0.929281767955801
0.9294396211523283
0.9295974743488554
0.9297553275453827
0.92991318074191
0.9300710339384373
0.9302288871349644
0.9303867403314917
0.9357537490134175
0.9359116022099447
0.9360694554064719
0.9362273086029992
0.9439621152328334
0.9441199684293606
0.9442778216258878
0.9444356748224151
0.9445935280189423
0.9447513812154695
0.9449092344119968
0.9450670876085241
0.9496448303078137
0.9498026835043408
0.9499605367008682
0.9501183898973954
0.9502762430939227
0.9504340962904498
0.9505919494869771
0.05224940805051302
0.053670086819258084
0.053827940015785315
0.05398579321231255
0.05414364640883978
0.0601420678768745
0.06029992107340173
0.06424625098658247
0.06440410418310971
0.07624309392265194
0.07640094711917916
0.07655880031570639
0.07671665351223363
0.07687450670876085
0.07703235990528808
0.07719021310181531
0.07734806629834254
0.07750591949486976
0.077663772691397
0.07782162588792423
0.07797947908445146
0.07908445146014206
0.07924230465666929
0.07940015785319653
0.08050513022888713
0.08066298342541436
0.08082083662194159
0.08097868981846883
0.08129439621152329
0.08145224940805051
0.08161010260457775
0.08208366219415943
0.08539857932123125
0.08555643251775848
0.08571428571428572
0.08681925808997631
0.08697711128650355
0.09297553275453828
0.09313338595106549
0.09329123914759273
0.09455406471981057
0.0947119179163378
0.09486977111286503
0.09502762430939227
0.09518547750591949
0.09534333070244673
0.09550118389897395
0.09597474348855564
0.09613259668508287
0.09723756906077348
0.098973954222573
0.2879242304656669
0.2925019731649566
0.29360694554064715
0.2937647987371744
0.29392265193370165
0.2940805051302289
0.2943962115232833
0.2966061562746645
0.2967640094711918
0.296921862667719
0.29707971586424625
0.2972375690607735
0.2973954222573007
0.2975532754538279
0.2978689818468824
0.30007892659826363
0.3002367797947908
0.30086819258089975
0.301026045777427
0.3011838989739542
0.3013417521704814
0.30149960536700865
0.3016574585635359
0.30181531176006315
0.3019731649565904
0.3021310181531176
0.30228887134964477
0.30244672454617205
0.3026045777426993
0.3027624309392265
0.3029202841357537
0.30307813733228095
0.3032359905288082
0.3033938437253354
0.3035516969218626
0.3037095501183899
0.30386740331491713
0.30402525651144435
0.3048145224940805
0.30497237569060776
0.3051302288871349
0.30528808208366215
0.3054459352801894
0.30560378847671665
0.3057616416732439
0.3059194948697711
0.3060773480662983
0.30623520126282555
0.3063930544593528
0.3104972375690608
0.310655090765588
0.31081294396211523
0.31097079715864245
0.3111286503551697
0.3112865035516969
0.3114443567482241
0.31160220994475135
0.32486187845303865
0.3250197316495659
0.32517758484609316
0.3253354380426204
0.3254932912391476
0.32565114443567483
0.32580899763220206
0.3259668508287292
0.32612470402525645
0.3262825572217837
0.326440410418311
0.3265982636148382
0.3267561168113654
0.6393054459352802
0.6394632991318073
0.6396211523283346
0.6397790055248619
0.6587213891081294
0.6588792423046567
0.6590370955011838
0.6591949486977111
0.6593528018942383
0.6595106550907656
0.6596685082872927
0.65982636148382
0.6599842146803472
0.6601420678768743
0.6602999210734017
0.660457774269929
0.6606156274664562
0.6607734806629835
0.6609313338595106
0.6610891870560379
0.6612470402525651
0.6614048934490923
0.6615627466456195
0.6617205998421467
0.661878453038674
0.6620363062352012
0.6621941594317284
0.6623520126282556
0.6625098658247829
0.66266771902131
0.6628255722178374
0.6752959747434886
0.6754538279400158
0.87008681925809
0.8702446724546172
0.8704025256511444
0.8705603788476717
0.8707182320441988
0.8708760852407261
0.8710339384372533
0.8711917916337806
0.8713496448303077
0.871507498026835
0.8716653512233622
0.8718232044198894
0.8719810576164166
0.8721389108129438
0.8722967640094711
0.8724546172059983
0.8726124704025257
0.8727703235990529
0.8729281767955801
0.8730860299921073
0.8732438831886346
0.8734017363851617
0.873559589581689
0.8737174427782162
0.8738752959747434
0.8740331491712706
0.8741910023677979
0.8757695343330703
0.8759273875295974
0.8760852407261247
0.8762430939226519
0.8765588003157063
0.8767166535122335
0.8768745067087608
0.8770323599052879
0.8771902131018152
0.8773480662983424
0.8775059194948698
0.8776637726913971
0.8778216258879242
0.8782951854775058
0.8784530386740331
0.8786108918705603
0.8787687450670876
0.8789265982636147
0.8992896606156274
0.8994475138121546
0.91965272296764
0.9198105761641672
0.9199684293606946
0.9201262825572218
0.920284135753749
0.9204419889502762
0.9205998421468035
0.9207576953433306
0.9209155485398579
0.9284925019731649
0.9286503551696921
0.03172849250197316
0.06314127861089187
0.0632991318074191
0.06361483820047356
0.06377269139700079
0.06393054459352802
0.06408839779005525
0.06424625098658247
0.06440410418310971
0.06456195737963694
0.06471981057616416
0.0803472770323599
0.08050513022888713
0.08082083662194159
0.08097868981846883
0.08113654301499605
0.08129439621152329
0.08145224940805051
0.08161010260457775
0.09360694554064719
0.09376479873717442
0.09392265193370165
0.09408050513022888
0.09913180741910024
0.09928966061562745
0.09976322020520915
0.10007892659826362
0.10213101815311759
0.29865824782951855
0.2988161010260458
0.298973954222573
0.2991318074191002
0.29928966061562745
0.2994475138121547
0.652880820836622
0.6530386740331492
0.6531965272296764
0.6533543804262036
0.6535122336227308
0.6536700868192581
0.6538279400157853
0.6539857932123125
0.6541436464088397
0.654301499605367
0.6544593528018942
0.6546172059984214
0.6547750591949486
0.6549329123914759
0.655090765588003
0.6552486187845302
0.6554064719810576
0.6555643251775849
0.6557221783741121
0.6558800315706393
0.6560378847671665
0.6561957379636938
0.656353591160221
0.6565114443567482
0.6566692975532754
0.6568271507498026
0.6569850039463299
0.657142857142857
0.6573007103393843
0.6574585635359115
0.6576164167324388
0.6577742699289659
0.6579321231254933
0.6580899763220205
0.6582478295185478
0.6584056827150749
0.6585635359116022
0.6587213891081294
0.6588792423046567
0.6591949486977111
0.6593528018942383
0.6595106550907656
0.8748224151539068
0.874980268350434
0.8751381215469614
0.8752959747434885
0.05335438042620363
0.05351223362273086
0.053670086819258084
0.053827940015785315
0.05398579321231255
0.05414364640883978
0.054301499605367
0.054459352801894234
0.06314127861089187
0.0632991318074191
0.06345698500394632
0.06361483820047356
0.06377269139700079
0.06393054459352802
0.06456195737963694
0.2988161010260458
0.298973954222573
0.29928966061562745
0.6222573007103394
0.6224151539068666
0.6225730071033938
0.6227308602999211
0.6228887134964483
0.6230465666929755
0.6232044198895027
0.6233622730860299
0.6235201262825573
0.6531965272296764
0.6533543804262036
0.6535122336227308
0.6536700868192581
0.6538279400157853
0.6539857932123125
0.6541436464088397
0.654301499605367
0.6544593528018942
0.6546172059984214
0.6547750591949486
0.6549329123914759
0.655090765588003
0.6552486187845302
0.6554064719810576
0.6555643251775849
0.6557221783741121
0.6558800315706393
0.6560378847671665
0.6561957379636938
0.6573007103393843
0.6574585635359115
0.6576164167324388
0.6577742699289659
0.6579321231254933
0.6580899763220205
0.6582478295185478
0.6584056827150749
0.6585635359116022
0.8740331491712706
0.8741910023677979
0.8743488555643251
0.8745067087608523
0.03693764798737174
0.037095501183898975
0.03725335438042621
0.04498816101026045
0.045303867403314914
0.04546172059984214
0.04561957379636937
0.054301499605367
0.054459352801894234
0.054617205998421466
0.0547750591949487
0.05493291239147592
0.05509076558800315
0.055248618784530384
0.05540647198105761
0.05556432517758484
0.05572217837411207
0.0558800315706393
0.06835043409629045
0.06850828729281767
0.0686661404893449
0.06882399368587214
0.06898184688239936
0.0691397000789266
0.06929755327545382
0.06977111286503551
0.06992896606156274
0.07008681925808997
0.0702446724546172
0.07040252565114442
0.07056037884767166
0.07071823204419889
0.07087608524072612
0.07103393843725335
0.07119179163378057
0.07134964483030781
0.07371744277821625
0.07387529597474347
0.07403314917127071
0.07419100236779795
0.07434885556432518
0.07529597474348855
0.07545382794001579
0.07561168113654301
0.07576953433307024
0.07592738752959748
0.07624309392265194
0.07640094711917916
0.07924230465666929
0.621310181531176
0.6214680347277032
0.6216258879242305
0.6217837411207576
0.6219415943172849
0.6508287292817679
0.6509865824782952
0.6511444356748224
0.6513022888713497
0.6514601420678768
0.6517758484609313
0.6519337016574585
0.6520915548539857
0.6522494080505129
0.6524072612470402
0.6525651144435674
0.652880820836622
0.6530386740331492
0.6531965272296764
0.6533543804262036
0.6535122336227308
0.6536700868192581
0.6538279400157853
0.6539857932123125
0.6541436464088397
0.654301499605367
0.6544593528018942
0.6546172059984214
0.6547750591949486
0.6549329123914759
0.655090765588003
0.6552486187845302
0.6554064719810576
0.6555643251775849
0.6557221783741121
0.6558800315706393
0.6560378847671665
0.6561957379636938
0.656353591160221
-0.025256511444356748
-0.03535911602209944
-0.035516969218626675
-0.035674822415153906
-0.03583267561168113
-0.03788476716653512
-0.03804262036306235
-0.03820047355958958
-0.03835832675611681
-0.03851617995264404
-0.03867403314917127
-0.0388318863456985
-0.03898973954222573
-0.03914759273875296
-0.03930544593528019
-0.03946329913180742
-0.039621152328334644
-0.039779005524861875
-0.040410418310970794
-0.043251775848460926
-0.04340962904498816
-0.04356748224151539
-0.04372533543804261
-0.043883188634569845
-0.04640883977900552
-0.04909234411996843
-0.04925019731649566
-0.049723756906077346
-0.05224940805051302
-0.05240726124704025
-0.05256511444356748
-0.05272296764009471
-0.05288082083662194
-0.05303867403314917
-0.053196527229676396
-0.05335438042620363
-0.05351223362273086
-0.053670086819258084
-0.053827940015785315
-0.05398579321231255
-0.05414364640883978
-0.054301499605367
-0.054459352801894234
-0.054617205998421466
-0.0547750591949487
-0.05493291239147592
-0.05509076558800315
-0.055248618784530384
-0.05540647198105761
-0.05556432517758484
-0.05572217837411207
-0.0558800315706393
-0.05603788476716653
-0.05619573796369376
-0.05635359116022099
-0.05651144435674822
-0.05666929755327545
-0.05682715074980268
-0.05698500394632991
-0.057142857142857134
-0.057300710339384366
-0.0574585635359116
-0.05761641673243883
-0.05777426992896605
-0.058721389108129435
-0.05887924230465666
-0.05903709550118389
-0.06140489344909234
-0.06156274664561957
-0.061720599842146805
-0.061878453038674036
-0.06203630623520126
-0.06219415943172849
-0.062352012628255724
-0.06250986582478295
-0.06266771902131019
-0.06282557221783741
-0.06298342541436464
-0.06314127861089187
-0.0632991318074191
-0.06345698500394632
-0.06361483820047356
-0.06377269139700079
-0.06393054459352802
-0.06408839779005525
-0.06424625098658247
-0.06440410418310971
-0.07371744277821625
-0.07387529597474347
-0.037095501183898975
-0.03725335438042621
-0.03741120757695343
-0.04846093133385951
-0.04861878453038674
-0.04877663772691397
-0.0489344909234412
-0.04909234411996843
-0.04925019731649566
-0.04940805051302289
-0.04956590370955012
-0.049723756906077346
-0.04988161010260458
-0.051775848460931334
-0.05193370165745856
-0.05209155485398579
-0.05224940805051302
-0.05240726124704025
-0.05256511444356748
-0.05272296764009471
-0.05288082083662194
-0.05303867403314917
-0.053196527229676396
-0.05335438042620363
-0.05351223362273086
-0.053670086819258084
-0.053827940015785315
-0.05398579321231255
-0.05414364640883978
-0.054301499605367
-0.054459352801894234
-0.054617205998421466
-0.0547750591949487
-0.05493291239147592
-0.05509076558800315
-0.055248618784530384
-0.05540647198105761
-0.05556432517758484
-0.05572217837411207
-0.05619573796369376
-0.05635359116022099
-0.05651144435674822
-0.05666929755327545
-0.05682715074980268
-0.05824782951854775
-0.05840568271507497
-0.0585635359116022
-0.060931333859510654
-0.061089187056037886
-0.06124704025256512
-0.06140489344909234
-0.06156274664561957
-0.061720599842146805
-0.06282557221783741
-0.06298342541436464
-0.06314127861089187
-0.0632991318074191
-0.06345698500394632
-0.06361483820047356
-0.06377269139700079
-0.06456195737963694
-0.06471981057616416
-0.0648776637726914
-0.06503551696921862
-0.06519337016574585
-0.06535122336227309
-0.06550907655880031
-0.06566692975532755
-0.06582478295185477
-0.065982636148382
-0.06661404893449092
-0.06677190213101815
-0.06692975532754537
-0.06708760852407261
-0.06724546172059984
-0.06740331491712707
-0.0675611681136543
-0.06771902131018152
-0.06787687450670876
-0.06803472770323599
-0.06819258089976321
-0.06835043409629045
-0.06850828729281767
-0.0686661404893449
-0.06882399368587214
-0.06898184688239936
-0.0691397000789266
-0.06929755327545382
-0.07434885556432518
-0.07450670876085241
-0.07466456195737964
-0.07482241515390686
-0.0749802683504341
-0.07513812154696133
-0.07529597474348855
-0.5862667719021311
-0.5864246250986582
-0.5865824782951854
-0.5867403314917127
-0.5868981846882398
-0.5870560378847671
-0.5872138910812943
-0.5873717442778216
-0.5875295974743489
-0.587687450670876
-0.5878453038674033
-0.5880031570639305
-0.6097868981846882
-0.6101026045777427
-0.6102604577742698
-0.6421468034727702
-0.6454617205998421
-0.6456195737963694
-0.6457774269928965
-0.6459352801894238
-0.6460931333859511
-0.6462509865824783
-0.6464088397790055
-0.6465666929755327
-0.64672454617206
-0.037095501183898975
-0.03725335438042621
-0.03741120757695343
-0.03756906077348066
-0.04861878453038674
-0.051775848460931334
-0.05193370165745856
-0.05303867403314917
-0.053196527229676396
-0.05335438042620363
-0.05351223362273086
-0.053670086819258084
-0.053827940015785315
-0.05398579321231255
-0.05414364640883978
-0.054301499605367
-0.054459352801894234
-0.054617205998421466
-0.0547750591949487
-0.05493291239147592
-0.05509076558800315
-0.055248618784530384
-0.06677190213101815
-0.06692975532754537
-0.06708760852407261
-0.06724546172059984
-0.06740331491712707
-0.0675611681136543
-0.06803472770323599
-0.06819258089976321
-0.0686661404893449
-0.06882399368587214
-0.06898184688239936
-0.0691397000789266
-0.06929755327545382
-0.06945540647198105
-0.07324388318863456
-0.07340173638516179
-0.07434885556432518
-0.07450670876085241
-0.07466456195737964
-0.07482241515390686
-0.0749802683504341
-0.07513812154696133
-0.07529597474348855
-0.07545382794001579
-0.07561168113654301
-0.6056827150749802
-0.6074191002367798
-0.607576953433307
-0.6077348066298343
-0.6078926598263614
-0.6080505130228887
-0.6082083662194159
-0.6083662194159432
-0.6085240726124704
-0.6086819258089976
-0.6088397790055249
-0.608997632202052
-0.6091554853985793
-0.6093133385951065
-0.6094711917916337
-0.609629044988161
-0.6097868981846882
-0.6099447513812155
-0.6101026045777427
-0.6195737963693764
-0.6197316495659037
-0.6198895027624309
-0.6200473559589581
-0.6202052091554854
-0.6203630623520126
-0.6205209155485398
-0.620678768745067
-0.6208366219415943
-0.6209944751381216
-0.6211523283346487
-0.621310181531176
-0.6214680347277032
-0.6216258879242305
-0.6217837411207576
-0.6459352801894238
-0.05209155485398579
-0.05224940805051302
-0.05240726124704025
-0.05256511444356748
-0.05272296764009471
-0.05288082083662194
-0.05303867403314917
-0.053196527229676396
-0.05335438042620363
-0.05351223362273086
-0.053670086819258084
-0.053827940015785315
-0.05398579321231255
-0.11507498026835043
-0.11523283346487766
-0.1153906866614049
-0.1155485398579321
-0.29234411996842935
-0.2925019731649566
-0.2926598263614838
-0.5943172849250197
-0.594475138121547
-0.5946329913180741
-0.5947908445146014
-0.5949486977111287
-0.5951065509076559
-0.5952644041041831
-0.5954222573007103
-0.5955801104972375
-0.5957379636937647
-0.5958958168902919
-0.5960536700868193
-0.5962115232833465
-0.5963693764798736
-0.5965272296764009
-0.5966850828729281
-0.5968429360694554
-0.5970007892659825
-0.5971586424625098
-0.5973164956590371
-0.5974743488555643
-0.5976322020520916
-0.5977900552486187
-0.597947908445146
-0.5981057616416732
-0.5982636148382005
-0.5984214680347276
-0.5985793212312549
-0.5987371744277822
-0.5988950276243094
-0.5990528808208366
-0.5992107340173638
-0.5993685872138911
-0.6077348066298343
-0.6078926598263614
-0.6080505130228887
-0.6082083662194159
-0.6083662194159432
-0.6168902920284135
-0.6170481452249408
-0.617205998421468
-0.6173638516179952
-0.6175217048145225
-0.6176795580110497
-0.617837411207577
-0.6179952644041041
-0.6181531176006314
-0.6183109707971586
-0.6184688239936857
-0.6186266771902131
-0.6187845303867403
-0.6189423835832676
-0.6191002367797948
-0.6192580899763219
-0.6194159431728492
-0.6195737963693764
-0.6197316495659037
-0.6198895027624309
-0.6200473559589581
-0.6202052091554854
-0.6203630623520126
-0.6205209155485398
-0.620678768745067
-0.6208366219415943
-0.6209944751381216
-0.6211523283346487
-0.621310181531176
-0.6214680347277032
-0.6216258879242305
-0.6217837411207576
-0.6219415943172849
-0.6220994475138121
-0.6222573007103394
-0.6224151539068666
-0.6225730071033938
-0.6227308602999211
-0.6228887134964483
-0.04135753749013417
-0.0415153906866614
-0.041831097079715863
-0.04214680347277032
-0.04230465666929755
-0.04246250986582478
-0.044041041831097076
-0.04419889502762431
-0.04435674822415153
-0.044514601420678764
-0.044672454617205995
-0.053827940015785315
-0.11302288871349644
-0.11318074191002368
-0.29392265193370165
-0.2940805051302289
-0.3068666140489345
-0.30781373322809785
-0.3079715864246251
-0.3081294396211523
-0.3082872928176795
-0.30844514601420675
-0.308602999210734
-0.30876085240726125
-0.3171270718232044
-0.33433307024467246
-0.5941594317284925
-0.594475138121547
-0.5946329913180741
-0.5947908445146014
-0.5949486977111287
-0.5971586424625098
-0.5990528808208366
-0.5992107340173638
-0.5993685872138911
-0.6012628255722178
-0.61310181531176
-0.6132596685082873
-0.6134175217048145
-0.6135753749013417
-0.613733228097869
-0.6138910812943962
-0.6145224940805051
-0.6146803472770322
-0.6148382004735596
-0.6149960536700868
-0.615153906866614
-0.6153117600631413
-0.6154696132596684
-0.6156274664561957
-0.6157853196527229
-0.6161010260457774
-0.6162588792423046
-0.616574585635359
-0.6167324388318863
-0.6168902920284135
-0.6170481452249408
-0.617205998421468
-0.6216258879242305
-0.6217837411207576
-0.6219415943172849
-0.6262036306235201
-0.6263614838200473
-0.6265193370165746
-0.6266771902131018
-0.626835043409629
-0.6269928966061562
-0.6271507498026835
-0.6273086029992108
-0.6274664561957379
-0.6276243093922652
-0.6277821625887924
-0.6279400157853197
-0.6280978689818468
-0.6524072612470402
-0.6525651144435674
-0.6527229676400946
-0.652880820836622
-0.6530386740331492
-0.6531965272296764
-0.6533543804262036
-0.6535122336227308
-0.6536700868192581
-0.6538279400157853
-0.6929755327545383
-0.6931333859510656
-0.6932912391475927
-0.69344909234412
-0.6936069455406472
-0.6937647987371744
-0.6939226519337016
-0.6940805051302288
-0.6942383583267561
-0.6943962115232832
-0.6945540647198105
-0.6947119179163377
-0.694869771112865
-0.6950276243093921
-0.6951854775059194
-0.6953433307024467
-0.695501183898974
-0.6956590370955011
-0.6959747434885556
-0.6961325966850829
-0.69629044988161
-0.6964483030781373
-0.6966061562746645
-0.6967640094711918
-0.6969218626677189
-0.035516969218626675
-0.04340962904498816
-0.04356748224151539
-0.04372533543804261
-0.043883188634569845
-0.044041041831097076
-0.04419889502762431
-0.04435674822415153
-0.044514601420678764
-0.044672454617205995
-0.04483030781373322
-0.04498816101026045
-0.04514601420678768
-0.045303867403314914
-0.04688239936858721
-0.11160220994475138
-0.11744277821625887
-0.11760063141278611
-0.11775848460931332
-0.11791633780584056
-0.11807419100236778
-0.12107340173638516
-0.12123125493291237
-0.12138910812943961
-0.12154696132596685
-0.12170481452249407
-0.12186266771902131
-0.12202052091554853
-0.30939226519337015
-0.318232044198895
-0.31838989739542223
-0.31854775059194945
-0.31870560378847673
-0.320284135753749
-0.3204419889502762
-0.3205998421468035
-0.3207576953433307
-0.32091554853985793
-0.3210734017363851
-0.3212312549329124
-0.3213891081294396
-0.5984214680347276
-0.5985793212312549
-0.6018942383583267
-0.6427782162588792
-0.6429360694554064
-0.6430939226519337
-0.6432517758484608
-0.6434096290449881
-0.6435674822415154
-0.6437253354380426
-0.6438831886345698
-0.644041041831097
-0.014996053670086818
-0.015153906866614046
-0.021152328334648775
-0.021783741120757694
-0.021941594317284922
-0.022099447513812154
-0.023362273086029988
-0.03251775848460931
-0.03267561168113654
-0.032833464877663775
-0.032991318074191
-0.03314917127071823
-0.03330702446724546
-0.03346487766377269
-0.03362273086029992
-0.03378058405682715
-0.03393843725335438
-0.034096290449881606
-0.03425414364640884
-0.03441199684293607
-0.0345698500394633
-0.034727703235990524
-0.034885556432517756
-0.03504340962904499
-0.03520126282557221
-0.03535911602209944
-0.035516969218626675
-0.035674822415153906
-0.03583267561168113
-0.03599052880820836
-0.036148382004735594
-0.036306235201262825
-0.03646408839779005
-0.044514601420678764
-0.044672454617205995
-0.04514601420678768
-0.045303867403314914
-0.04546172059984214
-0.04561957379636937
-0.0457774269928966
-0.04593528018942383
-0.04609313338595106
-0.04625098658247829
-0.04640883977900552
-0.046566692975532745
-0.046724546172059976
-0.048303078137332284
-0.04846093133385951
-0.04861878453038674
-0.04877663772691397
-0.0489344909234412
-0.049723756906077346
-0.04988161010260458
-0.10497237569060772
-0.10513022888713495
-0.10544593528018942
-0.10686661404893448
-0.2994475138121547
-0.2999210734017364
-0.30007892659826363
-0.3002367797947908
-0.300394632991318
-0.3005524861878453
-0.3007103393843725
-0.30086819258089975
-0.301026045777427
-0.3011838989739542
-0.3013417521704814
-0.30149960536700865
-0.3016574585635359
-0.30181531176006315
-0.3019731649565904
-0.3021310181531176
-0.30228887134964477
-0.30244672454617205
-0.31838989739542223
-0.3210734017363851
-0.3212312549329124
-0.3213891081294396
-0.32154696132596683
-0.32170481452249405
-0.3218626677190213
-0.3220205209155485
-0.3221783741120757
-0.32233622730860295
-0.32265193370165746
-0.3228097868981847
-0.3229676400947119
-0.32312549329123913
-0.32328334648776635
-0.3234411996842936
-0.3235990528808208
-0.32423046566692976
-0.6438831886345698
-0.6448303078137332
-0.6449881610102605
-0.6451460142067876
-0.02257300710339384
-0.02304656669297553
-0.02320441988950276
-0.023362273086029988
-0.02352012628255722
-0.02367797947908445
-0.023835832675611682
-0.024151539068666142
-0.0244672454617206
-0.02462509865824783
-0.02478295185477506
-0.02494080505130229
-0.025098658247829517
-0.025256511444356748
-0.025414364640883976
-0.025572217837411208
-0.025730071033938436
-0.025887924230465667
-0.026045777426992895
-0.02746645619573796
-0.027624309392265192
-0.02778216258879242
-0.02794001578531965
-0.030149960536700864
-0.030307813733228092
-0.031097079715864246
-0.031254932912391474
-0.032202052091554856
-0.03235990528808208
-0.03251775848460931
-0.032991318074191
-0.03314917127071823
-0.03330702446724546
-0.03346487766377269
-0.034885556432517756
-0.03504340962904499
-0.03520126282557221
-0.03535911602209944
-0.035516969218626675
-0.035674822415153906
-0.03583267561168113
-0.03599052880820836
-0.036148382004735594
-0.036306235201262825
-0.03646408839779005
-0.03662194159431728
-0.03677979479084451
-0.03693764798737174
-0.037095501183898975
-0.03725335438042621
-0.03741120757695343
-0.03756906077348066
-0.037726913970007894
-0.03788476716653512
-0.03804262036306235
-0.03820047355958958
-0.04814522494080505
-0.2991318074191002
-0.30007892659826363
-0.3029202841357537
-0.30307813733228095
-0.3032359905288082
-0.3033938437253354
-0.3035516969218626
-0.3037095501183899
-0.30386740331491713
-0.30402525651144435
-0.3041831097079716
-0.3043409629044988
-0.304498816101026
-0.30465666929755325
-0.3048145224940805
-0.30497237569060776
-0.3204419889502762
-0.3213891081294396
-0.32154696132596683
-0.32170481452249405
-0.3218626677190213
-0.3220205209155485
-0.3221783741120757
-0.32233622730860295
-0.32249408050513023
-0.32265193370165746
-0.3228097868981847
-0.3229676400947119
-0.32312549329123913
-0.3234411996842936
-0.3235990528808208
-0.0033149171270718232
-0.0034727703235990525
-0.00489344909234412
-0.005051302288871349
-0.005209155485398579
-0.005367008681925809
-0.0055248618784530384
-0.005682715074980267
-0.005840568271507497
-0.005998421468034728
-0.006156274664561957
-0.006314127861089187
-0.006787687450670875
-0.006945540647198105
-0.007103393843725335
-0.0072612470402525645
-0.015627466456195737
-0.01578531965272297
-0.015943172849250196
-0.016101026045777428
-0.016258879242304656
-0.016416732438831887
-0.016574585635359115
-0.016732438831886343
-0.017205998421468034
-0.017363851617995262
-0.017521704814522494
-0.01767955801104972
-0.017837411207576953
-0.01799526440410418
-0.018153117600631413
-0.01831097079715864
-0.01846882399368587
-0.01878453038674033
-0.01910023677979479
-0.01941594317284925
-0.02004735595895817
-0.020205209155485397
-0.02036306235201263
-0.020520915548539857
-0.020678768745067085
-0.020836621941594316
-0.020994475138121544
-0.021152328334648775
-0.021310181531176003
-0.021468034727703235
-0.021625887924230463
-0.021783741120757694
-0.021941594317284922
-0.022099447513812154
-0.02257300710339384
-0.02273086029992107
-0.0228887134964483
-0.02320441988950276
-0.023362273086029988
-0.02352012628255722
-0.02367797947908445
-0.023835832675611682
-0.02399368587213891
-0.024151539068666142
-0.02430939226519337
-0.02462509865824783
-0.02478295185477506
-0.02494080505130229
-0.025098658247829517
-0.025256511444356748
-0.025414364640883976
-0.025572217837411208
-0.025730071033938436
-0.025887924230465667
-0.026045777426992895
-0.026203630623520126
-0.026361483820047354
-0.026519337016574586
-0.026677190213101814
-0.026992896606156273
-0.0271507498026835
-0.0345698500394633
-0.034727703235990524
-0.034885556432517756
-0.03504340962904499
-0.03520126282557221
-0.03535911602209944
-0.035516969218626675
-0.035674822415153906
-0.03583267561168113
-0.03599052880820836
-0.036148382004735594
-0.036306235201262825
-0.03646408839779005
-0.03662194159431728
-0.03788476716653512
-0.03804262036306235
-0.0388318863456985
-0.03993685872138911
-0.04372533543804261
-0.043883188634569845
-0.044041041831097076
