0.0738621240351344
0.07399520894330583
0.07412829385147723
0.07426137875964865
0.07439446366782006
0.07452754857599148
0.07466063348416288
0.0747937183923343
0.0749268033005057
0.07505988820867714
0.07519297311684854
0.07532605802501996
0.07545914293319136
0.0787862656374767
0.07891935054564811
0.07905243545381953
0.07918552036199095
0.08051636944370508
0.0806494543518765
0.08104870907639072
0.08118179398456214
0.08131487889273356
0.0817141336172478
0.08184721852541921
0.08424274687250465
0.08437583178067605
0.08450891668884748
0.08530742613787595
0.08783603939313281
0.08796912430130423
0.08810220920947563
0.08916688847484694
0.10700026616981634
0.10713335107798774
0.10726643598615916
0.10779877561884482
0.10793186052701623
0.1285600212935853
0.12869310620175672
0.12882619110992813
0.1306893798243279
0.13082246473249934
0.13095554964067074
0.14306627628426935
0.14319936119244076
0.14333244610061216
0.14346553100878356
0.14466329518232632
0.14479638009049772
0.14492946499866913
0.15291455948895394
0.15304764439712534
0.15318072930529678
0.15331381421346818
0.15344689912163959
0.153579984029811
0.15371306893798242
0.15384615384615383
0.15397923875432523
0.15411232366249666
0.1542454085706681
0.1543784934788395
0.1545115783870109
0.1546446632951823
0.1554431727442108
0.16023422943838167
0.1615650785200958
0.1616981634282672
0.16183124833643864
0.1803300505722651
0.1804631354804365
0.1805962203886079
0.18072930529677933
0.18086239020495073
0.18099547511312214
0.18112856002129354
0.18152781474580781
0.1823263241948363
0.21599680596220386
0.4431727442108065
0.44330582911897787
0.4434389140271493
0.44357199893532073
0.4437050838434921
0.44383816875166354
0.4439712536598349
0.44410433856800635
0.4442374234761778
0.44437050838434916
0.45661431993611923
0.08291189779079051
0.08304498269896193
0.08317806760713334
0.08331115251530474
0.08344423742347618
0.0835773223316476
0.083710407239819
0.08384349214799042
0.08544051104604737
0.08557359595421879
0.0857066808623902
0.12203886079318603
0.12230503060952887
0.12283737024221451
0.12297045515038593
0.12310354005855734
0.12323662496672877
0.12336970987490017
0.1486558424274687
0.14878892733564011
0.14892201224381155
0.15065211605003992
0.15078520095821132
0.1553100878360394
0.1904445035932925
0.19057758850146392
0.19071067340963532
0.19377162629757783
0.19789725845089165
0.19803034335906305
0.1981634282672345
0.35613521426670214
0.3562682991748735
0.35640138408304495
0.3565344689912164
0.35666755389938776
0.3568006388075592
0.3569337237157306
0.3573329784402448
0.35746606334841624
0.3575991482565877
0.35773223316475905
0.3578653180729305
0.35799840298110186
0.3581314878892733
0.3582645727974447
0.3583976577056161
0.3585307426137876
0.358663827521959
0.3587969124301304
0.35892999733830183
0.35906308224647326
0.44024487623103536
0.464599414426404
0.46473249933457544
0.3526750066542454
0.35280809156241677
0.35334043119510244
0.4458344423742347
0.4478307159968059
0.4973383018365717
0.4977375565610859
0.49787064146925736
0.4980037263774288
0.4982698961937716
0.498402981101943
0.4985360660101144
0.35387277082778806
0.3540058557359595
0.3541389406441309
0.3542720255523023
0.3738355070535001
0.38009049773755654
0.396992281075326
0.39739153579984027
0.44623369709874894
0.44689912163960605
0.4470322065477775
0.44716529145594885
0.4472983763641203
0.4474314612722917
0.4475645461804631
0.44769763108863453
0.44809688581314877
0.44822997072132015
0.4483630556294916
0.448496140537663
0.4486292254458344
0.4974713867447431
0.49760447165291455
0.4977375565610859
0.49787064146925736
0.4980037263774288
0.49813681128560017
0.4988022358264572
0.49893532073462865
0.4990684056428001
0.49920149055097146
0.5002661698163428
0.5003992547245142
0.5005323396326856
0.500665424540857
0.5007985094490284
0.5009315943571998
0.5010646792653712
0.5011977641735427
0.8988554697897257
0.8989885546978972
0.8991216396060686
0.8992547245142399
0.8993878094224114
0.8995208943305828
0.8996539792387542
0.8997870641469257
0.899920149055097
0.9000532339632684
0.9001863188714399
0.9003194037796113
0.9013840830449825
0.901517167953154
0.9016502528613255
0.9017833377694969
0.9019164226776684
0.9020495075858397
0.9021825924940111
0.9023156774021825
0.902448762310354
0.9025818472185254
0.9027149321266968
0.9461006121905775
0.9462336970987489
0.9463667820069204
0.9464998669150918
0.9466329518232631
0.9467660367314346
0.946899121639606
0.9470322065477774
0.9471652914559489
0.9472983763641202
0.9661964333244609
0.9663295182326324
0.9664626031408037
0.9665956880489751
0.396992281075326
0.39712536598349746
0.3972584508916689
0.39739153579984027
0.3975246207080117
0.3976577056161831
0.4985360660101144
0.49866915091828584
0.4988022358264572
0.49893532073462865
0.5021293585307426
0.502262443438914
0.5023955283470855
0.5025286132552568
0.5026616981634282
0.8989885546978972
0.8991216396060686
0.8992547245142399
0.8993878094224114
0.8995208943305828
0.8996539792387542
0.8997870641469257
0.899920149055097
0.9004524886877827
0.900585573595954
0.9007186585041255
0.9008517434122969
0.9009848283204683
0.9011179132286398
0.9012509981368112
0.9013840830449825
0.901517167953154
0.9016502528613255
0.9017833377694969
0.9019164226776684
0.9020495075858397
0.9021825924940111
0.9023156774021825
0.902448762310354
0.9025818472185254
0.9027149321266968
0.9028480170348682
0.9029811019430396
0.903114186851211
0.9032472717593825
0.9033803566675539
0.9035134415757252
0.9036465264838967
0.9037796113920681
0.9193505456481235
0.9194836305562949
0.9196167154644663
0.9197498003726376
0.9198828852808091
0.9200159701889805
0.920149055097152
0.9202821400053234
0.9204152249134947
0.9205483098216661
0.9206813947298376
0.920814479638009
0.9209475645461804
0.9210806494543519
0.9486292254458344
0.9487623103540057
0.9488953952621771
0.9490284801703486
0.94916156507852
0.9492946499866914
0.9494277348948628
0.9495608198030342
0.9496939047112056
0.9498269896193771
0.9499600745275485
0.9500931594357198
0.9502262443438912
0.9667287729571465
0.966861857865318
0.9669949427734894
0.9671280276816607
0.9672611125898322
0.9673941974980036
0.967527282406175
0.9676603673143465
0.9677934522225178
0.9679265371306892
0.9680596220388606
0.9681927069470321
0.9683257918552035
0.9684588767633748
0.9685919616715463
0.9687250465797178
0.9688581314878892
0.9689912163960607
0.9691243013042321
0.9692573862124034
0.4343891402714932
0.45741282938514766
0.45794516901783333
0.8114186851211073
0.8115517700292786
0.81168485493745
0.8118179398456215
0.833244610061219
0.8333776949693904
0.8335107798775617
0.8553367048176735
0.855469789725845
0.8556028746340164
0.8687782805429864
0.8689113654511578
0.8690444503593292
0.8691775352675006
0.8693106201756721
0.8694437050838435
0.8695767899920148
0.8697098749001863
0.8698429598083577
0.8699760447165291
0.8701091296247006
0.8702422145328719
0.8703752994410433
0.8705083843492147
0.8706414692573862
0.8707745541655576
0.8709076390737289
0.8710407239819004
0.8711738088900718
0.8713068937982432
0.8714399787064147
0.8715730636145861
0.8717061485227574
0.8718392334309288
0.8975246207080116
0.8976577056161831
0.8977907905243544
0.8979238754325258
0.8980569603406973
0.8981900452488687
0.8983231301570401
0.8984562150652116
0.8985892999733829
0.8987223848815543
0.8988554697897257
0.8989885546978972
0.8991216396060686
0.8992547245142399
0.9028480170348682
0.9029811019430396
0.903114186851211
0.9032472717593825
0.9033803566675539
0.9035134415757252
0.9036465264838967
0.9037796113920681
0.9039126963002395
0.904045781208411
0.9041788661165823
0.9043119510247537
0.9044450359329251
0.9045781208410966
0.904711205749268
0.9048442906574393
0.9049773755656108
0.9051104604737822
0.9076390737290391
0.9077721586372104
0.9079052435453818
0.9080383284535533
0.9081714133617247
0.9083044982698961
0.9105669417088101
0.9107000266169816
0.910833111525153
0.9109661964333244
0.9110992813414959
0.9112323662496672
0.9113654511578386
0.9114985360660101
0.9116316209741815
0.9117647058823529
0.9118977907905244
0.9120308756986957
0.9121639606068671
0.9122970455150385
0.91243013042321
0.9125632153313814
0.9126963002395527
0.9128293851477242
0.9129624700558956
0.913095554964067
0.9132286398722385
0.9133617247804098
0.9134948096885812
0.9136278945967526
0.9137609795049241
0.9138940644130955
0.9140271493212669
0.9141602342294383
0.9142933191376097
0.9144264040457811
0.9145594889539526
0.914692573862124
0.9148256587702953
0.9149587436784667
0.9150918285866382
0.9152249134948096
0.915357998402981
0.9154910833111524
0.9156241682193238
0.9157572531274952
0.9158903380356667
0.9160234229438381
0.9161565078520094
0.9162895927601808
0.9164226776683523
0.9165557625765237
0.9166888474846951
0.9168219323928666
0.9169550173010379
0.9170881022092093
0.9172211871173808
0.9173542720255522
0.9174873569337236
0.917620441841895
0.9177535267500664
0.9178866116582378
0.9189512909236093
0.9190843758317806
0.919217460739952
0.9194836305562949
0.9196167154644663
0.9197498003726376
0.9198828852808091
0.9200159701889805
0.920149055097152
0.9202821400053234
0.9204152249134947
0.9205483098216661
0.9206813947298376
0.920814479638009
0.9209475645461804
0.9210806494543519
0.9212137343625232
0.9213468192706946
0.953686451956348
0.9538195368645195
0.9539526217726909
0.9540857066808623
0.9542187915890338
0.9543518764972051
0.9544849614053765
0.954618046313548
0.9547511312217194
0.9548842161298908
0.9550173010380623
0.9551503859462336
0.955283470854405
0.9554165557625764
0.9555496406707479
0.9556827255789193
0.9558158104870906
0.9559488953952621
0.9580782539260047
0.9582113388341761
0.9583444237423475
0.958477508650519
0.9586105935586903
0.9587436784668617
0.9588767633750331
0.9590098482832046
0.959142933191376
0.9592760180995473
0.9594091030077188
0.9595421879158902
0.9596752728240616
0.959808357732233
0.9599414426404045
0.9600745275485758
0.963002395528347
0.9631354804365184
0.9632685653446899
0.9673941974980036
0.967527282406175
0.9676603673143465
0.9677934522225178
0.9679265371306892
0.9680596220388606
0.9681927069470321
0.9683257918552035
0.9684588767633748
0.9685919616715463
0.9792387543252594
0.9793718392334309
0.9795049241416023
0.9796380090497737
0.9797710939579451
0.9799041788661165
0.9800372637742879
0.9841628959276016
0.9842959808357731
0.9844290657439445
0.9845621506521159
0.9846952355602874
0.9870907639073728
0.9872238488155443
0.9873569337237157
0.9874900186318871
0.9876231035400584
0.9877561884482299
0.9878892733564013
0.9880223582645727
0.9881554431727442
0.9882885280809156
0.9901517167953153
0.9902848017034868
0.9904178866116581
0.9973383018365717
0.9974713867447431
0.9976044716529144
0.7829385147724247
0.7830715996805961
0.7881288261911099
0.7882619110992812
0.7883949960074527
0.8541389406441309
0.8542720255523023
0.8544051104604737
0.8545381953686452
0.8546712802768165
0.8548043651849879
0.8549374500931594
0.8550705350013308
0.8552036199095022
0.8553367048176735
0.855469789725845
0.8556028746340164
0.8557359595421878
0.8646526483896725
0.8647857332978439
0.8649188182060153
0.8650519031141868
0.8651849880223582
0.8671812616449294
0.8673143465531008
0.8674474314612721
0.8675805163694436
0.867713601277615
0.8706414692573862
0.8707745541655576
0.8709076390737289
0.8710407239819004
0.8711738088900718
0.8713068937982432
0.8714399787064147
0.8715730636145861
0.8717061485227574
0.8718392334309288
0.8719723183391003
0.8721054032472717
0.8722384881554431
0.8723715730636145
0.8725046579717859
0.8726377428799573
0.8727708277881288
0.8729039126963002
0.8730369976044715
0.8731700825126429
0.8733031674208144
0.8734362523289858
0.8764972052169284
0.8766302901250997
0.8767633750332712
0.8768964599414426
0.877029544849614
0.8771626297577855
0.8772957146659568
0.8774287995741282
0.8775618844822997
0.8776949693904711
0.8778280542986425
0.877961139206814
0.8780942241149853
0.8782273090231567
0.8783603939313281
0.8794250731966994
0.8795581581048708
0.8796912430130422
0.8798243279212137
0.8799574128293851
0.8800904977375564
0.8802235826457279
0.8803566675538993
0.8804897524620707
0.8806228373702422
0.8807559222784136
0.8890071865850412
0.8891402714932126
0.8961937716262975
0.896326856534469
0.8964599414426403
0.8965930263508117
0.8967261112589832
0.8968591961671546
0.896992281075326
0.8971253659834973
0.8972584508916688
0.8973915357998402
0.8975246207080116
0.8976577056161831
0.8977907905243544
0.8979238754325258
0.8980569603406973
0.9035134415757252
0.9036465264838967
0.9037796113920681
0.9039126963002395
0.904045781208411
0.9041788661165823
0.9087037529944103
0.9088368379025817
0.9089699228107532
0.9091030077189245
0.9097684322597815
0.909901517167953
0.9100346020761245
0.910167686984296
0.9103007718924674
0.9104338568006388
0.9105669417088101
0.9107000266169816
0.910833111525153
0.9109661964333244
0.9110992813414959
0.9112323662496672
0.9113654511578386
0.9114985360660101
0.9116316209741815
0.9117647058823529
0.9118977907905244
0.9120308756986957
0.9121639606068671
0.9122970455150385
0.91243013042321
0.9125632153313814
0.9126963002395527
0.9128293851477242
0.9129624700558956
0.913095554964067
0.9140271493212669
0.9141602342294383
0.9142933191376097
0.9144264040457811
0.9145594889539526
0.914692573862124
0.9148256587702953
0.9149587436784667
0.9150918285866382
0.9152249134948096
0.915357998402981
0.9154910833111524
0.9156241682193238
0.9157572531274952
0.9158903380356667
0.9160234229438381
0.9161565078520094
0.9162895927601808
0.9164226776683523
0.9165557625765237
0.9166888474846951
0.9168219323928666
0.9169550173010379
0.9170881022092093
0.9172211871173808
0.9173542720255522
0.9174873569337236
0.917620441841895
0.9177535267500664
0.9178866116582378
0.9180196965664092
0.9181527814745807
0.918285866382752
0.9184189512909235
0.918552036199095
0.9186851211072664
0.9188182060154378
0.9189512909236093
0.9190843758317806
0.919217460739952
0.9193505456481235
0.9194836305562949
0.9196167154644663
0.9197498003726376
0.9198828852808091
0.9200159701889805
0.920149055097152
0.9202821400053234
0.9204152249134947
0.9205483098216661
0.9206813947298376
0.920814479638009
0.9209475645461804
0.9210806494543519
0.9212137343625232
0.9213468192706946
0.921479904178866
0.9216129890870375
0.9217460739952089
0.9218791589033802
0.9220122438115517
0.9221453287197231
0.9222784136278945
0.922411498536066
0.9225445834442373
0.9226776683524087
0.9228107532605802
0.9229438381687516
0.9540857066808623
0.9542187915890338
0.9543518764972051
0.9544849614053765
0.954618046313548
0.9551503859462336
0.955283470854405
0.9554165557625764
0.9555496406707479
0.9556827255789193
0.9558158104870906
0.9559488953952621
0.9560819803034335
0.9562150652116049
0.9563481501197764
0.9564812350279477
0.9571466595688048
0.9572797444769762
0.9574128293851476
0.957545914293319
0.9576789992014905
0.9578120841096619
0.9579451690178332
0.9580782539260047
0.9582113388341761
0.9583444237423475
0.958477508650519
0.9586105935586903
0.9587436784668617
0.9588767633750331
0.9590098482832046
0.959142933191376
0.9592760180995473
0.9594091030077188
0.9595421879158902
0.9596752728240616
0.959808357732233
0.9599414426404045
0.9600745275485758
0.9602076124567472
0.9603406973649188
0.9604737822730902
0.9606068671812616
0.960739952089433
0.9608730369976044
0.9610061219057758
0.9611392068139473
0.9612722917221187
0.9627362257120042
0.9628693106201756
0.963002395528347
0.9631354804365184
0.9632685653446899
0.9634016502528613
0.9635347351610327
0.963667820069204
0.9638009049773755
0.9792387543252594
0.9793718392334309
0.9795049241416023
0.9796380090497737
0.9797710939579451
0.9799041788661165
0.9800372637742879
0.9801703486824593
0.7054830982166621
0.7056161831248335
0.705749268033005
0.7058823529411764
0.7060154378493478
0.7061485227575192
0.7062816076656906
0.706414692573862
0.7065477774820335
0.7066808623902049
0.7068139472983762
0.7069470322065476
0.7070801171147191
0.7072132020228905
0.7073462869310619
0.7074793718392334
0.7076124567474047
0.7077455416555761
0.7387543252595155
0.7388874101676869
0.7390204950758583
0.7391535799840298
0.7392866648922012
0.7581847218525418
0.7583178067607133
0.7584508916688846
0.758583976577056
0.7841362789459675
0.7842693638541389
0.7844024487623104
0.7845355336704818
0.7846686185786531
0.7848017034868245
0.784934788394996
0.8717061485227574
0.8718392334309288
0.8719723183391003
0.8721054032472717
0.8722384881554431
0.8723715730636145
0.8725046579717859
0.8726377428799573
0.8727708277881288
0.8729039126963002
0.8730369976044715
0.8731700825126429
0.8733031674208144
0.8734362523289858
0.8762310354005854
0.8763641203087569
0.8764972052169284
0.8766302901250997
0.8767633750332712
0.8768964599414426
0.877029544849614
0.8771626297577855
0.8772957146659568
0.8774287995741282
0.8775618844822997
0.8776949693904711
0.8778280542986425
0.8788927335640138
0.9032472717593825
0.9033803566675539
0.9035134415757252
0.9036465264838967
0.9037796113920681
0.9039126963002395
0.904045781208411
0.9041788661165823
0.9043119510247537
0.9044450359329251
0.9045781208410966
0.904711205749268
0.9048442906574393
0.9049773755656108
0.914692573862124
0.9148256587702953
0.9149587436784667
0.9150918285866382
0.9152249134948096
0.915357998402981
0.9154910833111524
0.9156241682193238
0.9157572531274952
0.9158903380356667
0.9160234229438381
0.920149055097152
0.9202821400053234
0.9204152249134947
0.9205483098216661
0.9206813947298376
0.921479904178866
0.9216129890870375
0.9217460739952089
0.9218791589033802
0.9220122438115517
0.9221453287197231
0.9222784136278945
0.922411498536066
0.9225445834442373
0.9226776683524087
0.9228107532605802
0.9229438381687516
0.923076923076923
0.9232100079850944
0.9233430928932658
0.9234761778014372
0.9236092627096086
0.9237423476177801
0.9608730369976044
0.9610061219057758
0.963002395528347
0.9631354804365184
0.9632685653446899
0.9634016502528613
0.9635347351610327
0.963667820069204
0.9638009049773755
0.9639339898855469
0.9640670747937183
0.9642001597018898
0.9643332446100611
0.40457812084109657
0.404711205749268
0.7069470322065476
0.7070801171147191
0.7117380889007187
0.71187117380889
0.833244610061219
0.8438914027149321
0.8440244876231036
0.8441575725312749
0.8442906574394463
0.8569337237157305
0.8570668086239019
0.8571998935320734
0.8573329784402448
0.8726377428799573
0.8727708277881288
0.8729039126963002
0.8735693372371572
0.8737024221453287
0.8738355070535
0.8739685919616714
0.8741016768698429
0.8742347617780143
0.8743678466861857
0.874500931594357
0.8746340165025285
0.8747671014106999
0.8776949693904711
0.8778280542986425
0.877961139206814
0.8780942241149853
0.8782273090231567
0.8783603939313281
0.8784934788394996
0.878626563747671
0.8787596486558423
0.8788927335640138
0.8811551770029278
0.8812882619110992
0.8814213468192706
0.8890071865850412
0.8891402714932126
0.889273356401384
0.8894064413095554
0.8895395262177268
0.8896726111258982
0.8898056960340697
0.8899387809422411
0.8900718658504124
0.894729837636412
0.8948629225445834
0.8949960074527548
0.8951290923609262
0.8952621772690976
0.8953952621772691
0.8955283470854405
0.8956614319936118
0.8957945169017832
0.8959276018099547
0.8960606867181261
0.8961937716262975
0.896326856534469
0.8964599414426403
0.8965930263508117
0.8967261112589832
0.8968591961671546
0.896992281075326
0.8971253659834973
0.8972584508916688
0.8973915357998402
0.8975246207080116
0.8976577056161831
0.8977907905243544
0.8979238754325258
0.8980569603406973
0.8981900452488687
0.8983231301570401
0.8984562150652116
0.8989885546978972
0.8991216396060686
0.8992547245142399
0.8993878094224114
0.8995208943305828
0.8996539792387542
0.8997870641469257
0.899920149055097
0.9000532339632684
0.9001863188714399
0.9003194037796113
0.9004524886877827
0.900585573595954
0.9007186585041255
0.9008517434122969
0.9032472717593825
0.9033803566675539
0.9035134415757252
0.9036465264838967
0.9037796113920681
0.9039126963002395
0.904045781208411
0.9041788661165823
0.9043119510247537
0.9044450359329251
0.9045781208410966
0.904711205749268
0.9096353473516102
0.9097684322597815
0.909901517167953
0.9100346020761245
0.910167686984296
0.9103007718924674
0.9104338568006388
0.9105669417088101
0.9107000266169816
0.910833111525153
0.9109661964333244
0.9110992813414959
0.9112323662496672
0.9113654511578386
0.9114985360660101
0.9116316209741815
0.9117647058823529
0.9118977907905244
0.9120308756986957
0.9121639606068671
0.9122970455150385
0.91243013042321
0.9125632153313814
0.9126963002395527
0.9128293851477242
0.9129624700558956
0.913095554964067
0.9132286398722385
0.9133617247804098
0.9134948096885812
0.9136278945967526
0.9137609795049241
0.9138940644130955
0.9140271493212669
0.9141602342294383
0.9181527814745807
0.918285866382752
0.9184189512909235
0.918552036199095
0.9186851211072664
0.9188182060154378
0.9189512909236093
0.9190843758317806
0.919217460739952
0.9193505456481235
0.9194836305562949
0.9196167154644663
0.9197498003726376
0.9256055363321798
0.9257386212403512
0.9258717061485227
0.9260047910566941
0.9261378759648654
0.9262709608730368
0.9264040457812083
0.9265371306893797
0.9266702155975511
0.9268033005057226
0.926936385413894
0.3936651583710407
0.7121373436252328
0.7122704285334043
0.833244610061219
0.8333776949693904
0.8438914027149321
0.8440244876231036
0.8441575725312749
0.8570668086239019
0.8571998935320734
0.8573329784402448
0.8574660633484161
0.8690444503593292
0.8750332712270428
0.8751663561352141
0.8752994410433855
0.875432525951557
0.8755656108597284
0.8756986957678998
0.8764972052169284
0.8766302901250997
0.8767633750332712
0.8768964599414426
0.877029544849614
0.8771626297577855
0.8772957146659568
0.8774287995741282
0.8775618844822997
0.8776949693904711
0.8778280542986425
0.877961139206814
0.8780942241149853
0.8782273090231567
0.8783603939313281
0.8784934788394996
0.878626563747671
0.8787596486558423
0.8788927335640138
0.8790258184721852
0.8791589033803566
0.8884748469523556
0.8886079318605269
0.8887410167686983
0.8888741016768698
0.8890071865850412
0.8891402714932126
0.889273356401384
0.8894064413095554
0.8895395262177268
0.8896726111258982
0.8898056960340697
0.8899387809422411
0.8900718658504124
0.8902049507585839
0.8903380356667553
0.8904711205749267
0.8910034602076123
0.8911365451157838
0.8912696300239552
0.8914027149321265
0.891535799840298
0.8916688847484694
0.8918019696566408
0.8919350545648123
0.8920681394729837
0.892201224381155
0.8952621772690976
0.8953952621772691
0.8955283470854405
0.8956614319936118
0.8957945169017832
0.8959276018099547
0.8960606867181261
0.8961937716262975
0.896326856534469
0.8976577056161831
0.8977907905243544
0.8979238754325258
0.8980569603406973
0.8981900452488687
0.8983231301570401
0.8984562150652116
0.8985892999733829
0.8987223848815543
0.8988554697897257
0.8989885546978972
0.8991216396060686
0.8992547245142399
0.8993878094224114
0.8995208943305828
0.8996539792387542
0.8997870641469257
0.899920149055097
0.9000532339632684
0.9001863188714399
0.9003194037796113
0.9004524886877827
0.900585573595954
0.9007186585041255
0.9008517434122969
0.9009848283204683
0.9011179132286398
0.9012509981368112
0.9013840830449825
0.9032472717593825
0.9033803566675539
0.9035134415757252
0.9036465264838967
0.9037796113920681
0.9039126963002395
0.904045781208411
0.9041788661165823
0.9043119510247537
0.9044450359329251
0.9045781208410966
0.904711205749268
0.9048442906574393
0.9049773755656108
0.9051104604737822
0.9052435453819536
0.905376630290125
0.9055097151982965
0.9056428001064678
0.9057758850146392
0.9059089699228107
0.9060420548309821
0.9061751397391535
0.9063082246473249
0.9067074793718392
0.9068405642800106
0.9069736491881819
0.9071067340963533
0.9072398190045248
0.9073729039126962
0.9075059888208676
0.9076390737290391
0.910167686984296
0.9103007718924674
0.9104338568006388
0.9105669417088101
0.9107000266169816
0.910833111525153
0.9109661964333244
0.9110992813414959
0.9112323662496672
0.9113654511578386
0.9114985360660101
0.9116316209741815
0.9117647058823529
0.9118977907905244
0.9120308756986957
0.9121639606068671
0.9122970455150385
0.91243013042321
0.9125632153313814
0.9126963002395527
0.9128293851477242
0.9129624700558956
0.913095554964067
0.9132286398722385
0.9133617247804098
0.9134948096885812
0.9136278945967526
0.9137609795049241
0.9138940644130955
0.9140271493212669
0.9141602342294383
0.9142933191376097
0.9144264040457811
0.9145594889539526
0.914692573862124
0.9200159701889805
0.920149055097152
0.9202821400053234
0.9204152249134947
0.9205483098216661
0.9206813947298376
0.920814479638009
0.9209475645461804
0.9210806494543519
0.9246739419749799
0.9248070268831513
0.9249401117913227
0.9250731966994942
0.9252062816076656
0.9253393665158369
0.9264040457812083
0.9265371306893797
0.9266702155975511
0.9268033005057226
0.926936385413894
0.19803034335906305
0.1981634282672345
0.1982965131754059
0.19842959808357732
0.19856268299174873
0.19869576789992013
0.21346819270694703
0.21360127761511843
0.21373436252328984
0.2193239286664892
0.21945701357466063
0.21959009848283204
0.21972318339100344
0.21985626829917485
0.21998935320734628
0.318738355070535
0.3188714399787064
0.39832313015704013
0.39845621506521156
0.398589299973383
0.39872238488155437
0.3988554697897258
0.39898855469789724
0.3991216396060686
0.39925472451424004
0.3993878094224114
0.39952089433058285
0.40005323396326853
0.4001863188714399
0.40031940377961134
0.4004524886877828
0.4005855735959542
0.40071865850412564
0.400851743412297
0.40098482832046844
0.4397125365983497
0.4398456215065211
0.44130955549640666
0.4414426404045781
0.44157572531274947
0.4417088102209209
0.4418418951290923
0.659701889805696
-0.20361990950226241
-0.2133351077987756
-0.21346819270694703
-0.21360127761511843
-0.21373436252328984
-0.21386744743146124
-0.21905775885014636
-0.2191908437583178
-0.24248070268831512
-0.24261378759648655
-0.24274687250465796
-0.24287995741282936
-0.2766835240883684
-0.4004524886877828
-0.4005855735959542
-0.4409103007718924
-0.44104338568006385
-0.4411764705882352
-0.44130955549640666
-0.4414426404045781
-0.44157572531274947
-0.2343625232898589
-0.3977907905243545
-0.39792387543252594
-0.3980569603406973
-0.39819004524886875
-0.39832313015704013
-0.39845621506521156
-0.398589299973383
-0.39872238488155437
-0.3988554697897258
-0.39898855469789724
-0.3991216396060686
-0.39925472451424004
-0.3993878094224114
-0.39952089433058285
-0.3996539792387543
-0.39978706414692566
-0.3999201490550971
-0.40005323396326853
-0.4001863188714399
-0.19310620175672077
-0.19377162629757783
-0.21586372105403245
-0.21599680596220386
-0.2161298908703753
-0.2162629757785467
-0.2163960606867181
-0.2165291455948895
-0.2166622305030609
-0.21679531541123234
-0.21692840031940375
-0.2214532871972318
-0.22158637210540325
-0.22171945701357465
-0.22185254192174605
-0.22198562682991746
-0.2221187117380889
-0.2222517966462603
-0.2223848815544317
-0.39685919616715465
-0.396992281075326
-0.3972584508916689
-0.41921746073995203
-0.308756986957679
-0.3088900718658504
-0.39433058291189776
-0.39552834708544043
-0.3957945169017833
-0.3959276018099547
-0.3960606867181261
-0.3961937716262975
-0.396326856534469
-0.3964599414426404
-0.3965930263508118
-0.39978706414692566
-0.3999201490550971
-0.40005323396326853
-0.4001863188714399
-0.40031940377961134
-0.4004524886877828
-0.4013840830449827
-0.4016502528613255
-0.40178333776949693
-0.40883683790258185
-0.40896992281075323
-0.40910300771892466
-0.42014905509715195
-0.4202821400053233
-0.42041522491349476
-0.4205483098216662
-0.4419749800372637
-0.44210806494543514
-0.4422411498536065
-0.17726909768432259
-0.17740218259249402
-0.19057758850146392
-0.19071067340963532
-0.39832313015704013
-0.39845621506521156
-0.398589299973383
-0.39872238488155437
-0.3988554697897258
-0.39898855469789724
-0.3991216396060686
-0.40883683790258185
-0.40896992281075323
-0.40910300771892466
-0.4092360926270961
-0.40936917753526747
-0.4095022624434389
-0.4097684322597817
-0.40990151716795314
-0.4100346020761245
-0.41016768698429595
-0.4145594889539526
-0.414692573862124
-0.4148256587702954
-0.4149587436784668
-0.41509182858663823
-0.41522491349480967
-0.41535799840298104
-0.4154910833111525
-0.4156241682193239
-0.4157572531274953
-0.4158903380356667
-0.4160234229438381
-0.4161565078520095
-0.41935054564812346
-0.4200159701889805
-0.42014905509715195
-0.4202821400053233
-0.4266702155975512
-0.42693638541389406
-0.42706947032206544
-0.43132818738355067
-0.4314612722917221
-0.4315943571998935
-0.4317274421080649
-0.43186052701623634
-0.4319936119244077
-0.4395794516901783
-0.4397125365983497
-0.4398456215065211
-0.466196433324461
-0.46632951823263236
-0.19017833377694968
-0.1903114186851211
-0.19057758850146392
-0.39552834708544043
-0.39566143199361187
-0.3957945169017833
-0.3959276018099547
-0.4138940644130955
-0.41402714932126694
-0.4144264040457812
-0.4145594889539526
-0.414692573862124
-0.4148256587702954
-0.4149587436784668
-0.41509182858663823
-0.41522491349480967
-0.41535799840298104
-0.4154910833111525
-0.4156241682193239
-0.4157572531274953
-0.4158903380356667
-0.4160234229438381
-0.4161565078520095
-0.41628959276018096
-0.42693638541389406
-0.42946499866915083
-0.44104338568006385
-0.4411764705882352
-0.44130955549640666
-0.44157572531274947
-0.4417088102209209
-0.4418418951290923
-0.4419749800372637
-0.07532605802501996
-0.14719190843758315
-0.14732499334575458
-0.14745807825392598
-0.1475911631620974
-0.14785733297844025
-0.14799041788661166
-0.14812350279478306
-0.14825658770295447
-0.1483896726111259
-0.1485227575192973
-0.19217460739952089
-0.1923076923076923
-0.19244077721586372
-0.19257386212403513
-0.19270694703220653
-0.19284003194037794
-0.19297311684854934
-0.19310620175672077
-0.20082512643066275
-0.20202289060420545
-0.20215597551237688
-0.20228906042054828
-0.20242214532871972
-0.20255523023689112
-0.20268831514506255
-0.20282140005323396
-0.20295448496140536
-0.20308756986957677
-0.2032206547777482
-0.2033537396859196
-0.203486824594091
-0.20361990950226241
-0.20375299441043385
-0.20388607931860525
-0.20401916422677666
-0.20415224913494806
-0.20428533404311947
-0.42214532871972316
-0.4405110460473782
-0.4406441309555496
-0.46247005589566137
-0.07359595421879157
-0.0738621240351344
-0.07399520894330583
-0.07439446366782006
-0.07452754857599148
-0.07466063348416288
-0.0747937183923343
-0.0749268033005057
-0.07505988820867714
-0.07519297311684854
-0.08397657705616182
-0.08410966196433323
-0.08424274687250465
-0.08437583178067605
-0.08450891668884748
-0.0846420015970189
-0.0847750865051903
-0.08490817141336171
-0.15065211605003992
-0.15078520095821132
-0.15091828586638273
-0.15105137077455416
-0.15118445568272557
-0.15131754059089697
-0.15145062549906838
-0.1704817673675805
-0.1706148522757519
-0.1707479371839233
-0.17088102209209474
-0.17101410700026617
-0.18112856002129354
-0.18126164492946498
-0.1813947298376364
-0.18152781474580781
-0.18166089965397925
-0.4225445834442374
-0.42294383816875164
-0.4237423476177801
-0.009049773755656108
-0.009315943571998934
-0.009449028480170348
-0.009582113388341761
-0.009715198296513175
-0.009848283204684588
-0.009981368112856001
-0.010114453021027415
-0.010247537929198828
-0.010380622837370242
-0.010513707745541653
-0.010646792653713067
-0.01077987756188448
-0.01157838701091296
-0.011711471919084374
-0.011844556827255787
-0.0119776417354272
-0.012110726643598614
-0.012243811551770028
-0.012376896459941441
-0.012509981368112854
-0.07612456747404844
-0.0767899920149055
-0.08317806760713334
-0.08331115251530474
-0.08344423742347618
-0.0835773223316476
-0.083710407239819
-0.08384349214799042
-0.08397657705616182
-0.0847750865051903
-0.20654777748203354
