0.15051935788479695
0.1507082152974504
0.15089707271010389
0.1510859301227573
0.15127478753541077
0.15731822474032106
0.17355996222851747
0.1737488196411709
0.17393767705382435
0.18564683663833803
0.1858356940509915
0.18602455146364494
0.1862134088762984
0.18640226628895185
0.18847969782813975
0.18866855524079318
0.21680830972615672
0.21699716713881018
0.21718602455146363
0.2721435316336166
0.27233238904627005
0.2725212464589235
0.27271010387157696
0.2728989612842304
0.27308781869688387
0.27327667610953726
0.21491973559962227
0.21510859301227572
0.21529745042492918
0.21548630783758263
0.21567516525023606
0.2158640226628895
0.21605288007554296
0.21624173748819642
0.21643059490084987
0.21661945231350327
0.21680830972615672
0.21699716713881018
0.21718602455146363
0.21737488196411708
0.26458923512747873
0.2647780925401322
0.26496694995278564
0.2651558073654391
0.26534466477809254
0.265533522190746
0.26572237960339945
0.2659112370160529
0.2661000944287063
0.26628895184135976
0.2664778092540132
0.26666666666666666
0.2668555240793201
0.2670443814919735
0.26723323890462697
0.2674220963172804
0.2676109537299339
0.26779981114258733
0.2679886685552408
0.26817752596789424
0.2693106704438149
0.26949952785646836
0.2696883852691218
0.26987724268177526
0.27006610009442866
0.2702549575070821
0.27044381491973557
0.270632672332389
0.2708215297450425
0.27101038715769593
0.2711992445703494
0.27478753541076484
0.3546742209631728
0.8830972615675164
0.8844192634560907
0.8846081208687441
0.971671388101983
0.9718602455146363
0.97204910292729
0.9722379603399434
0.9724268177525968
0.9726156751652502
0.9728045325779036
0.9729933899905572
0.9731822474032106
0.9735599622285174
0.9737488196411708
0.9739376770538244
0.9886685552407931
0.9888574126534466
0.9890462700661
0.9892351274787535
0.9894239848914069
0.9896128423040603
0.2693106704438149
0.26949952785646836
0.2696883852691218
0.26987724268177526
0.27006610009442866
0.2702549575070821
0.27044381491973557
0.270632672332389
0.2708215297450425
0.27101038715769593
0.2711992445703494
0.27138810198300284
0.2715769593956563
0.27176581680830975
0.27554296506137865
0.5269121813031161
0.5271010387157695
0.527289896128423
0.5274787535410764
0.532766761095373
0.5329556185080264
0.5335221907459867
0.5337110481586402
0.5355996222851747
0.5357884796978281
0.5369216241737488
0.5371104815864023
0.5397544853635505
0.5399433427762039
0.5401322001888573
0.5403210576015108
0.5405099150141642
0.5406987724268177
0.5408876298394711
0.5410764872521246
0.541265344664778
0.5414542020774314
0.541643059490085
0.5418319169027384
0.5420207743153919
0.5422096317280453
0.5423984891406988
0.5425873465533522
0.5427762039660057
0.5429650613786591
0.5431539187913126
0.543342776203966
0.5439093484419264
0.8581680830972614
0.8732766761095373
0.8734655335221907
0.8736543909348441
0.8753541076487251
0.8755429650613786
0.875731822474032
0.8759206798866855
0.8761095372993389
0.8762983947119924
0.8764872521246458
0.8766761095372992
0.8853635505193579
0.8855524079320113
0.8857412653446647
0.8859301227573181
0.9709159584513691
0.9711048158640225
0.9712936732766762
0.9714825306893295
0.971671388101983
0.9718602455146363
0.97204910292729
0.9886685552407931
0.992823418319169
0.9930122757318224
0.9932011331444758
0.9933899905571294
0.9935788479697828
0.9937677053824362
0.9939565627950896
0.994145420207743
0.9943342776203966
0.99452313503305
0.9947119924457034
0.9949008498583568
0.9950897072710103
0.2768649669499528
0.2770538243626062
0.534088762983947
0.5342776203966005
0.5344664778092539
0.5346553352219074
0.5348441926345608
0.5350330500472142
0.5355996222851747
0.5357884796978281
0.5359773371104816
0.536166194523135
0.5363550519357885
0.5365439093484419
0.5367327667610954
0.5369216241737488
0.5371104815864023
0.5372993389990557
0.5374881964117092
0.5376770538243626
0.5378659112370161
0.5380547686496695
0.5382436260623229
0.5384324834749764
0.5386213408876298
0.5388101983002833
0.5389990557129367
0.5391879131255901
0.5393767705382436
0.539565627950897
0.5397544853635505
0.5399433427762039
0.5401322001888573
0.5403210576015108
0.5405099150141642
0.5406987724268177
0.5408876298394711
0.5410764872521246
0.541265344664778
0.5414542020774314
0.541643059490085
0.5423984891406988
0.5425873465533522
0.5427762039660057
0.5429650613786591
0.5431539187913126
0.543342776203966
0.5435316336166195
0.5437204910292729
0.5439093484419264
0.5440982058545798
0.5442870632672332
0.5444759206798867
0.5446647780925401
0.5469310670443814
0.547119924457035
0.5473087818696883
0.5488196411709159
0.5490084985835694
0.5495750708215297
0.5497639282341832
0.5503305004721436
0.550519357884797
0.5507082152974504
0.5508970727101039
0.5525967894239848
0.5527856468366383
0.5529745042492917
0.5531633616619452
0.5533522190745986
0.553541076487252
0.5537299338999055
0.5709159584513692
0.5711048158640226
0.5712936732766761
0.5714825306893295
0.571671388101983
0.5718602455146364
0.5731822474032106
0.624929178470255
0.6268177525967894
0.6270066100094428
0.6271954674220963
0.6275731822474031
0.6296506137865912
0.6415486307837582
0.6417374881964116
0.641926345609065
0.8747875354107648
0.8749763928234183
0.8751652502360717
0.8753541076487251
0.8755429650613786
0.875731822474032
0.8759206798866855
0.9312559017941453
0.27780925401322
0.5354107648725211
0.5355996222851747
0.5359773371104816
0.536166194523135
0.5367327667610954
0.5369216241737488
0.5371104815864023
0.5372993389990557
0.5374881964117092
0.5376770538243626
0.5378659112370161
0.5380547686496695
0.5382436260623229
0.5384324834749764
0.5386213408876298
0.5388101983002833
0.5393767705382436
0.539565627950897
0.5397544853635505
0.5399433427762039
0.5401322001888573
0.5403210576015108
0.5406987724268177
0.5408876298394711
0.5410764872521246
0.541265344664778
0.5414542020774314
0.541643059490085
0.5418319169027384
0.5420207743153919
0.5422096317280453
0.5423984891406988
0.5425873465533522
0.5427762039660057
0.5429650613786591
0.5431539187913126
0.543342776203966
0.5435316336166195
0.5437204910292729
0.5439093484419264
0.5440982058545798
0.5442870632672332
0.5444759206798867
0.5446647780925401
0.5448536355051936
0.545042492917847
0.5452313503305004
0.5454202077431539
0.5456090651558073
0.5457979225684608
0.547119924457035
0.548441926345609
0.5486307837582625
0.5488196411709159
0.5490084985835694
0.5491973559962228
0.5493862134088763
0.5495750708215297
0.5497639282341832
0.5499527856468366
0.5501416430594901
0.5503305004721436
0.550519357884797
0.5507082152974504
0.5508970727101039
0.5510859301227573
0.5512747875354108
0.5514636449480642
0.5520302171860245
0.552219074598678
0.5524079320113314
0.5525967894239848
0.6275731822474031
0.6277620396600566
0.62795089707271
0.6281397544853635
0.6283286118980169
0.6285174693106703
0.6287063267233238
0.6288951841359772
0.6294617563739376
0.6302171860245515
0.630406043437205
0.6305949008498584
0.6375826251180359
0.6377714825306894
0.6379603399433428
0.6381491973559962
0.6383380547686497
0.6385269121813031
0.6542020774315391
0.6543909348441925
0.9084041548630784
0.9085930122757317
0.9087818696883851
0.9089707271010387
0.9091595845136922
0.9093484419263456
0.9095372993389991
0.9097261567516525
0.9099150141643059
0.9101038715769594
0.9102927289896129
0.9104815864022663
0.9106704438149197
0.9108593012275731
0.9110481586402267
0.9112370160528801
0.9114258734655335
0.9116147308781869
0.9118035882908403
0.9119924457034939
0.9121813031161473
0.9123701605288007
0.9125590179414541
0.9127478753541075
0.9131255901794145
0.9133144475920679
0.9135033050047213
0.9136921624173747
0.9138810198300283
0.9140698772426817
0.9142587346553351
0.9144475920679885
0.9322001888574125
0.9323890462700661
0.9325779036827195
0.9327667610953729
0.9401322001888573
0.9403210576015107
0.9405099150141641
0.9406987724268178
0.9408876298394712
0.9410764872521246
0.941265344664778
0.5216241737488195
0.521813031161473
0.5220018885741264
0.52219074598678
0.5354107648725211
0.5355996222851747
0.5357884796978281
0.5384324834749764
0.5386213408876298
0.5388101983002833
0.5389990557129367
0.5391879131255901
0.5393767705382436
0.539565627950897
0.5397544853635505
0.5399433427762039
0.5401322001888573
0.5403210576015108
0.5405099150141642
0.5406987724268177
0.5408876298394711
0.5410764872521246
0.541265344664778
0.5414542020774314
0.541643059490085
0.5418319169027384
0.5420207743153919
0.5422096317280453
0.5423984891406988
0.5425873465533522
0.5435316336166195
0.5437204910292729
0.5439093484419264
0.5440982058545798
0.5442870632672332
0.5444759206798867
0.5446647780925401
0.5448536355051936
0.545042492917847
0.5452313503305004
0.5454202077431539
0.5457979225684608
0.5459867799811142
0.5461756373937677
0.5463644948064211
0.5465533522190745
0.546742209631728
0.5469310670443814
0.547119924457035
0.5473087818696883
0.5474976392823417
0.5476864966949953
0.5478753541076486
0.5480642115203022
0.5482530689329556
0.548441926345609
0.5486307837582625
0.5488196411709159
0.5490084985835694
0.5491973559962228
0.5493862134088763
0.5495750708215297
0.5497639282341832
0.5499527856468366
0.5501416430594901
0.5503305004721436
0.550519357884797
0.562795089707271
0.5629839471199244
0.6209631728045325
0.621152030217186
0.6217186024551463
0.6398489140698772
0.6415486307837582
0.6417374881964116
0.6534466477809253
0.6536355051935788
0.6538243626062322
0.6542020774315391
0.6543909348441925
0.654579792256846
0.6547686496694994
0.654957507082153
0.6551463644948063
0.6553352219074597
0.6555240793201133
0.6559017941454202
0.6560906515580737
0.6562795089707271
0.6564683663833806
0.656657223796034
0.6568460812086875
0.6574126534466478
0.6576015108593012
0.6577903682719547
0.6579792256846081
0.6632672332389046
0.6634560906515581
0.8868744098205853
0.8870632672332389
0.9067044381491973
0.9068932955618507
0.9070821529745041
0.9072710103871577
0.9074598677998111
0.9076487252124645
0.9078375826251179
0.9080264400377713
0.908215297450425
0.9084041548630784
0.9085930122757317
0.9087818696883851
0.9089707271010387
0.9091595845136922
0.9093484419263456
0.9095372993389991
0.9097261567516525
0.9099150141643059
0.9101038715769594
0.9102927289896129
0.9104815864022663
0.5027384324834749
0.5029272898961284
0.5034938621340888
0.517091595845137
0.5172804532577904
0.5182247403210576
0.5184135977337111
0.5186024551463645
0.5187913125590179
0.5189801699716714
0.5191690273843248
0.521813031161473
0.5220018885741264
0.52219074598678
0.5359773371104816
0.536166194523135
0.5382436260623229
0.5384324834749764
0.5386213408876298
0.5388101983002833
0.5389990557129367
0.5391879131255901
0.5393767705382436
0.539565627950897
0.5397544853635505
0.5399433427762039
0.5425873465533522
0.5427762039660057
0.5442870632672332
0.5444759206798867
0.5446647780925401
0.5448536355051936
0.545042492917847
0.5452313503305004
0.5454202077431539
0.5456090651558073
0.5457979225684608
0.5486307837582625
0.5488196411709159
0.5490084985835694
0.5491973559962228
0.5493862134088763
0.5495750708215297
0.5497639282341832
0.5499527856468366
0.5501416430594901
0.5503305004721436
0.550519357884797
0.5507082152974504
0.5508970727101039
0.5510859301227573
0.5512747875354108
0.5514636449480642
0.5516525023607176
0.5518413597733711
0.5520302171860245
0.552219074598678
0.5524079320113314
0.5525967894239848
0.5527856468366383
0.5529745042492917
0.5531633616619452
0.5537299338999055
0.5569405099150142
0.5576959395656279
0.5578847969782814
0.5580736543909348
0.5582625118035883
0.571671388101983
0.5718602455146364
0.5720491029272898
0.5722379603399433
0.575070821529745
0.5773371104815864
0.5775259678942398
0.5777148253068933
0.5786591123701605
0.5788479697828139
0.5790368271954675
0.5915014164305948
0.5916902738432483
0.5918791312559017
0.5933899905571294
0.5935788479697828
0.5937677053824362
0.59452313503305
0.5947119924457034
0.5949008498583569
0.5950897072710103
0.5952785646836638
0.6011331444759206
0.6013220018885741
0.6015108593012275
0.601699716713881
0.6018885741265344
0.6020774315391878
0.6022662889518413
0.6024551463644947
0.6026440037771482
0.6028328611898016
0.6030217186024551
0.6032105760151086
0.603399433427762
0.6035882908404155
0.6037771482530689
0.6381491973559962
0.6383380547686497
0.6385269121813031
0.6387157695939566
0.6487252124645891
0.6489140698772426
0.649102927289896
0.6492917847025496
0.6502360717658168
0.6504249291784703
0.6506137865911237
0.651180358829084
0.6513692162417375
0.6515580736543909
0.6570349386213409
0.6593012275731822
0.6594900849858356
0.6596789423984891
0.6598677998111425
0.6666666666666666
0.66685552407932
0.6670443814919735
0.6672332389046269
0.6674220963172804
0.6676109537299338
0.6677998111425872
0.762795089707271
0.7629839471199245
0.7631728045325779
0.7633616619452314
0.7635505193578848
0.8866855524079319
0.8868744098205853
0.8870632672332389
0.8872521246458923
0.8874409820585457
0.9025495750708215
0.902738432483475
0.9029272898961284
0.9031161473087819
0.9033050047214353
0.9034938621340887
0.9036827195467422
0.9038715769593957
0.9040604343720491
0.9042492917847025
0.9044381491973559
0.9046270066100095
0.9048158640226629
0.9050047214353163
0.9051935788479697
0.9055712936732767
0.9057601510859301
0.9059490084985835
0.9061378659112369
0.9063267233238903
0.9065155807365439
0.9067044381491973
0.9068932955618507
0.9070821529745041
0.9072710103871577
0.9074598677998111
0.9076487252124645
0.9078375826251179
0.9080264400377713
0.908215297450425
0.9084041548630784
0.9085930122757317
0.9087818696883851
0.9089707271010387
0.9091595845136922
0.9093484419263456
0.9095372993389991
0.9097261567516525
0.9099150141643059
0.9101038715769594
0.9102927289896129
0.9104815864022663
0.9106704438149197
0.9108593012275731
0.9110481586402267
0.9112370160528801
0.9114258734655335
0.9116147308781869
0.9118035882908403
0.9119924457034939
0.9121813031161473
0.9123701605288007
0.9125590179414541
0.9127478753541075
0.9129367327667611
0.9131255901794145
0.9133144475920679
0.9135033050047213
0.9136921624173747
0.9138810198300283
0.9140698772426817
0.9142587346553351
0.9144475920679885
0.914636449480642
0.9148253068932956
0.915014164305949
0.9152030217186023
0.9153918791312559
0.9155807365439093
0.996600566572238
0.5002832861189801
0.5004721435316336
0.500661000944287
0.5008498583569405
0.5010387157695939
0.5012275731822473
0.5014164305949008
0.5017941454202077
0.5019830028328611
0.5021718602455145
0.502360717658168
0.5025495750708214
0.5027384324834749
0.5186024551463645
0.5333333333333333
0.5335221907459867
0.5382436260623229
0.5384324834749764
0.5386213408876298
0.5388101983002833
0.5389990557129367
0.5399433427762039
0.5401322001888573
0.5437204910292729
0.5439093484419264
0.5440982058545798
0.5442870632672332
0.5459867799811142
0.5461756373937677
0.546742209631728
0.5469310670443814
0.547119924457035
0.5473087818696883
0.5474976392823417
0.5476864966949953
0.5478753541076486
0.5480642115203022
0.5482530689329556
0.548441926345609
0.5486307837582625
0.5491973559962228
0.5493862134088763
0.5495750708215297
0.5497639282341832
0.5503305004721436
0.550519357884797
0.5507082152974504
0.5508970727101039
0.5510859301227573
0.5512747875354108
0.5514636449480642
0.5516525023607176
0.5518413597733711
0.5520302171860245
0.552219074598678
0.5524079320113314
0.5525967894239848
0.5527856468366383
0.5529745042492917
0.5531633616619452
0.5533522190745986
0.553541076487252
0.5571293673276676
0.5573182247403211
0.5575070821529745
0.5576959395656279
0.5584513692162417
0.5586402266288951
0.559017941454202
0.5592067988668555
0.5593956562795089
0.5718602455146364
0.5720491029272898
0.5722379603399433
0.5756373937677053
0.5758262511803588
0.5966005665722379
0.5967894239848914
0.5969782813975448
0.5971671388101983
0.5973559962228517
0.5975448536355052
0.5977337110481586
0.597922568460812
0.5981114258734656
0.598300283286119
0.5984891406987725
0.5986779981114259
0.5988668555240793
0.5990557129367328
0.5992445703493862
0.5994334277620397
0.5996222851746931
0.5998111425873465
0.6
0.6001888574126534
0.6003777148253069
0.6005665722379603
0.6007554296506137
0.6009442870632672
0.6011331444759206
0.6013220018885741
0.6037771482530689
0.6039660056657223
0.6041548630783758
0.6043437204910292
0.6045325779036828
0.6047214353163362
0.6234183191690273
0.6236071765816809
0.6237960339943343
0.6239848914069878
0.6241737488196412
0.6243626062322947
0.6245514636449481
0.6247403210576015
0.624929178470255
0.6266288951841359
0.6268177525967894
0.6270066100094428
0.6271954674220963
0.6273843248347497
0.6275731822474031
0.6277620396600566
0.6383380547686497
0.6385269121813031
0.6387157695939566
0.63890462700661
0.6458923512747875
0.6485363550519357
0.6487252124645891
0.6489140698772426
0.649102927289896
0.6492917847025496
0.649480642115203
0.6496694995278565
0.6498583569405099
0.6500472143531634
0.6502360717658168
0.6504249291784703
0.6506137865911237
0.6508026440037772
0.6509915014164306
0.651180358829084
0.6513692162417375
0.6515580736543909
0.6517469310670444
0.6519357884796978
0.6577903682719547
0.6579792256846081
0.6581680830972616
0.658356940509915
0.8776203966005665
0.8778092540132201
0.8779981114258735
0.8781869688385269
0.9025495750708215
0.902738432483475
0.9029272898961284
0.9031161473087819
0.9033050047214353
0.9034938621340887
0.9068932955618507
0.9070821529745041
0.9072710103871577
0.9074598677998111
0.9076487252124645
0.9078375826251179
0.9080264400377713
0.908215297450425
0.9084041548630784
0.9085930122757317
0.9087818696883851
0.9089707271010387
0.9091595845136922
0.9093484419263456
0.9095372993389991
0.9097261567516525
0.9099150141643059
0.9101038715769594
0.9102927289896129
0.9104815864022663
0.9106704438149197
0.9155807365439093
0.9157695939565628
0.9159584513692162
0.9161473087818697
0.9163361661945231
0.9165250236071766
0.9335221907459867
0.9405099150141641
0.9406987724268178
0.5004721435316336
0.500661000944287
0.5008498583569405
0.5036827195467423
0.5038715769593957
0.5040604343720491
0.5042492917847026
0.504438149197356
0.5046270066100095
0.5048158640226629
0.5050047214353164
0.5051935788479698
0.5053824362606232
0.5055712936732767
0.5057601510859301
0.5225684608120869
0.5227573182247403
0.5229461756373938
0.5231350330500472
0.5233238904627007
0.5235127478753541
0.5237016052880076
0.523890462700661
0.5240793201133145
0.5242681775259679
0.5333333333333333
0.5335221907459867
0.5337110481586402
0.534088762983947
0.5342776203966005
0.5374881964117092
0.5376770538243626
0.5378659112370161
0.5380547686496695
0.5420207743153919
0.5422096317280453
0.5423984891406988
0.5425873465533522
0.5469310670443814
0.547119924457035
0.5473087818696883
0.5474976392823417
0.5501416430594901
0.5503305004721436
0.5507082152974504
0.5508970727101039
0.5516525023607176
0.5518413597733711
0.5524079320113314
0.5525967894239848
0.5527856468366383
0.5529745042492917
0.5531633616619452
0.5571293673276676
0.5573182247403211
0.5576959395656279
0.5578847969782814
0.5580736543909348
0.5582625118035883
0.5584513692162417
0.5586402266288951
0.5588290840415486
0.559017941454202
0.5592067988668555
0.5593956562795089
0.5595845136921624
0.5597733711048158
0.5599622285174692
0.5601510859301227
0.5603399433427761
0.5605288007554297
0.5743153918791312
0.5745042492917847
0.5746931067044381
0.5748819641170916
0.575070821529745
0.5752596789423984
0.5754485363550519
0.5786591123701605
0.5788479697828139
0.5790368271954675
0.5949008498583569
0.5950897072710103
0.5952785646836638
0.5971671388101983
0.5990557129367328
0.5992445703493862
0.5994334277620397
0.5996222851746931
0.5998111425873465
0.6
0.6254957507082153
0.6256846081208687
0.6258734655335222
0.6260623229461756
0.6262511803588291
0.6264400377714825
0.6266288951841359
0.6268177525967894
0.6270066100094428
0.6271954674220963
0.6273843248347497
0.6275731822474031
0.6277620396600566
0.6383380547686497
0.6385269121813031
0.6387157695939566
0.63890462700661
0.6472143531633616
0.647403210576015
0.6475920679886685
0.6477809254013219
0.6479697828139754
0.6481586402266288
0.6483474976392822
0.6485363550519357
0.6487252124645891
0.6509915014164306
0.651180358829084
0.6513692162417375
0.5070821529745042
0.5072710103871576
0.5074598677998111
0.5076487252124645
0.507837582625118
0.5080264400377714
0.5082152974504248
0.5084041548630783
0.5085930122757317
0.5087818696883852
0.5091595845136921
0.5093484419263455
0.509537299338999
0.5097261567516524
0.509915014164306
0.5101038715769594
0.5102927289896129
0.5108593012275732
0.5119924457034939
0.5573182247403211
0.5575070821529745
0.5576959395656279
0.5578847969782814
0.18111425873465534
0.1813031161473088
0.22322946175637393
0.22341831916902738
0.22360717658168083
0.22379603399433426
0.2239848914069877
0.22474032105760153
0.22492917847025493
0.22511803588290838
0.22530689329556183
0.2254957507082153
0.4859301227573182
0.504438149197356
0.5046270066100095
0.5048158640226629
0.5050047214353164
0.5051935788479698
0.5053824362606232
0.5055712936732767
0.5057601510859301
0.5059490084985836
0.506137865911237
0.5063267233238904
0.5065155807365439
0.5067044381491973
0.517091595845137
0.5329556185080264
0.5331444759206798
-0.4940509915014164
-0.49423984891406986
-0.4944287063267233
-0.49461756373937676
-0.49480642115203016
-0.49499527856468367
-0.49518413597733707
-0.4953729933899906
-0.495561850802644
-0.4957507082152975
-0.4959395656279509
-0.4961284230406043
-0.4963172804532578
-0.4965061378659112
-0.4966949952785647
-0.4968838526912181
-0.4970727101038715
-0.497261567516525
-0.4974504249291784
-0.4976392823418319
-0.5004721435316336
-0.500661000944287
-0.49480642115203016
-0.495561850802644
-0.4957507082152975
-0.4965061378659112
-0.4966949952785647
-0.4968838526912181
-0.4970727101038715
-0.497261567516525
-0.4974504249291784
-0.4976392823418319
-0.4978281397544853
-0.4997167138810198
-0.4999055712936733
-0.5000944287063267
-0.5318224740321058
-0.5320113314447592
-0.5322001888574126
-0.5323890462700661
-0.5391879131255901
-0.5393767705382436
-0.539565627950897
-0.5397544853635505
-0.5399433427762039
-0.5401322001888573
-0.5403210576015108
-0.5405099150141642
-0.5406987724268177
-0.049480642115203026
-0.049669499527856466
-0.04985835694050991
-0.05004721435316335
-0.05023607176581681
-0.05042492917847025
-0.05231350330500472
-0.05779036827195467
-0.05797922568460812
-0.05816808309726157
-0.05835694050991501
-0.05873465533522191
-0.05892351274787535
-0.059112370160528796
-0.05930122757318224
-0.059490084985835696
-0.059678942398489136
-0.05986779981114258
-0.06005665722379602
-0.06024551463644948
-0.06043437204910292
-0.06062322946175637
-0.060812086874409824
-0.06100094428706326
-0.06118980169971671
-0.06137865911237016
-0.06156751652502361
-0.06175637393767705
-0.0619452313503305
-0.06213408876298394
-0.0623229461756374
-0.06251180358829084
-0.06270066100094428
-0.06288951841359773
-0.06307837582625118
-0.06326723323890462
-0.06345609065155806
-0.06364494806421152
-0.06383380547686497
-0.06402266288951841
-0.06421152030217185
-0.0644003777148253
-0.06458923512747876
-0.0647780925401322
-0.06496694995278564
-0.06515580736543909
-0.06534466477809253
-0.06553352219074599
-0.06572237960339943
-0.06591123701605288
-0.06610009442870632
-0.06628895184135977
-0.06647780925401323
-0.06666666666666667
-0.0668555240793201
-0.06704438149197356
-0.06723323890462701
-0.06742209631728045
-0.06761095372993389
-0.06779981114258735
-0.0679886685552408
-0.06817752596789424
-0.06836638338054768
-0.06855524079320112
-0.06874409820585457
-0.06893295561850803
-0.06912181303116147
-0.0693106704438149
-0.06949952785646836
-0.06968838526912181
-0.06987724268177525
-0.07006610009442871
-0.07025495750708215
-0.0704438149197356
-0.07063267233238904
-0.0708215297450425
-0.07101038715769593
-0.07119924457034939
-0.07138810198300283
-0.07157695939565628
-0.07176581680830972
-0.07195467422096316
-0.07214353163361661
-0.07233238904627007
-0.07252124645892351
-0.07271010387157695
-0.0728989612842304
-0.08158640226628895
-0.08177525967894239
-0.08196411709159585
-0.0821529745042493
-0.08234183191690274
-0.08253068932955618
-0.08271954674220962
-0.08290840415486307
-0.08309726156751653
-0.08328611898016997
-0.0834749763928234
-0.14145420207743153
-0.141643059490085
-0.14183191690273841
-0.14202077431539187
-0.001510859301227573
-0.0016997167138810196
-0.0018885741265344664
-0.0020774315391879133
-0.0022662889518413596
-0.002455146364494806
-0.002644003777148253
-0.5312559017941454
-0.5314447592067989
-0.5316336166194523
-0.5318224740321058
-0.5320113314447592
-0.5322001888574126
-0.5323890462700661
-0.5325779036827195
-0.532766761095373
-0.5329556185080264
-0.5331444759206798
-0.5333333333333333
-0.5335221907459867
-0.0020774315391879133
-0.0022662889518413596
-0.525590179414542
-0.5257790368271954
-0.5259678942398489
-0.5295561850802644
-0.5297450424929179
-0.5299338999055713
-0.5301227573182248
-0.5303116147308782
-0.5305004721435317
-0.5306893295561851
-0.5308781869688385
-0.531067044381492
-0.5312559017941454
-0.5314447592067989
-0.5316336166194523
-0.5318224740321058
-0.5320113314447592
-0.5322001888574126
-0.5323890462700661
-0.5325779036827195
-0.532766761095373
-0.5329556185080264
-0.5331444759206798
-0.5333333333333333
-0.5335221907459867
-0.5337110481586402
-0.5338999055712936
-0.534088762983947
-0.5342776203966005
-0.5344664778092539
-0.525590179414542
-0.5261567516525023
-0.5263456090651558
-0.5265344664778092
-0.5267233238904626
-0.5269121813031161
-0.5342776203966005
-0.5344664778092539
-0.5346553352219074
-0.5348441926345608
-0.5350330500472142
-0.5352219074598678
-0.5354107648725211
-0.5355996222851747
-0.5357884796978281
-0.5359773371104816
-0.536166194523135
-0.5363550519357885
-0.5365439093484419
-0.5367327667610954
-0.10859301227573182
-0.10878186968838525
-0.10897072710103871
-0.10915958451369216
-0.1093484419263456
-0.10953729933899906
-0.10972615675165251
-0.10991501416430594
-0.11010387157695939
-0.11029272898961284
-0.11048158640226628
-0.11067044381491974
-0.11085930122757316
-0.11614730878186968
-0.11633616619452314
-0.14598677998111426
-0.10557129367327668
-0.10576015108593011
-0.10594900849858356
-0.10651558073654391
-0.10670443814919736
-0.10689329556185079
-0.10708215297450425
-0.10727101038715768
-0.10745986779981113
-0.10783758262511803
-0.10802644003777148
-0.10821529745042494
-0.11029272898961284
-0.11048158640226628
-0.11067044381491974
-0.11085930122757316
-0.11104815864022662
-0.11123701605288007
-0.4934844192634561
-0.4938621340887629
-0.4940509915014164
-0.49423984891406986
-0.4944287063267233
-0.49461756373937676
-0.49480642115203016
-0.49499527856468367
-0.49518413597733707
-0.4953729933899906
-0.495561850802644
-0.4957507082152975
-0.4959395656279509
-0.4961284230406043
-0.4963172804532578
-0.4965061378659112
-0.4966949952785647
-0.4968838526912181
-0.4970727101038715
-0.497261567516525
-0.4974504249291784
-0.4976392823418319
-0.5004721435316336
-0.500661000944287
-0.5008498583569405
-0.5325779036827195
-0.5389990557129367
-0.5391879131255901
-0.5393767705382436
-0.539565627950897
-0.5658168083097261
