0.7309007981755987
0.9173318129988599
0.918757126567845
0.9190421892816419
0.9193272519954391
0.9221778791334094
0.9224629418472066
0.9227480045610036
0.9230330672748005
0.9233181299885975
0.9236031927023945
0.9375712656784494
0.9378563283922464
0.9381413911060434
0.9384264538198405
0.9387115165336375
0.9389965792474346
0.9392816419612317
0.9395667046750286
0.9398517673888256
0.9401368301026226
0.9404218928164196
0.9407069555302168
0.9409920182440138
0.9412770809578108
0.9415621436716078
0.9418472063854049
0.9421322690992019
0.9481185860889396
0.9486887115165337
0.9489737742303307
0.9492588369441278
0.9495438996579249
0.9498289623717219
0.9501140250855189
0.9503990877993159
0.9506841505131131
0.9509692132269101
0.9512542759407071
0.9515393386545041
0.951824401368301
0.9521094640820981
0.9523945267958952
0.9526795895096922
0.9529646522234893
0.9532497149372863
0.9535347776510833
0.9538198403648803
0.9541049030786775
0.9543899657924745
0.9546750285062715
0.9549600912200685
0.9552451539338656
0.9555302166476627
0.9558152793614597
0.9561003420752566
0.9563854047890537
0.9566704675028507
0.9569555302166477
0.9572405929304447
0.9575256556442419
0.9578107183580389
0.9580957810718359
0.9583808437856329
0.95866590649943
0.9589509692132271
0.9592360319270241
0.9595210946408211
0.9598061573546182
0.9600912200684151
0.9603762827822121
0.9606613454960091
0.9609464082098063
0.9612314709236033
0.9615165336374003
0.9618015963511973
0.9620866590649944
0.9623717217787915
0.9626567844925885
0.9629418472063855
0.9632269099201826
0.9635119726339796
0.9637970353477766
0.9640820980615737
0.9643671607753707
0.9646522234891677
0.9649372862029647
0.9652223489167617
0.9706385404789055
0.9709236031927025
0.9712086659064996
0.9714937286202966
0.9717787913340936
0.24857468643101485
0.24885974914481188
0.24914481185860893
0.24942987457240595
0.24971493728620298
0.25000000000000006
0.250285062713797
0.2505701254275941
0.893956670467503
0.8942417331813
0.894526795895097
0.8965222348916763
0.8968072976054733
0.8970923603192703
0.8973774230330674
0.8976624857468645
0.8985176738882554
0.8988027366020525
0.8990877993158496
0.8993728620296466
0.8996579247434436
0.8999429874572407
0.9002280501710377
0.9005131128848347
0.9007981755986318
0.9010832383124289
0.9013683010262259
0.9016533637400229
0.9019384264538199
0.9022234891676171
0.902508551881414
0.902793614595211
0.903078677309008
0.911060433295325
0.9113454960091221
0.9141961231470925
0.9352907639680731
0.93557582668187
0.9358608893956671
0.9361459521094642
0.9364310148232612
0.9367160775370582
0.47348916761687576
0.7061003420752566
0.7063854047890537
0.7286202964652224
0.7289053591790194
0.7291904218928166
0.7294754846066136
0.7477194982896238
0.7480045610034208
0.7482896237172179
0.7485746864310149
0.7488597491448119
0.749144811858609
0.7494298745724061
0.88654503990878
0.886830102622577
0.887115165336374
0.8874002280501712
0.8876852907639682
0.8879703534777652
0.8882554161915622
0.8885404789053593
0.8888255416191563
0.8891106043329534
0.8893956670467504
0.8896807297605475
0.8899657924743445
0.9056442417331815
0.9059293044469785
0.9062143671607755
0.9161915621436717
0.9164766248574687
0.9167616875712657
0.9170467502850628
0.9173318129988599
0.9176168757126569
0.917901938426454
0.918187001140251
0.918472063854048
0.918757126567845
0.9224629418472066
0.9227480045610036
0.9230330672748005
0.9233181299885975
0.9236031927023945
0.9238882554161916
0.9241733181299887
0.9244583808437857
0.9247434435575828
0.9250285062713798
0.9253135689851768
0.9255986316989739
0.925883694412771
0.926168757126568
0.926453819840365
0.9270239452679591
0.927309007981756
0.9275940706955531
0.9278791334093501
0.9281641961231472
0.9284492588369442
0.934720638540479
0.9395667046750286
0.9398517673888256
0.9401368301026226
0.9404218928164196
0.9407069555302168
0.942702394526796
0.9429874572405931
0.9432725199543901
0.943557582668187
0.943842645381984
0.9441277080957812
0.9444127708095782
0.9446978335233752
0.9538198403648803
0.9541049030786775
0.9543899657924745
0.9546750285062715
0.9549600912200685
0.9552451539338656
0.9555302166476627
0.9615165336374003
0.9629418472063855
0.9632269099201826
0.9635119726339796
0.9637970353477766
0.7058152793614596
0.7063854047890537
0.7445838084378564
0.7448688711516535
0.7451539338654505
0.7454389965792475
0.7457240592930446
0.7460091220068417
0.7462941847206386
0.7465792474344356
0.7468643101482326
0.7471493728620296
0.7474344355758268
0.7625427594070697
0.7628278221208666
0.7631128848346637
0.773375142531357
0.773660205245154
0.7739452679589511
0.7742303306727482
0.7745153933865452
0.7748004561003422
0.7750855188141391
0.7753705815279361
0.7756556442417332
0.7759407069555303
0.7762257696693273
0.7765108323831243
0.7767958950969214
0.7770809578107184
0.7785062713797036
0.7787913340935007
0.7790763968072978
0.7793614595210947
0.7796465222348917
0.7799315849486887
0.7802166476624858
0.7805017103762828
0.7807867730900799
0.781071835803877
0.781356898517674
0.781641961231471
0.781927023945268
0.782212086659065
0.7824971493728622
0.7827822120866592
0.7830672748004562
0.7833523375142531
0.7853477765108324
0.7856328392246295
0.7859179019384266
0.7862029646522236
0.7864880273660206
0.7867730900798177
0.7870581527936147
0.8118586088939568
0.9198973774230331
0.9201824401368301
0.9204675028506272
0.9207525655644243
0.9210376282782213
0.9213226909920184
0.9216077537058154
0.9218928164196124
0.9221778791334094
0.9224629418472066
0.9227480045610036
0.9230330672748005
0.725484606613455
0.725769669327252
0.7260547320410491
0.7263397947548461
0.7266248574686431
0.7269099201824402
0.7271949828962372
0.7274800456100343
0.7277651083238313
0.7280501710376284
0.7283352337514254
0.7286202964652224
0.7289053591790194
0.7291904218928166
0.7294754846066136
0.7297605473204105
0.7300456100342075
0.7303306727480046
0.7306157354618016
0.7309007981755987
0.7311858608893957
0.7374572405929306
0.7377423033067276
0.7380273660205245
0.7383124287343216
0.7405929304446979
0.740877993158495
0.741163055872292
0.7605473204104903
0.7708095781071838
0.7710946408209807
0.7713797035347777
0.7716647662485747
0.8050171037628279
0.8053021664766249
0.8055872291904219
0.805872291904219
0.8061573546180161
0.8064424173318131
0.8067274800456101
0.8070125427594071
0.8072976054732043
0.8075826681870013
0.8078677309007983
0.8081527936145952
0.8084378563283923
0.8087229190421893
0.8090079817559863
0.8209806157354619
0.8212656784492589
0.8215507411630559
0.821835803876853
0.82212086659065
0.8224059293044471
0.8226909920182441
0.8229760547320412
0.8232611174458382
0.8235461801596352
0.8238312428734322
0.8241163055872294
0.8244013683010263
0.8246864310148233
0.8249714937286203
0.8252565564424174
0.8255416191562144
0.8258266818700115
0.8261117445838085
0.8263968072976056
0.8266818700114026
0.8269669327251996
0.8272519954389966
0.8275370581527938
0.8278221208665908
0.8281071835803878
0.8283922462941848
0.8286773090079818
0.8289623717217788
0.8292474344355759
0.8295324971493729
0.2693842645381984
0.47605473204104903
0.4763397947548461
0.47662485746864314
0.47690992018244016
0.47719498289623724
0.47862029646522236
0.47890535917901944
0.47976054732041057
0.48004561003420754
0.48033067274800456
0.48061573546180164
0.48118586088939574
0.7628278221208666
0.7631128848346637
0.7633979475484607
0.7636830102622577
0.7699543899657926
0.7702394526795896
0.7705245153933866
0.7708095781071838
0.7710946408209807
0.7713797035347777
0.773660205245154
0.7739452679589511
0.7742303306727482
0.8244013683010263
0.8246864310148233
0.8249714937286203
0.8252565564424174
0.8255416191562144
0.8797035347776512
0.8799885974914482
0.8802736602052452
0.8805587229190422
0.8808437856328394
0.8928164196123148
0.8931014823261119
0.8933865450399089
0.8936716077537059
0.893956670467503
0.8942417331813
0.894526795895097
0.9036488027366021
0.9039338654503991
0.9042189281641962
0.9045039908779933
0.9047890535917903
0.9050741163055873
0.9053591790193843
0.9056442417331815
0.9059293044469785
0.9062143671607755
0.9064994298745725
0.9113454960091221
0.9116305587229191
0.9119156214367161
0.9122006841505131
0.9124857468643103
0.9127708095781073
0.9130558722919043
0.9133409350057013
0.9136259977194984
0.9139110604332955
0.9141961231470925
0.9144811858608896
0.9147662485746866
0.9150513112884835
0.9153363740022805
0.9318700114025086
0.9321550741163056
0.9324401368301027
0.9327251995438998
0.1915621436716078
0.2029646522234892
0.298175598631699
0.29846066134549604
0.354618015963512
0.4076396807297606
0.40792474344355767
0.40820980615735464
0.442987457240593
0.44327251995439
0.47719498289623724
0.47748004561003426
0.47776510832383134
0.4780501710376283
0.47833523375142534
0.47862029646522236
0.47890535917901944
0.47919042189281646
0.47947548460661354
0.47976054732041057
0.48004561003420754
0.48033067274800456
0.48061573546180164
0.48090079817559866
0.48118586088939574
0.4817559863169898
0.4820410490307869
0.48318129988597497
0.5265108323831243
0.5267958950969214
0.5270809578107184
0.5273660205245154
0.5276510832383124
0.5279361459521095
0.5282212086659065
0.5285062713797036
0.5287913340935007
0.5290763968072977
0.5587229190421893
0.5590079817559863
0.5612884834663626
0.5615735461801598
0.5618586088939568
0.5621436716077538
0.5624287343215507
0.5627137970353479
0.5629988597491449
0.5632839224629419
0.5635689851767389
0.563854047890536
0.5641391106043331
0.56442417331813
0.564709236031927
0.5655644241733182
0.5658494868871152
0.5661345496009123
0.5664196123147093
0.5667046750285063
0.5672748004561003
0.5675598631698975
0.5678449258836945
0.5681299885974915
0.5684150513112886
0.6097491448118587
0.6584948688711517
0.6587799315849487
0.6590649942987459
0.6593500570125429
0.7870581527936147
0.7873432155074116
0.7876282782212087
0.7879133409350058
0.7881984036488028
0.7884834663625998
0.7887685290763968
0.7927594070695554
0.7930444697833524
0.7933295324971494
0.7936145952109465
0.7938996579247435
0.7941847206385406
0.7944697833523376
0.7947548460661347
0.8004561003420753
0.8007411630558724
0.8206955530216647
0.8209806157354619
0.8212656784492589
0.8215507411630559
0.821835803876853
0.82212086659065
0.8224059293044471
0.8226909920182441
0.8229760547320412
0.8232611174458382
0.8235461801596352
0.8238312428734322
0.8241163055872294
0.8244013683010263
0.8246864310148233
0.8249714937286203
0.8252565564424174
0.8255416191562144
0.8258266818700115
0.8261117445838085
0.8263968072976056
0.8266818700114026
0.8269669327251996
0.8272519954389966
0.8275370581527938
0.8278221208665908
0.8281071835803878
0.8283922462941848
0.8286773090079818
0.8289623717217788
0.8292474344355759
0.8295324971493729
0.8603192702394528
0.8606043329532499
0.032497149372862036
0.03534777651083239
0.035632839224629426
0.03591790193842646
0.036773090079817564
0.0370581527936146
0.03734321550741164
0.03762827822120867
0.03962371721778792
0.04732041049030787
0.04760547320410491
0.0515963511972634
0.05188141391106044
0.052166476624857475
0.05245153933865451
0.11573546180159637
0.12998859749144814
0.13027366020524517
0.1305587229190422
0.13084378563283924
0.13112884834663627
0.1376852907639681
0.13797035347776512
0.13825541619156215
0.13996579247434437
0.1402508551881414
0.14053591790193845
0.14082098061573547
0.14794754846066135
0.1482326111744584
0.14851767388825546
0.14880273660205245
0.1490877993158495
0.15307867730900798
0.15336374002280503
0.15364880273660209
0.15393386545039908
0.15421892816419613
0.15450399087799319
0.1547890535917902
0.16533637400228052
0.16562143671607757
0.1659064994298746
0.16619156214367162
0.21579247434435578
0.21978335233751428
0.2200684150513113
0.22035347776510836
0.22063854047890538
0.2209236031927024
0.22120866590649946
0.2214937286202965
0.2217787913340935
0.2232041049030787
0.22348916761687576
0.22377423033067276
0.23318129988597494
0.23346636259977196
0.029646522234891677
0.03078677309007982
0.031071835803876856
0.03135689851767389
0.03164196123147093
0.03477765108323831
0.03506271379703535
0.039338654503990884
0.04703534777651084
0.09635119726339797
0.1151653363740023
0.1376852907639681
0.1547890535917902
0.16505131128848347
0.21949828962371723
0.22120866590649946
0.2214937286202965
0.2217787913340935
0.22206385404789056
0.2223489167616876
0.2226339794754846
0.733466362599772
0.7337514253135691
0.7346066134549601
0.7348916761687572
0.7351767388825542
0.7425883694412772
0.7596921322690993
0.7599771949828963
0.7602622576966933
0.7605473204104903
0.7722348916761688
0.7725199543899659
0.7728050171037629
0.8004561003420753
0.8007411630558724
0.8010262257696694
0.8013112884834664
0.8018814139110605
0.8021664766248575
0.8024515393386547
0.8027366020524517
0.8030216647662487
0.8033067274800457
0.8035917901938427
0.8038768529076397
0.8041619156214368
0.8044469783352338
0.8047320410490308
0.8050171037628279
0.8053021664766249
0.8055872291904219
0.805872291904219
0.8061573546180161
0.8064424173318131
0.8078677309007983
0.8081527936145952
0.8084378563283923
0.8087229190421893
0.8090079817559863
0.8092930444697835
0.8095781071835805
0.8098631698973775
0.8101482326111745
0.8204104903078677
0.8206955530216647
0.8209806157354619
0.8212656784492589
0.8215507411630559
0.821835803876853
0.82212086659065
0.8224059293044471
0.8226909920182441
0.8229760547320412
0.8232611174458382
0.8235461801596352
0.8238312428734322
0.8241163055872294
0.8244013683010263
0.8246864310148233
0.8249714937286203
0.8252565564424174
0.8255416191562144
0.8258266818700115
0.8261117445838085
0.8263968072976056
0.8266818700114026
0.8269669327251996
0.8272519954389966
0.8275370581527938
0.8278221208665908
0.8281071835803878
0.8283922462941848
0.8286773090079818
0.82981755986317
0.830102622576967
0.830387685290764
0.8306727480045611
0.8309578107183582
0.8312428734321552
0.8315279361459522
0.8318129988597492
0.8320980615735463
0.8323831242873434
0.8326681870011403
0.8329532497149373
0.8332383124287344
0.8335233751425314
0.8338084378563284
0.8340935005701255
0.8343785632839226
0.8346636259977196
0.8349486887115166
0.8352337514253136
0.8355188141391107
0.8358038768529078
0.8360889395667048
0.8363740022805018
0.8366590649942988
0.8369441277080958
0.8372291904218928
0.83751425313569
0.837799315849487
0.9287343215507412
0.9290193842645383
0.9293044469783354
0.003990877993158496
0.014823261117445839
0.015108323831242875
0.01539338654503991
0.019669327251995442
0.019954389965792477
0.02023945267958951
0.020524515393386546
0.020809578107183584
0.021094640820980618
0.021379703534777656
0.021664766248574687
0.021949828962371725
0.02223489167616876
0.025085518814139115
0.02537058152793615
0.025655644241733184
0.02594070695553022
0.026225769669327256
0.02651083238312429
0.029931584948688715
0.03021664766248575
0.05957810718358039
0.19555302166476626
0.1958380843785633
0.19612314709236034
0.19640820980615736
0.19669327251995442
0.19697833523375144
0.1972633979475485
0.19754846066134552
0.19783352337514257
0.1981185860889396
0.19840364880273662
0.19868871151653367
0.1989737742303307
0.19925883694412772
0.19954389965792477
0.19982896237172182
0.20011402508551882
0.20039908779931587
0.20068415051311292
0.20096921322690992
0.20125427594070697
0.20153933865450402
0.20182440136830107
0.20210946408209807
0.20239452679589512
-0.019954389965792477
-0.02023945267958951
-0.020524515393386546
-0.020809578107183584
-0.021094640820980618
-0.021379703534777656
-0.021664766248574687
-0.02708095781071836
-0.027366020524515398
-0.027651083238312432
-0.02793614595210947
-0.0282212086659065
-0.028506271379703536
-0.028791334093500574
-0.029076396807297608
-0.029361459521094643
-0.029646522234891677
-0.029931584948688715
-0.3497719498289624
-0.35005701254275945
-0.35034207525655653
-0.3916761687571266
-0.3919612314709236
-0.3922462941847207
-0.3925313568985177
-0.3928164196123147
-0.3931014823261118
-0.39338654503990883
-0.3936716077537058
-0.3939566704675029
-0.3942417331812999
-0.394526795895097
-0.394811858608894
-0.39509692132269103
-0.3953819840364881
-0.39566704675028513
-0.3962371721778792
-0.3965222348916762
-0.39680729760547323
-0.39766248574686436
-0.3979475484606614
-0.3982326111744584
-0.39851767388825543
-0.40079817559863173
-0.40108323831242876
-0.40136830102622584
-0.40165336374002286
-0.40193842645381983
-0.4022234891676169
-0.34948688711516535
-0.3497719498289624
-0.35005701254275945
-0.35176738882554165
-0.35205245153933873
-0.362884834663626
-0.36716077537058156
-0.3688711516533638
-0.3691562143671608
-0.3694412770809578
-0.3697263397947549
-0.3700114025085519
-0.37029646522234894
-0.3905359179019385
-0.3908209806157355
-0.3911060433295325
-0.3913911060433296
-0.3916761687571266
-0.3919612314709236
-0.3922462941847207
-0.3925313568985177
-0.3928164196123147
-0.3931014823261118
-0.39338654503990883
-0.3936716077537058
-0.3939566704675029
-0.3942417331812999
-0.394526795895097
-0.394811858608894
-0.39509692132269103
-0.3953819840364881
-0.39737742303306733
-0.39766248574686436
-0.3979475484606614
-0.3982326111744584
-0.39851767388825543
-0.3988027366020525
-0.39908779931584953
-0.39965792474344364
-0.3999429874572406
-0.40022805017103763
-0.40165336374002286
-0.40193842645381983
-0.4022234891676169
-0.40250855188141393
-0.34948688711516535
-0.3497719498289624
-0.35005701254275945
-0.3511972633979476
-0.3514823261117446
-0.3531927023945268
-0.36545039908779936
-0.3657354618015964
-0.3694412770809578
-0.3697263397947549
-0.3700114025085519
-0.37029646522234894
-0.370581527936146
-0.37086659064994304
-0.37115165336374
-0.3905359179019385
-0.3908209806157355
-0.3911060433295325
-0.3913911060433296
-0.3916761687571266
-0.3919612314709236
-0.3922462941847207
-0.3925313568985177
-0.3928164196123147
-0.3931014823261118
-0.39338654503990883
-0.3936716077537058
-0.3939566704675029
-0.3942417331812999
-0.394526795895097
-0.394811858608894
-0.39908779931584953
-0.39937286202964656
-0.39965792474344364
-0.40165336374002286
-0.40193842645381983
-0.4022234891676169
-0.40250855188141393
-0.40279361459521096
-0.40307867730900804
-0.3489167616875713
-0.3492018244013683
-0.34948688711516535
-0.3665906499429875
-0.36687571265678454
-0.36716077537058156
-0.3674458380843786
-0.3680159635119727
-0.3683010262257697
-0.36858608893956674
-0.3688711516533638
-0.3691562143671608
-0.3694412770809578
-0.3697263397947549
-0.3700114025085519
-0.37029646522234894
-0.370581527936146
-0.3899657924743444
-0.3902508551881414
-0.3905359179019385
-0.3908209806157355
-0.3911060433295325
-0.3913911060433296
-0.3916761687571266
-0.3919612314709236
-0.3922462941847207
-0.3925313568985177
-0.3928164196123147
-0.3931014823261118
-0.39338654503990883
-0.3936716077537058
-0.3939566704675029
-0.3942417331812999
-0.394526795895097
-0.394811858608894
-0.39509692132269103
-0.3953819840364881
-0.39566704675028513
-0.3959521094640821
-0.3962371721778792
-0.3965222348916762
-0.39680729760547323
-0.3970923603192703
-0.39737742303306733
-0.39766248574686436
-0.3979475484606614
-0.3982326111744584
-0.39965792474344364
-0.3999429874572406
-0.40022805017103763
-0.4005131128848347
-0.40079817559863173
-0.40108323831242876
-0.40136830102622584
-0.40165336374002286
-0.40193842645381983
-0.2086659064994299
-0.20895096921322695
-0.20923603192702395
-0.209521094640821
-0.20980615735461805
-0.21009122006841507
-0.2103762827822121
-0.21066134549600915
-0.21094640820980617
-0.2112314709236032
-0.21151653363740025
-0.21180159635119727
-0.21208665906499433
-0.21237172177879135
-0.21265678449258837
-0.21294184720638543
-0.21322690992018248
-0.21351197263397947
-0.21379703534777653
-0.21408209806157358
-0.2143671607753706
-0.21465222348916763
-0.21493728620296468
-0.35205245153933873
-0.9042189281641962
-0.9045039908779933
-0.9047890535917903
-0.9050741163055873
-0.9053591790193843
-0.9056442417331815
-0.9059293044469785
-0.9062143671607755
-0.9064994298745725
-0.9067844925883695
-0.9070695553021665
-0.9084948688711517
-0.9087799315849487
-0.23774230330672752
-0.23802736602052452
-0.23831242873432157
-0.23859749144811862
-0.23888255416191567
-0.23916761687571267
-0.23945267958950972
-0.23973774230330677
-0.24002280501710377
-0.24030786773090082
-0.27251995438996585
-0.27280501710376287
-0.2730900798175599
-0.2733751425313569
-0.27366020524515394
-0.27394526795895097
-0.27423033067274805
-0.27451539338654507
-0.2748004561003421
-0.2750855188141391
-0.2753705815279362
-0.2756556442417332
-0.27594070695553025
-0.27622576966932727
-0.2765108323831243
-0.2767958950969214
-0.2770809578107184
-0.2773660205245154
-0.27765108323831245
-0.2779361459521095
-0.2782212086659065
-0.2785062713797036
-0.2787913340935006
-0.2790763968072976
-0.27936145952109465
-0.2796465222348917
-0.27993158494868875
-0.2802166476624858
-0.2805017103762828
-0.2807867730900799
-0.2810718358038769
-0.2813568985176739
-0.28164196123147095
-0.281927023945268
-0.282212086659065
-0.2824971493728621
-0.2827822120866591
-0.2830672748004561
-0.28335233751425315
-0.2836374002280502
-0.28392246294184725
-0.2842075256556443
-0.2844925883694413
-0.2847776510832383
-0.2850627137970354
-0.2853477765108324
-0.28563283922462945
-0.2859179019384265
-0.28620296465222356
-0.2864880273660205
-0.2867730900798176
-0.28705815279361463
-0.28734321550741165
-0.2876282782212087
-0.28791334093500576
-0.2881984036488028
-0.2884834663625998
-0.28876852907639683
-0.28905359179019385
-0.2893386545039909
-0.28962371721778796
-0.289908779931585
-0.290193842645382
-0.29047890535917903
-0.29076396807297605
-0.29104903078677313
-0.2953249714937286
-0.2956100342075257
-0.2958950969213227
-0.2961801596351198
-0.2964652223489168
-0.29675028506271384
-0.2970353477765109
-0.2973204104903079
-0.2976054732041049
-0.297890535917902
-0.298175598631699
-0.29846066134549604
-0.2987457240592931
-0.29903078677309014
-0.2993158494868871
-0.2996009122006842
-0.2998859749144812
-0.30017103762827824
-0.3004561003420753
-0.30074116305587234
-0.30102622576966936
-0.3013112884834664
-0.23631698973774232
-0.23660205245153937
-0.23688711516533642
-0.24059293044469787
-0.2408779931584949
-0.24116305587229192
-0.24144811858608897
-0.241733181299886
-0.24201824401368305
-0.24230330672748007
-0.2616875712656785
-0.2542759407069556
-0.2545610034207526
-0.25484606613454963
-0.25513112884834666
-0.25541619156214374
-0.2557012542759407
-0.3722919042189282
-0.37257696693272524
-0.3728620296465223
-0.3740022805017104
-0.37428734321550744
-0.3745724059293045
-0.37485746864310154
-0.37514253135689857
-0.3754275940706956
-0.38397947548460665
-0.3891106043329533
-0.8566134549600913
