0.17843812805053114
0.17858168245765146
0.17872523686477174
0.1800172265288544
0.180304335343095
0.18044788975021533
0.18575940281366637
0.1920757967269595
0.19221935113407979
0.1923629055412001
0.19250645994832039
0.19580821131208725
0.19595176571920758
0.19609532012632785
0.19623887453344815
0.19638242894056848
0.19652598334768875
0.19666953775480905
0.19681309216192935
0.19810508182601202
0.19824863623313235
0.19839219064025262
0.19853574504737295
0.19867929945449325
0.19882285386161352
0.19896640826873385
0.20011484352569622
0.20025839793281652
0.20040195233993682
0.2124605225380419
0.21461383864484637
0.21475739305196667
0.21490094745908697
0.21504450186620727
0.2151880562733276
0.21533161068044787
0.21547516508756817
0.21561871949468847
0.21576227390180877
0.21590582830892907
0.21662360034453057
0.21676715475165087
0.21691070915877114
0.21705426356589147
0.21719781797301174
0.21734137238013204
0.21748492678725237
0.21762848119437264
0.21777203560149297
0.21791559000861324
0.21805914441573354
0.21820269882285384
0.21834625322997414
0.21848980763709447
0.21863336204421474
0.21877691645133504
0.21892047085845534
0.21978179730117714
0.2199253517082974
0.22006890611541774
0.220212460522538
0.22107378696525984
0.2220786678151019
0.2222222222222222
0.2223657766293425
0.22250933103646278
0.2226528854435831
0.22279643985070338
0.22681596325007175
0.22695951765719205
0.22710307206431235
0.22724662647143265
0.22739018087855298
0.22753373528567325
0.22767728969279355
0.22782084409991385
0.22796439850703415
0.22810795291415445
0.22825150732127475
0.22839506172839502
0.22853861613551535
0.23686477174849266
0.23700832615561296
0.23715188056273326
0.23729543496985353
0.23743898937697386
0.23758254378409416
0.23772609819121446
0.23786965259833476
0.23801320700545503
0.23815676141257536
0.23830031581969563
0.23844387022681596
0.23858742463393626
0.23873097904105653
0.23887453344817686
0.23901808785529713
0.24074074074074073
0.240884295147861
0.24102784955498133
0.24117140396210163
0.2413149583692219
0.24145851277634223
0.2416020671834625
0.24174562159058283
0.24188917599770313
0.2420327304048234
0.24217628481194373
0.242319839219064
0.2424633936261843
0.2426069480333046
0.2427505024404249
0.24289405684754523
0.24734424346827447
0.24748779787539474
0.24763135228251504
0.24777490668963537
0.24791846109675564
0.24806201550387597
0.24820556991099624
0.24834912431811654
0.24849267872523684
0.24863623313235714
0.24877978753947746
0.24892334194659774
0.24906689635371804
0.253373528567327
0.2535170829744473
0.2935687625610106
0.2937123169681309
0.2938558713752512
0.2939994257823715
0.2941429801894918
0.32917025552684465
0.329313809933965
0.3294573643410853
0.3296009187482055
0.32974447315532585
0.3298880275624462
0.3314671260407694
0.22078667815101924
0.3033304622451909
0.3034740166523112
0.30361757105943155
0.30376112546655176
0.3039046798736721
0.3040482342807924
0.3041917886879127
0.304335343095033
0.30462245190927356
0.3047660063163939
0.30792420327304043
0.30806775768016076
0.3082113120872811
0.3083548664944013
0.30849842090152163
0.30864197530864196
0.3087855297157623
0.30892908412288256
0.30907263853000283
0.31151306345104796
0.33132357163364917
0.3314671260407694
0.3316106804478897
0.33175423485501004
0.3318977892621303
0.33204134366925064
0.3321848980763709
0.3323284524834912
0.3324720068906115
0.33261556129773184
0.36175710594315247
0.3619006603502727
0.3687912718920471
0.36893482629916735
0.3786965259833477
0.37884008039046796
0.37998851564743036
0.3801320700545507
0.3802756244616709
0.38041917886879123
0.38056273327591156
0.4965546942291128
0.4966982486362331
0.5022968705139247
0.502440424921045
0.5025839793281653
0.5114843525696239
0.518805627332759
0.5189491817398794
0.5190927361469997
0.5192362905541199
0.5208153890324433
0.5213896066609245
0.5215331610680448
0.521676715475165
0.5218202698822854
0.5278495549813379
0.5279931093884582
0.5281366637955784
0.5282802182026988
0.5284237726098191
0.5285673270169394
0.5287108814240596
0.52885443583118
0.5289979902383003
0.5291415446454205
0.5292850990525408
0.5294286534596612
0.5295722078667814
0.5297157622739017
0.529859316681022
0.5300028710881424
0.5301464254952627
0.5302899799023829
0.5304335343095032
0.5305770887166236
0.5307206431237439
0.5308641975308642
0.5310077519379844
0.5311513063451048
0.5312948607522251
0.5314384151593453
0.5315819695664656
0.531725523973586
0.5318690783807063
0.5320126327878265
0.5321561871949468
0.5322997416020672
0.5324432960091874
0.5325868504163077
0.532730404823428
0.5328739592305483
0.5330175136376686
0.5331610680447889
0.5333046224519092
0.5334481768590296
0.5341659488946311
0.5361757105943151
0.5363192650014355
0.5364628194085558
0.5366063738156761
0.5367499282227964
0.5368934826299167
0.537037037037037
0.5371805914441573
0.5373241458512776
0.537467700258398
0.5376112546655182
0.5377548090726385
0.5378983634797588
0.538041917886879
0.5381854722939994
0.5383290267011197
0.5410565604364054
0.5412001148435257
0.5413436692506459
0.5414872236577662
0.5416307780648866
0.5417743324720068
0.5419178868791271
0.5420614412862474
0.5422049956933678
0.542348550100488
0.5424921045076083
0.5426356589147286
0.5427792133218489
0.5429227677289692
0.5430663221360895
0.5525409130060293
0.5526844674131495
0.5528280218202698
0.553402239448751
0.5535457938558713
0.5536893482629917
0.553832902670112
0.5539764570772322
0.554837783519954
0.5549813379270743
0.5551248923341946
0.5602928509905254
0.5604364053976457
0.5605799598047659
0.5607235142118863
0.5608670686190066
0.5610106230261268
0.5611541774332471
0.5612977318403675
0.5614412862474878
0.561584840654608
0.5617283950617283
0.5618719494688487
0.5620155038759689
0.5621590582830892
0.5623026126902095
0.5624461670973299
0.5625897215044501
0.5627332759115704
0.5638817111685328
0.5641688199827735
0.5643123743898937
0.564455928797014
0.5691932242319838
0.5693367786391041
0.5694803330462245
0.5696238874533448
0.5697674418604651
0.5699109962675853
0.5700545506747057
0.570198105081826
0.5703416594889463
0.5704852138960665
0.5706287683031869
0.5707723227103072
0.5709158771174274
0.5710594315245477
0.5712029859316681
0.5713465403387883
0.5714900947459086
0.5716336491530289
0.5717772035601493
0.5719207579672695
0.5720643123743898
0.5722078667815101
0.5723514211886305
0.5724949755957507
0.572638530002871
0.5727820844099913
0.5729256388171117
0.573069193224232
0.5732127476313522
0.5733563020384725
0.5734998564455929
0.5736434108527132
0.5737869652598334
0.5739305196669537
0.5740740740740741
0.5742176284811943
0.5743611828883146
0.5745047372954349
0.5769451622164801
0.5770887166236003
0.5772322710307206
0.5773758254378409
0.5775193798449612
0.5776629342520815
0.5778064886592018
0.577950043066322
0.5780935974734424
0.5793855871375251
0.5795291415446454
0.5796726959517657
0.579816250358886
0.5799598047660063
0.5801033591731266
0.5802469135802469
0.5803904679873672
0.5805340223944875
0.5806775768016078
0.580821131208728
0.5809646856158484
0.5828308929084123
0.5829744473155326
0.5839793281653747
0.58656330749354
0.5867068619006603
0.5868504163077806
0.5869939707149009
0.5871375251220212
0.5872810795291415
0.5874246339362618
0.5875681883433821
0.5877117427505024
0.5878552971576226
0.587998851564743
0.5881424059718633
0.5882859603789836
0.588429514786104
0.5885730691932242
0.5887166236003445
0.5888601780074648
0.589003732414585
0.5891472868217054
0.5892908412288257
0.5894343956359459
0.5895779500430662
0.5897215044501866
0.5898650588573069
0.5900086132644272
0.5901521676715475
0.5902957220786679
0.590439276485788
0.5905828308929083
0.5907263853000286
0.590869939707149
0.5910134941142693
0.5911570485213896
0.5913006029285098
0.5914441573356302
0.5915877117427504
0.5917312661498707
0.591874820556991
0.5920183749641114
0.5921619293712317
0.5923054837783519
0.5924490381854722
0.5925925925925926
0.5927361469997129
0.5928797014068332
0.5930232558139534
0.5938845822566753
0.5940281366637956
0.5941716910709157
0.594315245478036
0.5944587998851564
0.5946023542922767
0.594745908699397
0.5948894631065174
0.5950330175136377
0.5951765719207579
0.5953201263278782
0.5954636807349986
0.5956072351421188
0.6073786965259832
0.6075222509331035
0.6076658053402239
0.6078093597473442
0.6079529141544645
0.6080964685615848
0.608240022968705
0.6083835773758254
0.6085271317829457
0.6098191214470284
0.6106804478897502
0.6108240022968705
0.6109675567039908
0.611111111111111
0.6112546655182314
0.6113982199253516
0.6115417743324719
0.6116853287395922
0.6118288831467126
0.6119724375538328
0.6121159919609531
0.6122595463680734
0.6124031007751938
0.6125466551823141
0.6126902095894344
0.6128337639965546
0.6129773184036749
0.6180017226528853
0.6181452770600057
0.618288831467126
0.6184323858742463
0.6185759402813665
0.6187194946884869
0.6197243755383289
0.6198679299454493
0.6200114843525696
0.6201550387596899
0.6202985931668102
0.6204421475739305
0.6254665518231409
0.6256101062302613
0.6257536606373816
0.6258972150445019
0.626040769451622
0.6261843238587423
0.6263278782658627
0.626471432672983
0.6266149870801033
0.6267585414872237
0.626902095894344
0.628911857594028
0.6369509043927648
0.6370944587998851
0.6372380132070055
0.6373815676141257
0.6459948320413436
0.6461383864484639
0.6462819408555842
0.6464254952627045
0.6465690496698249
0.6467126040769451
0.6468561584840654
0.6469997128911856
0.647143267298306
0.6472868217054263
0.6474303761125466
0.6475739305196669
0.6629342520815388
0.6630778064886591
0.6655182314097041
0.6656617858168244
0.6658053402239448
0.6659488946310651
0.6660924490381854
0.6709732988802756
0.6711168532873959
0.677433247200689
0.6775768016078093
0.6777203560149295
0.6778639104220499
0.6780074648291702
0.6781510192362905
0.6782945736434108
0.6784381280505312
0.6785816824576515
0.6787252368647716
0.6811656617858168
0.6814527706000574
0.6815963250071776
0.6817398794142979
0.6818834338214182
0.6820269882285386
0.6821705426356589
0.6823140970427792
0.6824576514498994
0.6826012058570197
0.68274476026414
0.6828883146712603
0.6830318690783806
0.683175423485501
0.6876256101062302
0.6877691645133506
0.6879127189204709
0.691358024691358
0.6915015790984783
0.6959517657192075
0.6960953201263278
0.6962388745334481
0.6963824289405685
0.6965259833476887
0.696669537754809
0.6968130921619293
0.6969566465690497
0.69710020097617
0.6972437553832902
0.6973873097904105
0.6975308641975307
0.6976744186046511
0.6978179730117714
0.6979615274188917
0.698105081826012
0.6982486362331324
0.6983921906402525
0.6985357450473728
0.6986792994544931
0.6988228538616135
0.6996841803043353
0.6998277347114555
0.6999712891185759
0.7001148435256962
0.7002583979328164
0.7004019523399367
0.7005455067470571
0.7006890611541774
0.7281079529141544
0.7282515073212747
0.7283950617283951
0.7285386161355153
0.7286821705426356
0.7289692793568762
0.7291128337639965
0.7292563881711168
0.729399942578237
0.7295434969853574
0.7372954349698535
0.7374389893769738
0.7375825437840942
0.7377260981912145
0.7378696525983347
0.7380132070054549
0.7381567614125752
0.7383003158196956
0.7384438702268159
0.7385874246339362
0.7387309790410566
0.7388745334481768
0.7390180878552971
0.7431811656617858
0.7433247200689062
0.7434682744760263
0.7436118288831466
0.7437553832902669
0.7438989376973872
0.7440424921045076
0.7441860465116279
0.7457651449899512
0.7459086993970715
0.7460522538041917
0.746195808211312
0.7463393626184323
0.7464829170255526
0.7466264714326729
0.7467700258397932
0.7469135802469136
0.7470571346540339
0.7472006890611542
0.7483491243181165
0.7484926787252368
0.748636233132357
0.7487797875394774
0.7489233419465977
0.749066896353718
0.7492104507608383
0.7493540051679586
0.7494975595750789
0.7496411139821992
0.7497846683893196
0.7499282227964399
0.75007177720356
0.7535170829744473
0.7536606373815676
0.7538041917886877
0.7539477461958081
0.7540913006029284
0.7542348550100487
0.754378409417169
0.7545219638242894
0.7546655182314097
0.7553832902670111
0.7555268446741314
0.7556703990812517
0.755813953488372
0.7559575078954923
0.7561010623026126
0.756244616709733
0.7563881711168533
0.7565317255239736
0.7566752799310937
0.7568188343382141
0.7569623887453344
0.7668676428366351
0.7670111972437552
0.7671547516508755
0.7672983060579959
0.7674418604651162
0.7675854148722365
0.7677289692793569
0.7784955498133792
0.7786391042204995
0.7787826586276199
0.7789262130347402
0.7790697674418604
0.7792133218489806
0.779356876256101
0.7795004306632213
0.7796439850703416
0.7797875394774619
0.7799310938845823
0.7800746482917026
0.7802182026988227
0.780361757105943
0.7805053115130633
0.7806488659201837
0.780792420327304
0.7809359747344243
0.7840941716910709
0.7842377260981911
0.7843812805053114
0.7845248349124317
0.7846683893195521
0.7848119437266723
0.7849554981337926
0.785099052540913
0.7852426069480333
0.7853861613551536
0.7855297157622739
0.7856732701693941
0.7858168245765144
0.7859603789836347
0.7866781510192362
0.7868217054263564
0.7869652598334768
0.7871088142405971
0.7872523686477174
0.7873959230548377
0.7875394774619581
0.7876830318690783
0.7878265862761986
0.7879701406833189
0.7881136950904393
0.7895492391616421
0.7896927935687624
0.7898363479758828
0.7899799023830031
0.7901234567901234
0.7902670111972437
0.7904105656043641
0.7905541200114843
0.7906976744186046
0.7908412288257248
0.7909847832328452
0.7911283376399655
0.7912718920470858
0.791415446454206
0.7915590008613264
0.7917025552684467
0.791846109675567
0.7919896640826873
0.7921332184898077
0.7922767728969279
0.7994544932529428
0.7995980476600631
0.7997416020671835
0.8066322136089576
0.806775768016078
0.8069193224231983
0.8070628768303186
0.807206431237439
0.8073499856445592
0.8074935400516795
0.8076370944587998
0.8077806488659202
0.8079242032730405
0.8080677576801607
0.808211312087281
0.8083548664944012
0.8084984209015216
0.8086419753086419
0.8087855297157622
0.8089290841228826
0.8090726385300029
0.809216192937123
0.8093597473442433
0.8095033017513636
0.809646856158484
0.8097904105656043
0.8099339649727246
0.810077519379845
0.8128050531151306
0.812948607522251
0.8130921619293712
0.8132357163364914
0.8133792707436117
0.813522825150732
0.8136663795578524
0.8138099339649727
0.8139534883720929
0.8140970427792132
0.8143841515934539
0.8148148148148148
0.814958369221935
0.8151019236290553
0.8152454780361756
0.815389032443296
0.8155325868504163
0.8156761412575366
0.8158196956646567
0.8159632500717771
0.8161068044788974
0.8162503588860177
0.816393913293138
0.8165374677002584
0.8166810221073787
0.8168245765144989
0.8169681309216192
0.8171116853287396
0.8172552397358598
0.8173987941429801
0.8175423485501004
0.8176859029572207
0.817829457364341
0.8179730117714613
0.8181165661785816
0.818260120585702
0.8184036749928223
0.8185472293999426
0.8186907838070627
0.818834338214183
0.8189778926213034
0.8191214470284237
0.8208440999138673
0.8209876543209876
0.8232845248349124
0.8234280792420327
0.823571633649153
0.824576514498995
0.8247200689061154
0.8248636233132357
0.825007177720356
0.8251507321274764
0.8252942865345965
0.8254378409417168
0.8255813953488371
0.8293138099339649
0.8294573643410852
0.8296009187482055
0.8297444731553258
0.8298880275624461
0.8300315819695664
0.8301751363766867
0.830318690783807
0.8326155612977318
0.8327591157048521
0.8329026701119724
0.8330462245190926
0.8331897789262129
0.8333333333333333
0.8334768877404536
0.8346253229974159
0.8347688774045362
0.8349124318116565
0.8350559862187769
0.8351995406258972
0.8353430950330175
0.8354866494401378
0.835630203847258
0.8357737582543783
0.8359173126614986
0.8360608670686189
0.8363479758828596
0.8364915302899798
0.8366350846971001
0.8367786391042205
0.8369221935113408
0.837065747918461
0.8372093023255813
0.8373528567327017
0.8374964111398219
0.8376399655469422
0.8377835199540625
0.8379270743611829
0.8380706287683032
0.8382141831754235
0.8405110536893482
0.8406546080964685
0.36161355153603214
0.36233132357163367
0.3682170542635659
0.3683606086706862
0.3685041630778064
0.36864771748492675
0.37941429801894916
0.38128050531151303
0.38142405971863336
0.3815676141257537
0.3817111685328739
0.4043927648578811
0.40453631926500144
0.40467987367212166
0.404823428079242
0.48837209302325574
0.48851564743037607
0.4886592018374964
0.48880275624461667
0.5275624461670974
0.5277060005742176
0.5278495549813379
0.529859316681022
0.5301464254952627
0.5302899799023829
0.5304335343095032
0.5305770887166236
0.5307206431237439
0.5308641975308642
0.5310077519379844
0.5311513063451048
0.5320126327878265
0.5321561871949468
0.5322997416020672
0.5324432960091874
0.5325868504163077
0.5333046224519092
0.5334481768590296
0.5335917312661498
0.5337352856732701
0.5338788400803904
0.5340223944875108
0.5341659488946311
0.5383290267011197
0.5384725811082399
0.5386161355153603
0.5387596899224806
0.5389032443296009
0.5390467987367211
0.5391903531438414
0.5393339075509618
0.539477461958082
0.5396210163652023
0.5397645707723226
0.539908125179443
0.5400516795865633
0.5401952339936835
0.5403387884008038
0.5404823428079242
0.5406258972150445
0.5407694516221648
0.5410565604364054
0.5412001148435257
0.5413436692506459
0.5414872236577662
0.5416307780648866
0.5417743324720068
0.5419178868791271
0.5420614412862474
0.5422049956933678
0.542348550100488
0.5424921045076083
0.5472293999425782
0.5473729543496986
0.5475165087568188
0.5476600631639391
0.5478036175710594
0.5479471719781797
0.5480907263853
0.5482342807924203
0.5541200114843525
0.5542635658914729
0.5544071202985932
0.5612977318403675
0.5697674418604651
0.5699109962675853
0.5700545506747057
0.570198105081826
0.5703416594889463
0.5704852138960665
0.5706287683031869
0.5707723227103072
0.5709158771174274
0.5710594315245477
0.5712029859316681
0.5713465403387883
0.5714900947459086
0.5716336491530289
0.573069193224232
0.5732127476313522
0.5733563020384725
0.5734998564455929
0.5736434108527132
0.5737869652598334
0.5739305196669537
0.5740740740740741
0.5742176284811943
0.5743611828883146
0.5745047372954349
0.5746482917025552
0.5756531725523973
0.5757967269595176
0.5763709445879989
0.5766580534022394
0.5768016078093597
0.5769451622164801
0.5770887166236003
0.5772322710307206
0.5773758254378409
0.5775193798449612
0.5776629342520815
0.5778064886592018
0.577950043066322
0.579816250358886
0.5799598047660063
0.5801033591731266
0.5802469135802469
0.5803904679873672
0.5805340223944875
0.5806775768016078
0.580821131208728
0.5809646856158484
0.5811082400229687
0.5812517944300889
0.5874246339362618
0.5875681883433821
0.5877117427505024
0.5878552971576226
0.5913006029285098
0.5914441573356302
0.5915877117427504
0.5917312661498707
0.591874820556991
0.5920183749641114
0.5921619293712317
0.5923054837783519
0.5924490381854722
0.5925925925925926
0.5927361469997129
0.5928797014068332
0.5930232558139534
0.5931668102210736
0.593310364628194
0.5934539190353143
0.5941716910709157
0.594315245478036
0.5944587998851564
0.5946023542922767
0.594745908699397
0.5948894631065174
0.5950330175136377
0.5953201263278782
0.6139821992535169
0.6141257536606373
0.6142693080677576
0.6200114843525696
0.6201550387596899
0.6202985931668102
0.6204421475739305
0.6205857019810507
0.620729256388171
0.6210163652024117
0.6273327591157047
0.6274763135228251
0.6276198679299454
0.6277634223370657
0.6291989664082687
0.629342520815389
0.6294860752225093
0.6296296296296297
0.6467126040769451
0.6468561584840654
0.6469997128911856
0.647143267298306
0.6472868217054263
0.6762848119437266
0.6764283663508469
0.6765719207579672
0.6767154751650876
0.6768590295722078
0.6770025839793281
0.6800172265288543
0.6801607809359747
0.680304335343095
0.6804478897502153
0.6805914441573355
0.6807349985644559
0.6808785529715762
0.6810221073786965
0.6811656617858168
0.6813092161929372
0.6814527706000574
0.6815963250071776
0.6817398794142979
0.6818834338214182
0.6820269882285386
0.6821705426356589
0.6823140970427792
0.6824576514498994
0.6826012058570197
0.68274476026414
0.6828883146712603
0.6830318690783806
0.683175423485501
0.6833189778926213
0.6834625322997415
0.6836060867068618
0.6837496411139822
0.6838931955211025
0.6840367499282227
0.684180304335343
0.6887740453631926
0.688917599770313
0.6890611541774332
0.6892047085845534
0.6893482629916737
0.6894918173987941
0.6896353718059144
0.6897789262130347
0.6899224806201549
0.6900660350272753
0.6902095894343956
0.6903531438415159
0.6904966982486362
0.6906402526557565
0.6907838070628768
0.690927361469997
0.6910709158771173
0.6912144702842377
0.691358024691358
0.6915015790984783
0.6916451335055986
0.691788687912719
0.6919322423198391
0.6920757967269594
0.6922193511340797
0.6923629055412001
0.6965259833476887
0.696669537754809
0.6968130921619293
0.6969566465690497
0.69710020097617
0.6972437553832902
0.6973873097904105
0.6975308641975307
0.6976744186046511
0.6978179730117714
0.6979615274188917
0.698105081826012
0.6982486362331324
0.6983921906402525
0.6985357450473728
0.7001148435256962
0.7002583979328164
0.7004019523399367
0.7005455067470571
0.7006890611541774
0.7213608957795004
0.7215044501866207
0.721648004593741
0.7217915590008613
0.7219351134079816
0.7220786678151019
0.7222222222222221
0.7223657766293424
0.7225093310364628
0.7226528854435831
0.7227964398507033
0.7229399942578236
0.723083548664944
0.7232271030720643
0.7233706574791846
0.7235142118863049
0.7236577662934252
0.7441860465116279
0.7443296009187482
0.7444731553258684
0.7446167097329887
0.744760264140109
0.7449038185472293
0.7450473729543496
0.74519092736147
0.7477749066896353
0.7479184610967556
0.748062015503876
0.7482055699109962
0.7483491243181165
0.7484926787252368
0.748636233132357
0.7487797875394774
0.7489233419465977
0.749066896353718
0.7492104507608383
0.7493540051679586
0.7494975595750789
0.7496411139821992
0.7497846683893196
0.7499282227964399
0.75007177720356
0.7502153316106803
0.7503588860178007
0.750502440424921
0.7506459948320413
0.7507895492391616
0.750933103646282
0.7510766580534022
0.7545219638242894
0.7546655182314097
0.7548090726385299
0.7549526270456502
0.7550961814527706
0.7552397358598908
0.7553832902670111
0.7555268446741314
0.7556703990812517
0.755813953488372
0.7559575078954923
0.7561010623026126
0.756244616709733
0.7677289692793569
0.7678725236864772
0.7680160780935974
0.7681596325007177
0.768303186907838
0.7684467413149583
0.7859603789836347
0.786103933390755
0.7862474877978753
0.7863910422049957
0.786534596612116
0.7866781510192362
0.7868217054263564
0.7869652598334768
0.7871088142405971
0.7872523686477174
0.7873959230548377
0.7875394774619581
0.7876830318690783
0.7878265862761986
0.7998851564743037
0.8000287108814239
0.8001722652885442
0.8003158196956646
0.8004593741027849
0.8006029285099052
0.8007464829170255
0.8008900373241458
0.8010335917312661
0.8109388458225667
0.8110824002296869
0.8112259546368072
0.8113695090439276
0.8214183175423484
0.8215618719494687
0.3746770025839793
0.3748205569910996
0.3758254378409417
0.39046798736721217
0.39061154177433244
0.39075509618145277
0.39089865058857304
0.4036749928222796
0.4038185472293999
0.40396210163652024
0.4041056560436405
0.4042492104507608
0.4043927648578811
0.40453631926500144
0.40467987367212166
0.404823428079242
0.4049669824863623
0.4071202985931668
0.4072638530002871
0.4074074074074074
0.40755096181452766
0.407694516221648
0.4078380706287683
0.40798162503588853
0.40812517944300886
0.4082687338501292
0.4121447028423772
0.4122882572494975
0.41243181165661785
0.4125753660637382
0.4127189204708584
0.4128624748779787
0.4164513350559862
0.41659488946310647
0.4167384438702268
0.41688199827734707
0.4249210450760838
0.42506459948320413
0.4252081538903244
0.4253517082974447
0.425495262704565
0.42563881711168533
0.42578237151880555
0.4259259259259259
0.4260694803330462
0.4262130347401665
0.4263565891472868
0.4265001435544071
0.5104794717197817
0.510623026126902
0.5107665805340224
0.5109101349411427
0.511053689348263
0.5155038759689922
0.5156474303761125
0.5157909847832328
0.515934539190353
0.5160780935974734
0.5162216480045937
0.516365202411714
0.5165087568188342
0.5193798449612402
0.5195233993683606
0.5196669537754808
0.5198105081826011
0.5199540625897214
0.5200976169968418
0.5202411714039621
0.5203847258110823
0.5205282802182026
0.5232558139534883
0.5233993683606086
0.5248349124318116
0.5249784668389319
0.5251220212460522
0.5252655756531726
0.5254091300602928
0.5255526844674131
0.5256962388745334
0.5265575653172552
0.5267011197243755
0.5268446741314958
0.526988228538616
0.5334481768590296
0.5335917312661498
0.5337352856732701
0.5338788400803904
0.5340223944875108
0.5341659488946311
0.5343095033017513
0.5363192650014355
0.5364628194085558
0.5366063738156761
0.5367499282227964
0.5368934826299167
0.5427792133218489
0.5429227677289692
0.5430663221360895
0.5432098765432098
0.5433534309503302
0.5434969853574504
0.5436405397645707
0.543784094171691
0.5439276485788114
0.5440712029859317
0.5442147573930519
0.5443583118001722
0.5445018662072926
0.5446454206144128
0.5447889750215331
0.5449325294286534
0.5450760838357737
0.545219638242894
0.5459374102784955
0.5460809646856157
0.5462245190927361
0.5472293999425782
0.5473729543496986
0.5475165087568188
0.5476600631639391
0.5545506747057134
0.5546942291128337
0.554837783519954
0.5549813379270743
0.5551248923341946
0.5552684467413149
0.5631639391329314
0.5633074935400516
0.5634510479471719
0.5635946023542923
0.5637381567614126
0.5638817111685328
0.5640252655756531
0.5641688199827735
0.5643123743898937
0.564455928797014
0.5645994832041343
0.5647430376112547
0.5680447889750214
0.5683318977892621
0.5684754521963824
0.5686190066035026
0.568762561010623
0.5689061154177433
0.5690496698248636
0.5691932242319838
0.5693367786391041
0.5694803330462245
0.5696238874533448
0.5697674418604651
0.5788113695090439
0.5792420327304048
0.5793855871375251
0.5795291415446454
0.5796726959517657
0.579816250358886
0.5799598047660063
0.5801033591731266
0.5803904679873672
0.5805340223944875
0.5806775768016078
0.580821131208728
0.5809646856158484
0.5811082400229687
0.5812517944300889
0.5813953488372092
0.5815389032443296
0.5816824576514498
0.5818260120585701
0.5819695664656904
0.5821131208728108
0.5822566752799311
0.5824002296870513
0.5825437840941716
0.582687338501292
0.5828308929084123
0.5829744473155326
0.5831180017226528
0.5832615561297732
0.5834051105368935
0.5835486649440137
0.5931668102210736
0.593310364628194
0.5934539190353143
0.5935974734424346
0.593741027849555
0.5938845822566753
0.5940281366637956
0.6009187482055698
0.6010623026126901
0.6012058570198104
0.6013494114269308
0.6014929658340511
0.6016365202411713
0.6046511627906976
0.6047947171978179
0.6049382716049382
0.6050818260120585
0.6052253804191788
0.6053689348262992
0.6055124892334194
0.6056560436405397
0.60579959804766
0.6059431524547804
0.6060867068619007
0.6062302612690209
0.6063738156761411
0.6065173700832615
0.6091013494114269
0.6092449038185471
0.6093884582256675
0.6095320126327878
0.6096755670399081
0.6098191214470284
0.6099626758541488
0.6101062302612689
0.6102497846683892
0.6103933390755095
0.6105368934826298
0.6106804478897502
0.6108240022968705
0.6109675567039908
0.611111111111111
0.6112546655182314
0.6113982199253516
0.6115417743324719
0.6116853287395922
0.6118288831467126
0.6119724375538328
0.6121159919609531
0.6122595463680734
0.6148435256962388
0.6149870801033591
0.6151306345104794
0.6152741889175998
0.61541774332472
0.6155612977318403
0.6157048521389606
0.6158484065460809
0.6159919609532012
0.6161355153603215
0.6162790697674418
0.6164226241745622
0.6165661785816825
0.6167097329888026
0.6168532873959229
0.6169968418030433
0.6172839506172839
0.6174275050244042
0.6175710594315246
0.6177146138386448
0.6178581682457651
0.6180017226528853
0.6181452770600057
0.6208728107952913
0.6210163652024117
0.621159919609532
0.6213034740166523
0.6214470284237725
0.6215905828308929
0.6217341372380132
0.6218776916451335
0.6220212460522537
0.6221648004593741
0.6244616709732989
0.6246052253804191
0.6247487797875394
0.6248923341946597
0.62503588860178
0.6251794430089003
0.6253229974160206
0.6254665518231409
0.6256101062302613
0.626471432672983
0.6266149870801033
0.6267585414872237
0.626902095894344
0.6270456503014642
0.6271892047085844
0.6273327591157047
0.6274763135228251
0.6276198679299454
0.6277634223370657
0.6306345104794717
0.6307780648865919
0.6309216192937123
0.6310651737008326
0.6312087281079528
0.6313522825150731
0.6314958369221935
0.6316393913293138
0.631782945736434
0.6319265001435543
0.6320700545506747
0.632213608957795
0.6323571633649153
0.6325007177720356
0.6326442721791558
0.6327878265862761
0.6329313809933964
0.6330749354005167
0.6332184898076371
0.6333620442147574
0.6335055986218777
0.6336491530289979
0.6337927074361182
0.6339362618432385
0.6340798162503588
0.6342233706574791
0.6343669250645995
0.6345104794717197
0.63465403387884
0.6360895779500431
0.6362331323571634
0.6363766867642835
0.6365202411714038
0.6366637955785241
0.6368073499856445
0.6369509043927648
0.6370944587998851
0.6372380132070055
0.6373815676141257
0.637525122021246
0.6376686764283663
0.6378122308354865
0.6379557852426069
0.6380993396497272
0.6382428940568475
0.6383864484639677
0.6385300028710881
0.6386735572782084
0.6388171116853287
0.6481481481481481
0.6482917025552685
0.6484352569623887
0.6487223657766292
0.6531725523973586
0.6533161068044788
0.6534596612115992
0.6536032156187194
0.6537467700258397
0.65389032443296
0.6540338788400804
0.6541774332472007
0.6543209876543209
0.6544645420614412
0.6546080964685616
0.6571920757967269
0.6573356302038472
0.6574791846109675
0.6576227390180878
0.6577662934252081
0.6579098478323284
0.6580534022394486
0.658196956646569
0.6583405110536893
0.6584840654608096
0.65862761986793
0.6587711742750503
0.6589147286821706
0.6590582830892907
0.659201837496411
0.6593453919035314
0.6594889463106517
0.6603502727533734
0.6604938271604938
0.6606373815676141
0.6607809359747344
0.6609244903818546
0.661068044788975
0.6612115991960953
0.6613551536032156
0.661498708010336
0.6616422624174562
0.6619293712316967
0.662072925638817
0.6735572782084409
0.6737008326155612
0.6738443870226816
0.6739879414298018
0.6741314958369221
0.6742750502440424
0.6744186046511628
0.6745621590582831
0.6747057134654034
0.6748492678725236
0.6749928222796439
0.6751363766867642
0.6752799310938845
0.6754234855010048
0.6755670399081252
0.6757105943152455
0.6758541487223657
0.6759977031294859
0.6761412575366063
0.6762848119437266
0.6764283663508469
0.6765719207579672
0.6767154751650876
0.6768590295722078
0.6770025839793281
0.6771461383864484
0.6772896927935688
0.677433247200689
0.6784381280505312
0.6811656617858168
0.6813092161929372
0.6814527706000574
0.6815963250071776
0.6817398794142979
0.6890611541774332
0.6892047085845534
0.6893482629916737
0.6894918173987941
0.6896353718059144
0.6897789262130347
0.6899224806201549
0.6900660350272753
0.6902095894343956
0.6903531438415159
0.35113407981625033
0.3512776342233706
0.35142118863049093
0.3708010335917312
0.37094458799885155
0.3710881424059718
0.37123169681309215
0.3713752512202124
0.3838644846396784
0.3840080390467987
0.384151593453919
0.3853000287108814
0.3854435831180017
0.38558713752512197
0.3857306919322423
0.38587424633936257
0.3860178007464829
0.3861613551536032
0.38630490956072344
0.41013494114269305
0.4102784955498133
0.41042204995693365
0.410565604364054
0.4122882572494975
0.4190353143841516
0.4191788687912718
0.4243468274476026
0.4244903818547229
0.4246339362618432
0.42477749066896353
0.4249210450760838
0.42506459948320413
0.4252081538903244
0.4253517082974447
0.425495262704565
0.42563881711168533
0.42578237151880555
0.4259259259259259
0.4260694803330462
0.4262130347401665
0.4263565891472868
0.4265001435544071
0.4266436979615274
0.4267872523686477
0.426930806775768
0.42707436118288833
0.42721791559000855
0.4273614699971289
0.4275050244042492
0.4276485788113695
0.42779213321848975
0.4279356876256101
0.4280792420327304
0.4282227964398507
0.428366350846971
0.4285099052540913
0.42865345966121154
0.42879701406833187
0.4289405684754522
0.4290841228825724
0.42922767728969274
0.42937123169681307
0.42951478610393334
0.42965834051105367
0.42980189491817394
0.42994544932529427
0.4362618432385874
0.44961240310077516
0.44975595750789543
0.44989951191501576
0.4500430663221361
0.4501866207292563
0.45033017513637663
0.45047372954349696
0.4506172839506173
0.4791846109675567
0.47932816537467693
0.47947171978179726
0.4796152741889176
0.4965546942291128
0.4966982486362331
0.4968418030433534
0.4969853574504737
0.49712891185759395
0.4972724662647143
0.4974160206718346
0.49755957507895493
0.49770312948607515
0.4978466838931955
0.4979902383003158
0.4981337927074361
0.49827734711455635
0.4984209015216767
0.49856445592879695
0.4987080103359173
0.4988515647430376
0.4989951191501579
0.499569336778639
0.49971289118575934
0.4998564455928797
0.49999999999999994
0.5001435544071202
0.5002871088142405
0.5004306632213609
0.5077519379844961
0.5078954923916164
0.5080390467987367
0.508182601205857
0.5083261556129773
0.5084697100200976
0.5086132644272179
0.5087568188343382
0.5228251507321274
0.5229687051392476
0.523112259546368
0.5232558139534883
0.5233993683606086
0.523542922767729
0.5271317829457364
0.5302899799023829
0.5304335343095032
0.5305770887166236
0.5307206431237439
0.5308641975308642
0.5404823428079242
0.5406258972150445
0.5407694516221648
0.540913006029285
0.5410565604364054
0.5412001148435257
0.5413436692506459
0.5414872236577662
0.5416307780648866
0.5417743324720068
0.5419178868791271
0.5420614412862474
0.5422049956933678
0.542348550100488
0.5424921045076083
0.5426356589147286
0.5427792133218489
0.5429227677289692
0.5430663221360895
0.5432098765432098
0.5433534309503302
0.5434969853574504
0.5436405397645707
0.543784094171691
0.5439276485788114
0.5440712029859317
0.5442147573930519
0.5443583118001722
0.5445018662072926
0.5446454206144128
0.5447889750215331
0.5449325294286534
0.5450760838357737
0.545219638242894
0.5453631926500143
0.5455067470571345
0.5460809646856157
0.5462245190927361
0.5463680734998564
0.5465116279069767
0.546655182314097
0.5467987367212173
0.5469422911283376
0.5470858455354579
0.5472293999425782
0.5473729543496986
0.5475165087568188
0.5476600631639391
0.5478036175710594
0.5479471719781797
0.5480907263853
0.5482342807924203
0.5483778351995405
0.5485213896066609
0.5486649440137812
0.5488084984209014
0.5489520528280217
0.5490956072351421
0.5492391616422624
0.5493827160493826
0.5525409130060293
0.5526844674131495
0.5528280218202698
0.5529715762273901
0.5531151306345105
0.5532586850416308
0.553402239448751
0.5535457938558713
0.5536893482629917
0.553832902670112
0.5539764570772322
0.5541200114843525
0.5542635658914729
0.5544071202985932
0.5545506747057134
0.5546942291128337
0.554837783519954
0.5549813379270743
0.5551248923341946
0.5552684467413149
0.5554120011484351
0.5555555555555555
0.5556991099626758
0.5558426643697961
0.5604364053976457
0.5605799598047659
0.5607235142118863
0.5608670686190066
0.5610106230261268
0.5611541774332471
0.5612977318403675
0.5614412862474878
0.5630203847258111
0.5631639391329314
0.5633074935400516
0.5634510479471719
0.5635946023542923
0.5637381567614126
0.5638817111685328
0.5640252655756531
0.5641688199827735
0.5643123743898937
0.564455928797014
0.5645994832041343
0.5647430376112547
0.5648865920183749
0.5650301464254952
0.5651737008326155
0.5653172552397357
0.5654608096468561
0.5656043640539764
0.5657479184610967
0.565891472868217
0.5660350272753373
0.5661785816824576
0.5663221360895779
0.5664656904966983
0.5666092449038185
0.5668963537180591
0.5703416594889463
0.5704852138960665
0.5722078667815101
0.5723514211886305
0.5724949755957507
0.572638530002871
0.5727820844099913
0.5729256388171117
0.573069193224232
0.5732127476313522
0.5733563020384725
0.5734998564455929
0.5736434108527132
0.5737869652598334
0.5739305196669537
0.5740740740740741
0.5742176284811943
0.5780935974734424
0.5782371518805627
0.5783807062876829
0.5785242606948032
0.5786678151019236
0.5788113695090439
0.5789549239161642
0.5790984783232844
0.5792420327304048
0.5793855871375251
0.5795291415446454
0.5796726959517657
0.579816250358886
0.5799598047660063
0.5801033591731266
0.5802469135802469
0.5803904679873672
0.5805340223944875
0.5806775768016078
0.580821131208728
0.5809646856158484
0.5811082400229687
0.5812517944300889
0.5813953488372092
0.5815389032443296
0.582687338501292
0.5828308929084123
0.5829744473155326
0.5831180017226528
0.5832615561297732
0.5834051105368935
0.5835486649440137
0.585127763422337
0.5852713178294573
0.5854148722365776
0.585558426643698
0.5857019810508182
0.5858455354579385
0.5861326442721791
0.5862761986792995
0.5864197530864197
0.5878552971576226
0.587998851564743
0.5881424059718633
0.5897215044501866
0.5898650588573069
0.5900086132644272
0.5901521676715475
0.5902957220786679
0.590439276485788
0.5905828308929083
0.5907263853000286
0.590869939707149
0.5910134941142693
0.5940281366637956
0.5941716910709157
0.5944587998851564
0.5946023542922767
0.594745908699397
0.5948894631065174
0.5950330175136377
0.5960378983634796
0.5961814527706
0.5963250071777203
0.5991960953201263
0.5993396497272466
0.599483204134367
0.5996267585414872
0.5997703129486074
0.5999138673557277
0.600057421762848
0.6036462819408555
0.6037898363479758
0.6039333907550961
0.6040769451622164
0.6042204995693368
0.6078093597473442
0.6079529141544645
0.6080964685615848
0.608240022968705
0.6083835773758254
0.6085271317829457
0.608670686190066
0.6088142405971863
0.6089577950043066
0.6091013494114269
0.6092449038185471
0.6093884582256675
0.6095320126327878
0.6096755670399081
0.6098191214470284
0.6099626758541488
0.6101062302612689
0.6102497846683892
0.6103933390755095
0.6105368934826298
0.6106804478897502
0.6108240022968705
0.6109675567039908
0.611111111111111
0.6112546655182314
0.6113982199253516
0.6115417743324719
0.6116853287395922
0.6118288831467126
0.6119724375538328
0.6121159919609531
0.6122595463680734
0.6134079816250358
0.6135515360321562
0.6136950904392765
0.6138386448463967
0.6139821992535169
0.6141257536606373
0.6142693080677576
0.6144128624748779
0.6145564168819982
0.6146999712891186
0.6148435256962388
0.6149870801033591
0.6151306345104794
0.6152741889175998
0.61541774332472
0.6155612977318403
0.6157048521389606
0.6158484065460809
0.6159919609532012
0.6161355153603215
0.6162790697674418
0.6164226241745622
0.6187194946884869
0.6188630490956072
0.6190066035027275
0.6191501579098478
0.6197243755383289
0.6198679299454493
0.6200114843525696
0.6201550387596899
0.6202985931668102
0.6204421475739305
0.6205857019810507
0.620729256388171
0.6208728107952913
0.6210163652024117
0.621159919609532
0.6213034740166523
0.6214470284237725
0.6225954636807349
0.6227390180878553
0.6228825724949756
0.6230261269020959
0.6231696813092162
0.6233132357163363
0.6234567901234567
0.623600344530577
0.6237438989376973
0.6238874533448177
0.624031007751938
0.6241745621590582
0.6243181165661785
0.6244616709732989
0.6246052253804191
0.6247487797875394
0.6248923341946597
0.62503588860178
0.6251794430089003
0.6253229974160206
0.6254665518231409
0.6256101062302613
0.6257536606373816
0.6258972150445019
0.626040769451622
0.6261843238587423
0.6263278782658627
0.626471432672983
0.6266149870801033
0.6267585414872237
0.626902095894344
0.6270456503014642
0.6271892047085844
0.6273327591157047
0.6274763135228251
0.6276198679299454
0.629342520815389
0.6294860752225093
0.6296296296296297
0.62977318403675
0.6299167384438701
0.6300602928509904
0.6302038472581107
0.6303474016652311
0.6304909560723514
0.6306345104794717
0.6307780648865919
0.6309216192937123
0.6310651737008326
0.6312087281079528
0.6313522825150731
0.6314958369221935
0.6316393913293138
0.631782945736434
0.6319265001435543
0.635084697100201
0.6352282515073212
0.6353718059144415
0.6355153603215618
0.6356589147286821
0.6358024691358024
0.6359460235429227
0.6360895779500431
0.6362331323571634
0.6363766867642835
0.6365202411714038
0.6366637955785241
0.6368073499856445
0.6369509043927648
0.6370944587998851
0.6372380132070055
0.6373815676141257
0.637525122021246
0.6376686764283663
0.6378122308354865
0.6379557852426069
0.6380993396497272
0.6392477749066895
0.6393913293138098
0.6395348837209301
0.6396784381280505
0.6398219925351708
0.6399655469422911
0.6401091013494115
0.6402526557565317
0.6403962101636519
0.6472868217054263
0.6474303761125466
0.6475739305196669
0.6477174849267872
0.6478610393339075
0.6480045937410278
0.6481481481481481
0.6491530289979902
0.6527418891759976
0.652885443583118
0.6530289979902383
0.6531725523973586
0.6533161068044788
0.6534596612115992
0.6536032156187194
0.6537467700258397
0.65389032443296
0.6540338788400804
0.6541774332472007
0.6543209876543209
0.6544645420614412
0.6546080964685616
0.6547516508756819
0.6548952052828022
0.6550387596899224
0.6551823140970426
0.655325868504163
0.6554694229112833
0.6609244903818546
0.661068044788975
0.6612115991960953
0.6613551536032156
0.661498708010336
0.6616422624174562
0.6617858168245764
0.6619293712316967
0.662072925638817
0.6622164800459374
0.6695377548090725
0.6696813092161928
0.6788687912718919
0.6790123456790123
0.6791559000861326
0.6792994544932529
0.6794430089003732
0.6795865633074935
0.6797301177146138
0.6798736721217341
0.6800172265288543
0.6801607809359747
0.680304335343095
0.6804478897502153
0.6805914441573355
0.6807349985644559
0.6808785529715762
0.6810221073786965
0.6811656617858168
0.6813092161929372
0.6814527706000574
0.6815963250071776
0.6817398794142979
0.6818834338214182
0.6820269882285386
0.6821705426356589
0.6823140970427792
0.7014068331897788
0.7015503875968991
0.7016939420040195
0.7018374964111398
0.7019810508182601
0.2602641401091013
0.26040769451622164
0.30462245190927356
0.3380706287683031
0.34955498133792706
0.34969853574504733
0.34984209015216766
0.34998564455928793
0.3501291989664082
0.35027275337352853
0.35041630778064886
0.35084697100200973
0.35099052540913006
0.3683606086706862
0.3685041630778064
0.36864771748492675
0.3732414585127763
0.3733850129198966
0.37783519954062583
0.37797875394774616
0.38874533448176857
0.38917599770312944
0.38931955211024977
0.3896066609244903
0.38975021533161064
0.38989376973873097
0.3900373241458513
0.3901808785529715
0.39032443296009184
0.39046798736721217
0.39061154177433244
0.39075509618145277
0.39089865058857304
0.3910422049956933
0.3916164226241745
0.39175997703129484
0.39190353143841516
0.39204708584553544
0.3921906402526557
0.39233419465977604
0.3924777490668963
0.39262130347401664
0.39276485788113696
0.3929084122882572
0.3930519666953775
0.39319552110249784
0.3933390755096181
0.3934826299167384
0.3939132931380993
0.3949181739879414
0.3950617283950617
0.39520528280218203
0.39850703416594885
0.3986505885730692
0.39879414298018945
0.4028136663795578
0.4042492104507608
0.4043927648578811
0.40453631926500144
0.4052540913006029
0.4053976457077232
0.40554120011484346
0.4056847545219638
0.4058283089290841
0.40597186333620444
0.40611541774332466
0.406258972150445
0.4064025265575653
0.4065460809646856
0.40668963537180586
0.4068331897789262
0.40697674418604646
0.4071202985931668
0.4072638530002871
0.4074074074074074
0.40755096181452766
0.4117140396210163
0.41185759402813665
0.4120011484352569
0.4121447028423772
0.4122882572494975
0.41243181165661785
0.4125753660637382
0.4132931380993396
0.4134366925064599
0.4135802469135802
0.4137238013207005
0.4142980189491817
0.41444157335630205
0.41458512776342227
0.4147286821705426
0.4148722365776629
0.4150157909847832
0.4151593453919035
0.4153028997990238
0.41544645420614407
0.4155900086132644
0.4157335630203847
0.41587711742750494
0.41602067183462527
0.4161642262417456
0.4163077806488659
0.4164513350559862
0.41889175997703126
0.4190353143841516
0.4191788687912718
0.41932242319839214
0.41946597760551246
0.4196095320126328
0.41975308641975306
0.42090152167671546
0.42104507608383573
0.421188630490956
0.42133218489807633
0.42147573930519666
0.42161929371231693
0.42176284811943726
0.42190640252655753
0.4220499569336778
0.42219351134079813
0.42233706574791846
0.4224806201550387
0.422624174562159
0.42276772896927933
0.42291128337639966
0.42305483778351993
0.4231983921906402
0.42334194659776053
0.4234855010048808
0.42362905541200113
0.42377260981912146
0.4239161642262417
0.424059718633362
0.42420327304048233
0.4243468274476026
0.4244903818547229
0.4246339362618432
0.42477749066896353
0.4249210450760838
0.42506459948320413
0.4252081538903244
0.4253517082974447
0.425495262704565
0.42563881711168533
0.42578237151880555
0.4259259259259259
0.4260694803330462
0.4262130347401665
0.4263565891472868
0.4265001435544071
0.4266436979615274
0.4267872523686477
0.426930806775768
0.42707436118288833
0.42721791559000855
0.4273614699971289
0.4275050244042492
0.4276485788113695
0.42779213321848975
0.4279356876256101
0.4280792420327304
0.4282227964398507
0.428366350846971
0.4285099052540913
0.42865345966121154
0.42879701406833187
0.4289405684754522
0.4290841228825724
0.42922767728969274
0.42937123169681307
0.42951478610393334
0.42965834051105367
0.42980189491817394
0.42994544932529427
0.43008900373241454
0.43023255813953487
0.4303761125466552
0.4305196669537754
0.43066322136089574
0.43080677576801607
0.43095033017513634
0.4310938845822566
0.43123743898937694
0.4313809933964972
0.43152454780361754
0.4323858742463393
0.4325294286534596
0.43267298306057994
0.4328165374677002
0.43367786391042207
0.4338214183175423
0.4339649727246626
0.43410852713178294
0.4342520815389032
0.4343956359460235
0.4445879988515647
0.444731553258685
0.44487510766580535
0.44702842377260976
0.44788975021533156
0.4480333046224519
0.4481768590295722
0.44832041343669243
0.44846396784381276
0.4486075222509331
0.44875107665805336
0.44889463106517363
0.44903818547229396
0.4491817398794143
0.44932529428653456
0.4494688486936549
0.4556416881998277
0.455785242606948
0.4559287970140683
0.4560723514211886
0.4562159058283089
0.45635946023542917
0.4579385587137525
0.4580821131208728
0.4593741027849555
0.45951765719207577
0.45966121159919604
0.45980476600631637
0.4599483204134367
0.4600918748205569
0.46023542922767724
0.46037898363479757
0.46052253804191784
0.46066609244903817
0.46080964685615844
0.46095320126327877
0.46109675567039904
0.46124031007751937
0.4613838644846397
0.4890898650588573
0.48923341946597754
0.48937697387309786
0.4895205282802182
0.4896640826873384
0.48980763709445874
0.48995119150157906
0.49009474590869934
0.4923916164226242
0.4925351708297444
0.49267872523686473
0.49282227964398506
0.4929658340511053
0.4931093884582256
0.49755957507895493
0.49770312948607515
0.4978466838931955
0.4979902383003158
0.4981337927074361
0.49827734711455635
0.4984209015216767
0.49856445592879695
0.4987080103359173
0.4988515647430376
0.4989951191501579
0.49913867355727815
0.4992822279643985
0.4994257823715188
0.499569336778639
0.49971289118575934
0.4998564455928797
0.49999999999999994
0.5001435544071202
0.5002871088142405
0.5004306632213609
0.5005742176284811
0.5007177720356014
0.5008613264427217
0.5010048808498421
0.5011484352569624
0.518805627332759
0.5189491817398794
0.5225380419178868
0.5226815963250071
0.5228251507321274
0.5229687051392476
0.523112259546368
0.5232558139534883
0.5233993683606086
0.5256962388745334
0.5258397932816536
0.540913006029285
0.5410565604364054
0.5426356589147286
0.5427792133218489
0.5445018662072926
0.5446454206144128
0.5447889750215331
0.5475165087568188
0.5476600631639391
0.5478036175710594
0.5479471719781797
0.5480907263853
0.5482342807924203
0.5483778351995405
0.5488084984209014
0.5508182601205857
0.550961814527706
0.5511053689348263
0.5512489233419465
0.5513924777490669
0.5515360321561872
0.5516795865633074
0.5518231409704277
0.5519666953775481
0.5521102497846683
0.5522538041917886
0.5523973585989089
0.5525409130060293
0.5526844674131495
0.5528280218202698
0.5529715762273901
0.5531151306345105
0.5627332759115704
0.5628768303186907
0.5630203847258111
0.5657479184610967
0.565891472868217
0.5660350272753373
0.5661785816824576
0.5663221360895779
0.5664656904966983
0.5666092449038185
0.5667527993109388
0.5668963537180591
0.5670399081251795
0.5671834625322997
0.5696238874533448
0.5697674418604651
0.5914441573356302
0.5915877117427504
0.5917312661498707
0.591874820556991
0.5920183749641114
0.5921619293712317
0.5923054837783519
0.5924490381854722
0.5925925925925926
0.17886879127189204
0.212029859316681
0.2121734137238013
0.2123169681309216
0.22868217054263565
0.22882572494975595
0.22954349698535742
0.22968705139247775
0.22983060579959802
0.23069193224231985
0.25811082400229685
0.2582543784094171
0.25839793281653745
0.2585414872236577
0.25868504163077805
0.2588285960378984
0.2602641401091013
0.26485788113695086
0.2652885443583118
0.2654320987654321
0.2655756531725524
0.26571920757967266
0.265862761986793
0.26600631639391326
0.2664369796152741
0.26658053402239446
0.2667240884295148
0.26686764283663506
0.2670111972437554
0.26715475165087565
0.267298306057996
0.2675854148722365
0.2690209589434395
0.26916451335055985
0.2826586276198679
0.2828021820269882
0.2833763996554694
0.28351995406258973
0.28366350846971
0.28581682457651447
0.28596037898363474
0.28624748779787534
0.28639104220499567
0.286534596612116
0.28667815101923627
0.3372093023255814
0.3373528567327017
0.33749641113982193
0.33763996554694226
0.3377835199540626
0.33792707436118286
0.3380706287683031
0.342807924203273
0.3429514786103933
0.3433821418317542
0.3435256962388745
0.3554407120298593
0.3590295722078668
0.3631926500143554
0.3633362044214757
0.363479758828596
0.36362331323571634
0.36376686764283656
0.3639104220499569
0.45894343956359457
0.45908699397071484
0.5502440424921045
0.5503875968992248
0.5505311513063451
0.5506747057134653
0.5508182601205857
0.14642549526270454
0.17757680160780936
0.2028423772609819
0.2124605225380419
0.2126040769451622
0.2127476313522825
0.21289118575940277
0.2130347401665231
0.21360895779500427
0.2137525122021246
0.2215044501866207
0.221648004593741
0.22179155900086128
0.2219351134079816
0.22853861613551535
0.23069193224231985
0.24031007751937983
0.24045363192650013
0.2405971863336204
0.24074074074074073
0.240884295147861
0.26485788113695086
0.2650014355440712
0.26514498995119146
0.2652885443583118
0.2654320987654321
0.2655756531725524
0.26571920757967266
0.265862761986793
0.26600631639391326
0.2661498708010336
0.26629342520815386
0.26686764283663506
0.2670111972437554
0.2675854148722365
0.2721791559000861
0.2852426069480333
0.2853861613551536
0.2855297157622739
0.28567327016939414
0.28581682457651447
0.28596037898363474
0.34783232845248346
0.34797588285960374
0.17743324720068904
0.17757680160780936
0.2848119437266724
0.2849554981337927
0.28567327016939414
0.28581682457651447
0.28596037898363474
0.28610393339075507
0.2962962962962963
0.2964398507034166
0.2965834051105368
0.29672695951765715
0.2968705139247775
0.31897789262130344
0.31912144702842377
0.40310077519379844
0.4032443296009187
0.403387884008039
0.4035314384151593
0.4036749928222796
0.4038185472293999
0.40396210163652024
0.4041056560436405
0.4042492104507608
0.4043927648578811
0.40453631926500144
0.40467987367212166
0.404823428079242
0.4049669824863623
0.4051105368934826
0.4052540913006029
0.4053976457077232
0.40611541774332466
0.406258972150445
0.4064025265575653
0.4065460809646856
0.40668963537180586
0.4068331897789262
0.40697674418604646
0.4071202985931668
0.4072638530002871
0.4074074074074074
0.40755096181452766
0.407694516221648
0.4078380706287683
0.4121447028423772
0.42506459948320413
0.4252081538903244
0.4253517082974447
0.425495262704565
0.42563881711168533
0.42578237151880555
0.4260694803330462
0.4262130347401665
0.4265001435544071
0.5012919896640826
0.5014355440712029
0.5015790984783233
0.5017226528854436
0.5018662072925638
0.5020097616996841
0.5021533161068045
0.5022968705139247
0.502440424921045
0.5043066322136089
0.5044501866207293
0.5045937410278495
0.5047372954349698
0.5048808498420901
0.5050244042492105
0.5051679586563307
0.505311513063451
0.5054550674705713
0.5055986218776916
0.5057421762848119
0.5058857306919322
0.5060292850990525
0.5071777203560148
0.5073212747631352
0.5074648291702555
0.5076083835773758
0.5077519379844961
0.5167958656330749
0.5169394200401952
0.5170829744473154
0.5172265288544358
0.5173700832615561
0.5175136376686764
0.5176571920757967
0.517800746482917
0.5179443008900373
0.5180878552971576
0.518231409704278
0.5203847258110823
0.5205282802182026
0.5222509331036462
0.5343095033017513
0.5344530577088716
0.534596612115992
0.5347401665231122
0.5348837209302325
0.5387596899224806
0.5389032443296009
0.5390467987367211
0.539477461958082
0.5396210163652023
0.5397645707723226
0.539908125179443
0.5400516795865633
0.5447889750215331
0.5455067470571345
0.5499569336778639
0.5565604364053977
0.5567039908125179
0.5568475452196382
0.5569910996267585
0.5571346540338789
0.5572782084409991
0.5574217628481194
0.5575653172552397
0.5577088716623599
0.5578524260694803
0.5595750789549239
0.5597186333620442
0.5598621877691645
0.5600057421762847
0.5601492965834051
0.5602928509905254
0.5604364053976457
0.5605799598047659
0.5607235142118863
0.5608670686190066
0.5610106230261268
0.5611541774332471
0.5612977318403675
0.5620155038759689
0.5621590582830892
0.5623026126902095
0.5624461670973299
0.5625897215044501
0.5627332759115704
0.5631639391329314
0.5633074935400516
0.5634510479471719
0.5635946023542923
0.5637381567614126
0.5638817111685328
0.5640252655756531
0.5641688199827735
0.5643123743898937
0.564455928797014
0.5645994832041343
0.5647430376112547
0.5648865920183749
0.5650301464254952
0.5651737008326155
0.565891472868217
0.5660350272753373
0.5661785816824576
0.5663221360895779
0.5789549239161642
0.5790984783232844
0.5792420327304048
0.5793855871375251
0.5799598047660063
0.5803904679873672
0.5805340223944875
0.5806775768016078
0.580821131208728
0.5809646856158484
0.5811082400229687
0.5812517944300889
0.5813953488372092
0.5815389032443296
0.5816824576514498
0.5818260120585701
0.5819695664656904
0.5821131208728108
0.5822566752799311
0.5824002296870513
0.5825437840941716
0.582687338501292
0.6007751937984495
0.6009187482055698
0.6010623026126901
0.6012058570198104
0.6013494114269308
0.6014929658340511
0.6016365202411713
0.6017800746482916
0.601923629055412
0.6020671834625323
0.6022107378696525
0.6023542922767728
0.6024978466838932
0.6026414010910134
0.6027849554981337
0.602928509905254
0.6030720643123744
0.6032156187194947
0.603359173126615
0.6035027275337351
0.6036462819408555
0.6037898363479758
0.6039333907550961
0.6040769451622164
0.6042204995693368
0.6043640539764571
0.6045076083835773
0.6046511627906976
0.6047947171978179
0.6049382716049382
0.6050818260120585
0.608240022968705
0.6083835773758254
0.6085271317829457
0.608670686190066
0.6088142405971863
0.6105368934826298
0.6106804478897502
0.6108240022968705
0.6109675567039908
0.611111111111111
0.6112546655182314
0.6113982199253516
0.6115417743324719
0.6116853287395922
0.6118288831467126
0.6119724375538328
0.6121159919609531
0.6122595463680734
0.6124031007751938
0.6125466551823141
0.6126902095894344
0.6128337639965546
0.6129773184036749
0.6131208728107952
0.6132644272179155
0.6134079816250358
0.6135515360321562
0.6136950904392765
0.6138386448463967
0.6139821992535169
0.6141257536606373
0.6142693080677576
0.6144128624748779
0.6145564168819982
0.6146999712891186
0.6148435256962388
0.6149870801033591
0.6151306345104794
0.6152741889175998
0.61541774332472
0.6234567901234567
0.623600344530577
0.6237438989376973
0.6238874533448177
0.624031007751938
0.6241745621590582
0.6243181165661785
0.6244616709732989
0.6246052253804191
0.6247487797875394
0.6248923341946597
0.62503588860178
0.6251794430089003
0.6253229974160206
0.6254665518231409
0.6256101062302613
0.6326442721791558
0.6327878265862761
0.6329313809933964
0.6330749354005167
0.6332184898076371
0.6333620442147574
0.6335055986218777
0.6336491530289979
0.6337927074361182
0.6339362618432385
0.6340798162503588
0.6342233706574791
0.6343669250645995
0.6345104794717197
0.63465403387884
0.6347975882859603
0.6349411426930807
0.635084697100201
0.6352282515073212
0.6353718059144415
0.6355153603215618
0.6372380132070055
0.6373815676141257
0.637525122021246
0.6376686764283663
0.6378122308354865
0.6482917025552685
0.652885443583118
0.6530289979902383
0.6531725523973586
0.6533161068044788
0.6570485213896066
0.6573356302038472
0.6574791846109675
0.6576227390180878
0.6577662934252081
0.6579098478323284
0.6580534022394486
0.658196956646569
0.6583405110536893
0.6584840654608096
0.65862761986793
0.6587711742750503
0.6589147286821706
0.6590582830892907
0.659201837496411
0.6593453919035314
0.6594889463106517
0.659632500717772
0.6597760551248923
0.6599196095320126
0.6600631639391329
0.6602067183462531
0.6603502727533734
0.6604938271604938
0.6606373815676141
0.6607809359747344
0.6609244903818546
0.661068044788975
0.6612115991960953
0.6613551536032156
0.661498708010336
0.6616422624174562
0.6617858168245764
0.6619293712316967
0.662072925638817
0.6622164800459374
0.6623600344530577
0.662503588860178
0.6626471432672983
0.6627906976744184
0.6629342520815388
0.6630778064886591
0.6632213608957794
0.6633649153028998
0.6635084697100201
0.6636520241171403
0.6637955785242606
0.663939132931381
0.6640826873385013
0.6642262417456215
0.6643697961527418
0.6645133505598622
0.6646569049669824
0.6648004593741027
0.664944013781223
0.6650875681883434
0.6652311225954637
0.665374677002584
0.6655182314097041
0.6656617858168244
0.6658053402239448
0.6659488946310651
0.6660924490381854
0.6662360034453058
0.6663795578524261
0.6665231122595463
0.6666666666666666
0.6668102210737868
0.6669537754809072
0.6670973298880275
0.6672408842951478
0.667384438702268
0.6675279931093884
0.6676715475165087
0.667815101923629
0.6679586563307494
0.6681022107378697
0.6721217341372379
0.6722652885443582
0.6724088429514785
0.6725523973585988
0.6726959517657192
0.6728395061728395
0.6729830605799598
0.67312661498708
0.6732701693942004
0.6734137238013206
0.6735572782084409
0.6737008326155612
0.6738443870226816
0.6739879414298018
0.6741314958369221
0.6742750502440424
0.6744186046511628
0.6745621590582831
0.6747057134654034
0.6748492678725236
0.6749928222796439
0.6751363766867642
0.6752799310938845
0.6754234855010048
0.6755670399081252
0.6757105943152455
0.6758541487223657
0.6759977031294859
0.6761412575366063
0.6762848119437266
0.6764283663508469
0.6765719207579672
0.6767154751650876
0.6768590295722078
0.6770025839793281
0.6771461383864484
0.6772896927935688
0.677433247200689
0.6775768016078093
0.6777203560149295
0.6778639104220499
0.6780074648291702
0.6781510192362905
0.6782945736434108
0.6784381280505312
0.6785816824576515
0.6787252368647716
0.6788687912718919
0.6790123456790123
0.6791559000861326
0.6792994544932529
0.6794430089003732
0.6795865633074935
0.6797301177146138
0.6798736721217341
0.6800172265288543
0.6801607809359747
0.680304335343095
0.6804478897502153
0.6805914441573355
0.6807349985644559
0.6808785529715762
0.6810221073786965
0.6879127189204709
0.688056273327591
0.6881998277347113
0.6883433821418317
0.688486936548952
0.6886304909560723
0.6887740453631926
0.688917599770313
0.6890611541774332
0.6892047085845534
0.6893482629916737
0.6894918173987941
0.6896353718059144
0.6897789262130347
0.6899224806201549
0.6900660350272753
0.6902095894343956
0.6903531438415159
0.6904966982486362
0.6906402526557565
0.6907838070628768
0.690927361469997
0.6910709158771173
0.6912144702842377
0.691358024691358
0.696669537754809
0.6968130921619293
0.6969566465690497
0.69710020097617
0.6972437553832902
0.6973873097904105
0.6975308641975307
0.6976744186046511
0.6978179730117714
0.6979615274188917
0.698105081826012
0.6982486362331324
0.6983921906402525
0.6985357450473728
0.6986792994544931
0.6988228538616135
0.6989664082687338
0.6991099626758541
0.6992535170829745
0.6993970714900947
0.699540625897215
0.6996841803043353
0.6998277347114555
0.6999712891185759
0.7001148435256962
0.7002583979328164
0.7004019523399367
0.7005455067470571
0.7006890611541774
0.7008326155612977
0.700976169968418
0.7011197243755384
0.7012632787826585
0.7014068331897788
0.7015503875968991
0.7016939420040195
0.7018374964111398
0.7019810508182601
0.7021246052253803
0.7022681596325007
0.7186333620442147
0.718776916451335
0.7189204708584553
0.7190640252655756
0.7192075796726959
0.7193511340798162
0.3614699971289118
0.36161355153603214
0.3670686190066034
0.404823428079242
0.4049669824863623
0.4051105368934826
0.4052540913006029
0.48736721217341367
0.4876543209876543
0.48779787539477454
0.48794142980189487
0.49267872523686473
0.4968418030433534
0.4969853574504737
0.49712891185759395
0.4972724662647143
0.5061728395061728
0.5063163939132931
0.5064599483204134
0.5066035027275336
0.506747057134654
0.5068906115417743
0.5070341659488946
0.5071777203560148
0.5073212747631352
0.5074648291702555
0.5086132644272179
0.5087568188343382
0.5089003732414584
0.5090439276485788
0.5285673270169394
0.5287108814240596
0.52885443583118
0.5289979902383003
0.5358886017800746
0.5389032443296009
0.5390467987367211
0.5712029859316681
0.5734998564455929
0.5736434108527132
0.5737869652598334
0.5739305196669537
0.5749354005167958
0.5750789549239161
0.5752225093310364
0.5760838357737582
0.5778064886592018
0.5799598047660063
0.5801033591731266
0.5802469135802469
0.5803904679873672
0.5805340223944875
0.5806775768016078
0.5809646856158484
0.5811082400229687
0.5812517944300889
0.5813953488372092
0.5815389032443296
0.5816824576514498
0.5818260120585701
0.5907263853000286
0.590869939707149
0.5910134941142693
0.5911570485213896
0.5913006029285098
0.5914441573356302
0.5915877117427504
0.5917312661498707
0.591874820556991
0.5920183749641114
0.5921619293712317
0.5923054837783519
0.5924490381854722
0.5925925925925926
0.5927361469997129
0.5928797014068332
0.594315245478036
0.5944587998851564
0.5960378983634796
0.5961814527706
0.5963250071777203
0.5964685615848406
0.6093884582256675
0.6095320126327878
0.6096755670399081
0.6098191214470284
0.6099626758541488
0.6101062302612689
0.6102497846683892
0.6103933390755095
0.6105368934826298
0.6106804478897502
0.6108240022968705
0.6109675567039908
0.611111111111111
0.6113982199253516
0.6115417743324719
0.6116853287395922
0.6118288831467126
0.6119724375538328
0.6121159919609531
0.6122595463680734
0.6124031007751938
0.6125466551823141
0.6126902095894344
0.6128337639965546
0.6231696813092162
0.6233132357163363
0.6234567901234567
0.6335055986218777
0.6336491530289979
0.6337927074361182
0.6339362618432385
0.647143267298306
0.6472868217054263
0.6474303761125466
0.6475739305196669
0.6477174849267872
0.6478610393339075
0.6480045937410278
0.6481481481481481
0.6482917025552685
0.6484352569623887
0.648578811369509
0.6487223657766292
0.6488659201837496
0.6490094745908699
0.6491530289979902
0.6492965834051105
0.6494401378122309
0.6566178581682457
0.656761412575366
0.65862761986793
0.6587711742750503
0.6589147286821706
0.6590582830892907
0.659201837496411
0.6593453919035314
0.6594889463106517
0.659632500717772
0.6599196095320126
0.6606373815676141
0.6607809359747344
0.6609244903818546
0.661068044788975
0.6612115991960953
0.6613551536032156
0.661498708010336
0.6616422624174562
0.6617858168245764
0.6619293712316967
0.662503588860178
0.6626471432672983
0.6627906976744184
0.6629342520815388
0.6630778064886591
0.6672408842951478
0.6762848119437266
0.6764283663508469
0.6765719207579672
0.6767154751650876
0.6768590295722078
0.6770025839793281
0.6771461383864484
0.6772896927935688
0.677433247200689
0.6823140970427792
0.6824576514498994
0.6826012058570197
0.68274476026414
0.6828883146712603
0.6830318690783806
0.683175423485501
0.6833189778926213
0.6834625322997415
0.6836060867068618
0.6837496411139822
0.6838931955211025
0.6840367499282227
0.684180304335343
0.6843238587424633
0.6844674131495836
0.6846109675567039
0.6847545219638242
0.6848980763709446
0.6850416307780649
0.6851851851851852
0.6853287395923053
0.6854722939994257
0.685615848406546
0.6857594028136663
0.6859029572207866
0.686046511627907
0.6861900660350272
0.6863336204421475
0.6864771748492678
0.6866207292563881
0.6867642836635084
0.6869078380706287
0.687051392477749
0.6871949468848693
0.6873385012919896
0.6874820556991099
0.6876256101062302
0.6877691645133506
0.6879127189204709
0.6920757967269594
0.6922193511340797
0.6923629055412001
0.6925064599483204
0.6926500143554407
0.6927935687625609
0.6929371231696813
0.6930806775768016
0.6932242319839218
0.6933677863910421
0.6935113407981625
0.6936548952052828
0.7047085845535458
0.7048521389606661
0.7049956933677862
0.7051392477749066
0.7052828021820269
0.7141831754234855
0.7143267298306059
0.8007464829170255
0.8008900373241458
0.8010335917312661
0.046511627906976744
0.049956933677863906
0.050100488084984206
0.050244042492104506
0.050387596899224806
0.052397358598908976
0.06531725523973585
0.11857594028136663
0.13551536032156186
0.13565891472868216
0.13608957795004306
0.13623313235716336
0.13637668676428363
0.13652024117140393
0.14599483204134367
0.15345966121159918
0.15360321561871948
0.15417743324720065
0.15432098765432098
0.15446454206144128
0.15460809646856158
0.15475165087568188
0.15661785816824575
0.15676141257536605
0.15690496698248635
0.15704852138960665
0.16523112259546366
0.165374677002584
0.16551823140970426
0.16566178581682459
0.1711168532873959
0.17126040769451623
0.1714039621016365
0.1715475165087568
0.1716910709158771
0.1718346253229974
0.17197817973011773
0.172121734137238
0.1722652885443583
0.1724088429514786
0.1725523973585989
0.1726959517657192
0.1728395061728395
0.17298306057995977
0.1731266149870801
0.1732701693942004
0.1734137238013207
0.173557278208441
0.17370083261556127
0.1738443870226816
0.17398794142980187
0.17413149583692217
0.1742750502440425
0.17441860465116277
0.1745621590582831
0.17470571346540337
0.17484926787252367
0.17499282227964397
0.17513637668676427
0.1752799310938846
0.17542348550100487
0.17556703990812517
0.17628481194372664
0.19509043927648576
0.22322710307206428
0.2233706574791846
0.22351421188630488
0.2236577662934252
0.22380132070054548
0.22394487510766578
0.2240884295147861
0.22423198392190638
0.22437553832902668
0.22451909273614698
0.22466264714326728
0.22480620155038758
0.22896927935687625
0.22911283376399652
0.22925638817111685
0.22939994257823712
0.22954349698535742
0.22968705139247775
0.22983060579959802
0.22997416020671835
0.23011771461383862
0.23743898937697386
0.23758254378409416
0.23772609819121446
0.23786965259833476
0.23801320700545503
0.23815676141257536
0.23830031581969563
0.23844387022681596
0.2532299741602067
0.253373528567327
0.2637094458799885
0.2638530002871088
0.2639965546942291
-0.03761125466551823
-0.03775480907263853
-0.03789836347975882
-0.03804191788687913
-0.04177433247200688
-0.04191788687912719
-0.04206144128624749
-0.053115130634510475
-0.053258685041630775
-0.05340223944875107
-0.053545793855871375
-0.05368934826299167
-0.05440712029859316
-0.05541200114843525
-0.05555555555555555
-0.05584266436979615
-0.055986218776916445
-0.07751937984496124
-0.07766293425208154
-0.07780648865920183
-0.07795004306632212
-0.07809359747344242
-0.22983060579959802
-0.22997416020671835
-0.23011771461383862
-0.23026126902095892
-0.23040482342807922
-0.23083548664944012
-0.2950043066322136
-0.2968705139247775
-0.297157622739018
-0.037467700258397935
-0.03761125466551823
-0.03775480907263853
-0.03789836347975882
-0.03804191788687913
-0.040769451622164804
-0.0409130060292851
-0.0410565604364054
-0.04120011484352569
-0.04148722365776629
-0.04163077806488659
-0.044645420614412866
-0.04478897502153316
-0.04493252942865346
-0.04507608383577375
-0.04521963824289406
-0.046368073499856444
-0.046511627906976744
-0.046655182314097036
-0.046798736721217336
-0.046942291128337636
-0.047085845535457936
-0.050387596899224806
-0.0505311513063451
-0.053258685041630775
-0.05713465403387884
-0.19107091587711741
-0.22925638817111685
-0.22939994257823712
-0.22954349698535742
-0.22968705139247775
-0.22983060579959802
-0.22997416020671835
-0.23011771461383862
-0.23040482342807922
-0.23054837783519952
-0.044214757393051966
-0.04435831180017226
-0.04450186620729256
-0.044645420614412866
-0.04478897502153316
-0.04493252942865346
-0.04507608383577375
-0.04521963824289406
-0.04536319265001435
-0.04550674705713465
-0.045650301464254944
-0.04579385587137525
-0.04794717197817972
-0.055986218776916445
-0.25868504163077805
-0.2588285960378984
-0.25897215044501865
-0.259115704852139
-0.25925925925925924
-0.2594028136663795
-0.25954636807349984
-0.2605512489233419
-0.2608383577375825
-0.41185759402813665
-0.4120011484352569
-0.046798736721217336
-0.05584266436979615
-0.055986218776916445
-0.05627332759115704
-0.056416881998277345
-0.18762561010623025
-0.18776916451335054
-0.18791271892047084
-0.18805627332759114
-0.18891759977031292
-0.22853861613551535
-0.22868217054263565
-0.22882572494975595
-0.22896927935687625
-0.6642262417456215
-0.6643697961527418
-0.6696813092161928
-0.04521963824289406
-0.04536319265001435
-0.04550674705713465
-0.045650301464254944
-0.04579385587137525
-0.04593741027849555
-0.17858168245765146
-0.1805914441573356
-0.1807349985644559
-0.18087855297157623
-0.18676428366350847
-0.18705139247774905
-0.23643410852713176
-0.2612690209589434
-0.38242894056847543
-0.41099626758541485
-0.4111398219925352
-0.4112833763996554
-0.4114269308067757
-0.41157048521389605
-0.4117140396210163
-0.41185759402813665
-0.4120011484352569
-0.4121447028423772
-0.0513924777490669
-0.05153603215618719
-0.0818260120585702
-0.0902957220786678
-0.09043927648578812
-0.09058283089290842
-0.0907263853000287
-0.0910134941142693
-0.09862187769164513
-0.09876543209876543
-0.09890898650588573
-0.10221073786965258
-0.10249784668389318
-0.1026414010910135
-0.15604364053976455
-0.15618719494688485
-0.15633074935400515
-0.15647430376112548
-0.15661785816824575
-0.15676141257536605
-0.15690496698248635
-0.15704852138960665
-0.15719207579672695
-0.15733563020384725
-0.15747918461096752
-0.15762273901808785
-0.15776629342520815
-0.15790984783232845
-0.15805340223944875
-0.15819695664656902
-0.15834051105368935
-0.15848406546080962
-0.15862761986792992
-0.15877117427505025
-0.15891472868217052
-0.15905828308929085
-0.15920183749641112
-0.15934539190353142
-0.15948894631065172
-0.15963250071777202
-0.15977605512489235
-0.15991960953201262
-0.16006316393913292
-0.16020671834625322
-0.16035027275337352
-0.16049382716049382
-0.16063738156761412
-0.1607809359747344
-0.16092449038185472
-0.16106804478897502
-0.1612115991960953
-0.16135515360321562
-0.1614987080103359
-0.16164226241745622
-0.1617858168245765
-0.1619293712316968
-0.16207292563881712
-0.1622164800459374
-0.16236003445305772
-0.162503588860178
-0.1626471432672983
-0.1627906976744186
-0.1629342520815389
-0.16307780648865922
-0.1632213608957795
-0.1633649153028998
-0.1635084697100201
-0.1636520241171404
-0.16379557852426066
-0.163939132931381
-0.16408268733850126
-0.1642262417456216
-0.1643697961527419
-0.16451335055986216
-0.1646569049669825
-0.16480045937410276
-0.1649440137812231
-0.16508756818834336
-0.16523112259546366
-0.165374677002584
-0.16551823140970426
-0.16566178581682459
-0.16580534022394486
-0.16594889463106516
-0.16609244903818546
-0.16623600344530576
-0.16637955785242603
-0.16652311225954636
-0.16666666666666666
-0.16681022107378696
-0.16695377548090726
-0.16709732988802753
-0.16724088429514786
-0.16738443870226813
-0.16752799310938846
-0.16767154751650876
-0.16781510192362903
-0.16795865633074936
-0.16810221073786963
-0.17944300890037324
-0.1795865633074935
-0.081251794430089
-0.0813953488372093
-0.08254378409417168
-0.11441286247487797
-0.11455641688199826
-0.11469997128911856
-0.11484352569623887
-0.11498708010335917
-0.11513063451047946
-0.11527418891759976
-0.11541774332472006
-0.11556129773184036
-0.11570485213896066
-0.11584840654608095
-0.11599196095320126
-0.11613551536032156
-0.11627906976744186
-0.11642262417456214
-0.11656617858168244
-0.11670973298880274
-0.11685328739592304
-0.11699684180304336
-0.11714039621016364
-0.11728395061728394
-0.11742750502440424
-0.11757105943152454
-0.11771461383864483
-0.11785816824576513
-0.11800172265288543
-0.11814527706000574
-0.11828883146712604
-0.11843238587424633
-0.11857594028136663
-0.11871949468848693
-0.11886304909560723
-0.11900660350272751
-0.11915015790984781
-0.11929371231696813
-0.11943726672408843
-0.11958082113120873
-0.11972437553832901
-0.11986792994544931
-0.12001148435256961
-0.12015503875968991
-0.1202985931668102
-0.1204421475739305
-0.12058570198105081
-0.12072925638817111
-0.12087281079529141
-0.1210163652024117
-0.121159919609532
-0.1213034740166523
-0.12144702842377261
-0.12159058283089288
-0.1217341372380132
-0.1218776916451335
-0.1220212460522538
-0.1221648004593741
-0.12230835486649438
-0.12245190927361468
-0.12259546368073498
-0.1227390180878553
-0.12288257249497558
-0.12302612690209588
-0.12316968130921618
-0.12331323571633648
-0.12345679012345678
-0.12360034453057707
-0.12374389893769737
-0.12388745334481768
-0.12403100775193798
-0.12417456215905827
-0.12431811656617857
-0.12446167097329887
-0.12460522538041917
-0.12474877978753947
-0.12489233419465975
-0.12503588860178005
-0.12517944300890035
-0.12532299741602065
-0.12546655182314095
-0.12561010623026125
-0.12575366063738155
-0.12589721504450185
-0.12604076945162215
-0.12618432385874245
-0.12632787826586275
-0.12647143267298305
-0.12661498708010335
-0.12675854148722365
-0.12690209589434395
-0.12704565030146425
-0.12718920470858455
-0.12733275911570485
-0.12747631352282512
-0.12761986792994542
-0.12776342233706575
-0.12790697674418605
-0.12805053115130632
-0.12819408555842662
-0.12833763996554692
-0.12848119437266722
-0.14312374389893767
-0.143267298306058
-0.1434108527131783
-0.162503588860178
-0.1626471432672983
-0.1627906976744186
-0.1629342520815389
-0.16307780648865922
-0.1632213608957795
-0.1635084697100201
-0.1636520241171404
-0.16379557852426066
-0.163939132931381
-0.16408268733850126
-0.1642262417456216
-0.1643697961527419
-0.16451335055986216
-0.1646569049669825
-0.16480045937410276
-0.1649440137812231
-0.16508756818834336
-0.16523112259546366
-0.165374677002584
-0.16551823140970426
-0.16566178581682459
-0.16580534022394486
-0.16594889463106516
-0.16609244903818546
-0.16623600344530576
-0.16637955785242603
-0.16652311225954636
-0.16666666666666666
-0.16681022107378696
-0.17829457364341084
-0.18016078093597473
-0.180304335343095
-0.18044788975021533
-0.1805914441573356
-0.18748205569910997
-0.18762561010623025
-0.18776916451335054
-0.18791271892047084
-0.18805627332759114
-0.18819982773471144
-0.18834338214183174
-0.18848693654895202
-0.18863049095607234
-0.18877404536319264
-0.18891759977031292
-0.18906115417743324
-0.044645420614412866
-0.04478897502153316
-0.04493252942865346
-0.04507608383577375
-0.046224519092736144
-0.047085845535457936
-0.05584266436979615
-0.18719494688486935
-0.18733850129198965
-0.18805627332759114
-0.18819982773471144
-0.18834338214183174
-0.18848693654895202
-0.22796439850703415
-0.22810795291415445
-0.22825150732127475
-0.22853861613551535
-0.7728969279356875
-0.7730404823428079
-0.03804191788687913
-0.04148722365776629
-0.04163077806488659
-0.04177433247200688
-0.0505311513063451
-0.0506747057134654
-0.0508182601205857
-0.050961814527706
-0.05110536893482629
-0.05124892334194659
-0.0513924777490669
-0.05153603215618719
-0.05167958656330749
-0.05182314097042778
-0.05196669537754809
-0.05211024978466838
-0.05225380419178868
-0.052397358598908976
-0.05254091300602928
-0.05268446741314958
-0.052828021820269876
-0.05297157622739018
-0.053115130634510475
-0.053258685041630775
-0.05340223944875107
-0.053545793855871375
-0.05412001148435257
-0.05426356589147287
-0.05440712029859316
-0.05455067470571346
-0.05469422911283376
-0.05483778351995406
-0.05498133792707435
-0.05512489233419465
-0.05526844674131496
-0.05541200114843525
-0.05555555555555555
-0.055699109962675845
-0.05584266436979615
-0.055986218776916445
-0.05799598047660063
-0.05813953488372093
-0.07823715188056274
-0.07838070628768302
-0.07852426069480332
-0.07866781510192362
-0.07881136950904392
-0.07895492391616422
-0.07909847832328451
-0.07924203273040481
-0.07938558713752512
-0.07981625035888601
-0.07995980476600631
-0.22954349698535742
-0.22968705139247775
-0.22983060579959802
-0.22997416020671835
