0.1220462850182704
0.5805115712545676
0.5806333739342266
0.5807551766138855
0.5808769792935445
0.5809987819732034
0.5811205846528624
0.5825822168087699
0.5827040194884289
0.5828258221680878
0.5829476248477468
0.5830694275274056
0.5831912302070646
0.5878197320341048
0.5879415347137638
0.5880633373934226
0.5881851400730816
0.5883069427527405
0.5900121802679659
0.5901339829476249
0.5902557856272839
0.5903775883069428
0.705359317904994
0.705481120584653
0.7056029232643118
0.7316686967113276
0.7317904993909866
0.7341047503045067
0.7342265529841656
0.7343483556638246
0.7344701583434835
0.7345919610231425
0.7347137637028015
0.7348355663824604
0.7449451887941535
0.7453105968331304
0.7454323995127894
0.7455542021924483
0.7456760048721073
0.7457978075517662
0.7459196102314252
0.7460414129110841
0.7461632155907431
0.7462850182704021
0.8578562728380025
0.8579780755176615
0.8580998781973204
0.8582216808769794
0.8583434835566384
0.8584652862362973
0.8585870889159563
0.8587088915956151
0.8588306942752741
0.8589524969549331
0.859074299634592
0.859196102314251
0.8593179049939099
0.8594397076735689
0.8595615103532278
0.8596833130328868
0.8626065773447016
0.8627283800243606
0.8628501827040195
0.8629719853836785
0.8630937880633374
0.8632155907429964
0.8633373934226553
0.8634591961023143
0.8637028014616321
0.8638246041412911
0.86394640682095
0.864068209500609
0.8641900121802679
0.8650426309378807
0.8651644336175396
0.8652862362971986
0.8654080389768575
0.8655298416565165
0.8656516443361754
0.8657734470158344
0.8658952496954934
0.8660170523751523
0.8661388550548113
0.8662606577344701
0.8663824604141291
0.866504263093788
0.866626065773447
0.866747868453106
0.8668696711327649
0.8669914738124239
0.8671132764920828
0.8672350791717418
0.8673568818514008
0.8674786845310597
0.8676004872107187
0.8677222898903776
0.8678440925700366
0.8679658952496955
0.8680876979293545
0.8682095006090135
0.8683313032886724
0.8684531059683314
0.8685749086479903
0.8686967113276493
0.8688185140073081
0.8689403166869671
0.8690621193666261
0.869183922046285
0.869305724725944
0.8694275274056029
0.8753958587088917
0.8755176613885506
0.8756394640682096
0.8757612667478685
0.8758830694275275
0.8760048721071865
0.8761266747868454
0.8762484774665044
0.8763702801461632
0.8764920828258222
0.8766138855054812
0.8767356881851401
0.8768574908647991
0.876979293544458
0.877101096224117
0.8772228989037759
0.8773447015834349
0.8774665042630939
0.8775883069427528
0.8777101096224118
0.8778319123020707
0.8809987819732034
0.8811205846528624
0.8812423873325214
0.8813641900121802
0.8814859926918392
0.8855054811205847
0.8856272838002436
0.8857490864799026
0.8858708891595616
0.8859926918392205
0.8861144945188795
0.8862362971985384
0.8863580998781974
0.8864799025578562
0.8866017052375152
0.8867235079171742
0.8868453105968331
0.8869671132764921
0.887088915956151
0.88721071863581
0.887332521315469
0.8874543239951279
0.8875761266747869
0.8876979293544458
0.8878197320341048
0.8879415347137637
0.8880633373934227
0.8881851400730817
0.8883069427527406
0.8884287454323996
0.8885505481120585
0.8886723507917175
0.8887941534713764
0.8889159561510354
0.8890377588306944
0.8891595615103532
0.8892813641900122
0.8894031668696711
0.8929354445797808
0.8930572472594398
0.8931790499390987
0.8933008526187577
0.8934226552984167
0.8935444579780756
0.8936662606577346
0.8953714981729599
0.8954933008526188
0.8956151035322778
0.8957369062119368
0.8958587088915957
0.8959805115712547
0.8961023142509136
0.8962241169305726
0.9042630937880634
0.9043848964677224
0.9045066991473812
0.9046285018270402
0.9047503045066991
0.9049939098660171
0.905115712545676
0.905237515225335
0.9053593179049939
0.9054811205846529
0.9056029232643118
0.9057247259439708
0.9058465286236298
0.9059683313032887
0.9060901339829477
0.9062119366626066
0.9063337393422656
0.9064555420219245
0.9065773447015835
0.9066991473812425
0.9068209500609014
0.9069427527405604
0.9070645554202192
0.9071863580998782
0.9073081607795372
0.9074299634591961
0.9075517661388551
0.907673568818514
0.907795371498173
0.9079171741778319
0.9080389768574909
0.9081607795371499
0.9082825822168088
0.9084043848964678
0.9085261875761267
0.9086479902557857
0.9087697929354446
0.9088915956151036
0.9090133982947626
0.9091352009744215
0.9092570036540805
0.9093788063337394
0.9095006090133984
0.9096224116930574
0.9097442143727162
0.9098660170523752
0.9099878197320341
0.9101096224116931
0.910231425091352
0.910353227771011
0.91047503045067
0.9105968331303289
0.9107186358099879
0.9108404384896468
0.9109622411693058
0.9110840438489648
0.9112058465286237
0.9113276492082827
0.9114494518879416
0.9115712545676006
0.9116930572472595
0.9118148599269185
0.9119366626065775
0.9120584652862364
0.9121802679658954
0.9123020706455542
0.9124238733252132
0.9125456760048721
0.9126674786845311
0.9127892813641901
0.912911084043849
0.913032886723508
0.9131546894031669
0.9132764920828259
0.9133982947624849
0.9135200974421438
0.9136419001218028
0.9137637028014617
0.9138855054811207
0.9140073081607796
0.9141291108404386
0.9142509135200976
0.9143727161997565
0.9160779537149818
0.9161997563946408
0.9163215590742997
0.9164433617539587
0.9165651644336177
0.9166869671132765
0.9168087697929355
0.9169305724725944
0.9170523751522534
0.9171741778319122
0.9172959805115712
0.9174177831912302
0.9175395858708891
0.9176613885505481
0.917783191230207
0.917904993909866
0.918026796589525
0.9181485992691839
0.9182704019488429
0.9183922046285018
0.9185140073081608
0.9186358099878197
0.9187576126674787
0.9188794153471377
0.9190012180267966
0.9191230207064556
0.9192448233861145
0.9193666260657735
0.9194884287454324
0.9196102314250914
0.920584652862363
0.9207064555420219
0.9208282582216809
0.9209500609013398
0.9210718635809988
0.9211936662606578
0.9213154689403167
0.9214372716199757
0.9215590742996346
0.9216808769792936
0.9218026796589525
0.9219244823386115
0.9220462850182705
0.9221680876979294
0.9222898903775884
0.9224116930572472
0.9225334957369062
0.9226552984165652
0.9326431181485993
0.9327649208282583
0.9328867235079172
0.9330085261875762
0.9428745432399513
0.9429963459196102
0.9431181485992692
0.9432399512789281
0.9468940316686968
0.9470158343483557
0.9471376370280147
0.9484774665042631
0.9485992691839221
0.9487210718635811
0.94884287454324
0.9550548112058466
0.9551766138855055
0.9552984165651645
0.9554202192448233
0.9555420219244823
0.9556638246041413
0.9557856272838002
0.9559074299634592
0.9560292326431181
0.9561510353227771
0.956272838002436
0.956394640682095
0.956516443361754
0.9566382460414129
0.9567600487210719
0.9568818514007308
0.9570036540803898
0.9571254567600487
0.9572472594397077
0.9573690621193667
0.9574908647990256
0.9576126674786846
0.9577344701583435
0.9578562728380025
0.9595615103532278
0.9596833130328868
0.9598051157125457
0.9599269183922047
0.9600487210718636
0.9601705237515226
0.9621193666260658
0.9622411693057248
0.9623629719853837
0.9624847746650427
0.9626065773447017
0.9627283800243606
0.9628501827040196
0.9629719853836785
0.9969549330085262
0.9970767356881852
0.9971985383678441
0.9973203410475031
0.997442143727162
0.5820950060901341
0.582216808769793
0.582338611449452
0.5824604141291109
0.5825822168087699
0.5827040194884289
0.5828258221680878
0.5829476248477468
0.5830694275274056
0.7030450669914738
0.7127892813641901
0.7129110840438491
0.7130328867235078
0.7131546894031668
0.7132764920828258
0.7133982947624847
0.7135200974421437
0.7136419001218026
0.7137637028014616
0.7417783191230207
0.7419001218026797
0.7425091352009745
0.7426309378806334
0.7427527405602924
0.7428745432399513
0.7434835566382461
0.7436053593179051
0.743727161997564
0.743848964677223
0.743970767356882
0.7466504263093788
0.7467722289890378
0.7468940316686968
0.8015834348355665
0.8017052375152254
0.8018270401948844
0.8611449451887941
0.8633373934226553
0.8634591961023143
0.8635809987819733
0.8637028014616321
0.8638246041412911
0.86394640682095
0.864068209500609
0.8641900121802679
0.8643118148599269
0.8644336175395859
0.8645554202192448
0.8646772228989038
0.8647990255785627
0.8649208282582217
0.8650426309378807
0.8651644336175396
0.8652862362971986
0.8654080389768575
0.8655298416565165
0.8656516443361754
0.8657734470158344
0.8658952496954934
0.8660170523751523
0.8661388550548113
0.8662606577344701
0.8663824604141291
0.866504263093788
0.866626065773447
0.866747868453106
0.8668696711327649
0.8669914738124239
0.8671132764920828
0.8672350791717418
0.8673568818514008
0.8674786845310597
0.8676004872107187
0.8677222898903776
0.8678440925700366
0.8679658952496955
0.8680876979293545
0.8682095006090135
0.8683313032886724
0.8684531059683314
0.8685749086479903
0.8686967113276493
0.8688185140073081
0.8689403166869671
0.8690621193666261
0.869183922046285
0.869305724725944
0.8694275274056029
0.8695493300852619
0.8696711327649209
0.8697929354445798
0.8699147381242388
0.8700365408038977
0.8733252131546895
0.8734470158343484
0.8735688185140074
0.8751522533495738
0.8752740560292327
0.8753958587088917
0.8755176613885506
0.8756394640682096
0.8757612667478685
0.8758830694275275
0.8760048721071865
0.8761266747868454
0.8762484774665044
0.8763702801461632
0.8764920828258222
0.8766138855054812
0.8767356881851401
0.8768574908647991
0.876979293544458
0.877101096224117
0.8772228989037759
0.8773447015834349
0.8774665042630939
0.8775883069427528
0.8777101096224118
0.8778319123020707
0.8779537149817297
0.8780755176613887
0.8781973203410476
0.8783191230207066
0.8784409257003655
0.8785627283800245
0.8786845310596834
0.8788063337393424
0.8789281364190014
0.8790499390986602
0.8791717417783192
0.8792935444579781
0.8794153471376371
0.879537149817296
0.8796589524969549
0.8797807551766139
0.8799025578562728
0.8800243605359318
0.8801461632155907
0.8802679658952497
0.8803897685749087
0.8805115712545676
0.8806333739342266
0.8807551766138855
0.8808769792935445
0.8809987819732034
0.8811205846528624
0.8812423873325214
0.8813641900121802
0.8814859926918392
0.8816077953714981
0.8817295980511571
0.881851400730816
0.881973203410475
0.882095006090134
0.8822168087697929
0.8823386114494519
0.8824604141291108
0.8825822168087698
0.8827040194884288
0.8828258221680877
0.8829476248477467
0.8830694275274056
0.8831912302070646
0.8833130328867235
0.8834348355663825
0.8835566382460415
0.8836784409257004
0.8838002436053594
0.8839220462850182
0.8840438489646772
0.8841656516443361
0.8842874543239951
0.8844092570036541
0.884531059683313
0.884652862362972
0.8847746650426309
0.8848964677222899
0.8850182704019489
0.8851400730816078
0.8852618757612668
0.8853836784409257
0.8855054811205847
0.8856272838002436
0.8857490864799026
0.8858708891595616
0.8859926918392205
0.8861144945188795
0.8862362971985384
0.8863580998781974
0.8864799025578562
0.8866017052375152
0.8867235079171742
0.8868453105968331
0.8869671132764921
0.887088915956151
0.88721071863581
0.887332521315469
0.8874543239951279
0.8875761266747869
0.8876979293544458
0.8878197320341048
0.8879415347137637
0.8880633373934227
0.8881851400730817
0.8883069427527406
0.8884287454323996
0.8885505481120585
0.8886723507917175
0.8887941534713764
0.8889159561510354
0.8890377588306944
0.8891595615103532
0.8892813641900122
0.8894031668696711
0.8895249695493301
0.8896467722289891
0.889768574908648
0.889890377588307
0.8900121802679659
0.8901339829476249
0.8902557856272838
0.8903775883069428
0.8904993909866018
0.8906211936662607
0.8907429963459197
0.8908647990255786
0.8909866017052376
0.8911084043848965
0.8912302070645555
0.8913520097442145
0.8914738124238734
0.8918392204628502
0.8919610231425092
0.8920828258221681
0.8922046285018271
0.892326431181486
0.892448233861145
0.8925700365408039
0.8926918392204629
0.8928136419001219
0.8929354445797808
0.8930572472594398
0.8931790499390987
0.8933008526187577
0.8934226552984167
0.8935444579780756
0.8936662606577346
0.8937880633373935
0.8939098660170525
0.8940316686967114
0.8941534713763704
0.8942752740560294
0.8943970767356882
0.8945188794153472
0.8946406820950061
0.8947624847746651
0.894884287454324
0.895006090133983
0.895127892813642
0.8981729598051157
0.8982947624847747
0.9040194884287455
0.9041412911084044
0.9049939098660171
0.905115712545676
0.905237515225335
0.9053593179049939
0.9085261875761267
0.9087697929354446
0.9088915956151036
0.9090133982947626
0.9091352009744215
0.9092570036540805
0.9093788063337394
0.9097442143727162
0.9098660170523752
0.910231425091352
0.910353227771011
0.91047503045067
0.9105968331303289
0.9107186358099879
0.9108404384896468
0.9109622411693058
0.9110840438489648
0.9112058465286237
0.9113276492082827
0.9114494518879416
0.9115712545676006
0.9116930572472595
0.9118148599269185
0.9119366626065775
0.9120584652862364
0.9121802679658954
0.9123020706455542
0.9124238733252132
0.9125456760048721
0.9126674786845311
0.9127892813641901
0.912911084043849
0.913032886723508
0.9131546894031669
0.9132764920828259
0.9133982947624849
0.9135200974421438
0.9136419001218028
0.9137637028014617
0.9138855054811207
0.9140073081607796
0.9141291108404386
0.9142509135200976
0.9143727161997565
0.9144945188794155
0.9146163215590744
0.9147381242387334
0.9148599269183922
0.9149817295980512
0.9151035322777102
0.9152253349573691
0.9153471376370281
0.915468940316687
0.915590742996346
0.915712545676005
0.9158343483556639
0.9159561510353229
0.9160779537149818
0.9161997563946408
0.9163215590742997
0.9164433617539587
0.9165651644336177
0.9166869671132765
0.9168087697929355
0.9169305724725944
0.9170523751522534
0.9171741778319122
0.9172959805115712
0.9174177831912302
0.9175395858708891
0.9176613885505481
0.917783191230207
0.917904993909866
0.918026796589525
0.9181485992691839
0.9182704019488429
0.9183922046285018
0.9185140073081608
0.9186358099878197
0.9187576126674787
0.9188794153471377
0.9190012180267966
0.9191230207064556
0.9192448233861145
0.9193666260657735
0.9194884287454324
0.9196102314250914
0.9197320341047504
0.9198538367844092
0.9199756394640682
0.9200974421437271
0.9202192448233861
0.9203410475030451
0.920462850182704
0.920584652862363
0.9207064555420219
0.9208282582216809
0.9209500609013398
0.9210718635809988
0.9211936662606578
0.9213154689403167
0.9214372716199757
0.9215590742996346
0.9216808769792936
0.9218026796589525
0.9219244823386115
0.9220462850182705
0.9221680876979294
0.9222898903775884
0.9224116930572472
0.9225334957369062
0.9226552984165652
0.9227771010962241
0.9228989037758831
0.923020706455542
0.923142509135201
0.9232643118148599
0.9233861144945189
0.9235079171741779
0.9314250913520098
0.9315468940316688
0.9316686967113277
0.9317904993909867
0.9319123020706457
0.9320341047503046
0.9321559074299636
0.9322777101096225
0.9323995127892815
0.9325213154689403
0.9326431181485993
0.9389768574908648
0.9390986601705238
0.9392204628501827
0.9393422655298417
0.9394640682095006
0.9395858708891596
0.9421437271619976
0.9422655298416566
0.9423873325213155
0.9425091352009745
0.9426309378806335
0.9427527405602923
0.9428745432399513
0.9429963459196102
0.9431181485992692
0.9432399512789281
0.9433617539585871
0.9434835566382461
0.943605359317905
0.943727161997564
0.9438489646772229
0.9439707673568819
0.9440925700365409
0.9442143727161998
0.9443361753958588
0.9444579780755177
0.9445797807551767
0.9447015834348356
0.9448233861144946
0.9449451887941536
0.9450669914738125
0.9451887941534715
0.9453105968331303
0.9454323995127893
0.9455542021924482
0.9456760048721072
0.9457978075517662
0.9459196102314251
0.9460414129110841
0.946163215590743
0.946285018270402
0.946406820950061
0.9465286236297199
0.9466504263093789
0.9467722289890378
0.9468940316686968
0.9470158343483557
0.9471376370280147
0.9472594397076737
0.9473812423873326
0.9475030450669916
0.9476248477466505
0.9477466504263095
0.9478684531059683
0.9479902557856273
0.9481120584652863
0.9482338611449452
0.9483556638246042
0.9484774665042631
0.9485992691839221
0.9487210718635811
0.94884287454324
0.948964677222899
0.9490864799025579
0.9492082825822169
0.9493300852618758
0.9494518879415348
0.9495736906211938
0.9496954933008527
0.9498172959805117
0.9499390986601706
0.9500609013398296
0.9501827040194885
0.9503045066991475
0.9504263093788065
0.9505481120584653
0.9506699147381243
0.9507917174177832
0.9509135200974422
0.9510353227771012
0.9511571254567601
0.9512789281364191
0.951400730816078
0.951522533495737
0.9516443361753959
0.9517661388550549
0.9518879415347139
0.9520097442143728
0.9521315468940318
0.9522533495736907
0.9523751522533497
0.9524969549330086
0.9526187576126676
0.9527405602923266
0.9528623629719855
0.9529841656516445
0.9531059683313033
0.9532277710109623
0.9533495736906213
0.9534713763702802
0.9546894031668697
0.9548112058465286
0.9549330085261876
0.9550548112058466
0.9551766138855055
0.9552984165651645
0.9554202192448233
0.9555420219244823
0.9556638246041413
0.9557856272838002
0.9559074299634592
0.9560292326431181
0.9561510353227771
0.956272838002436
0.956394640682095
0.956516443361754
0.9566382460414129
0.9567600487210719
0.9568818514007308
0.9570036540803898
0.9571254567600487
0.9572472594397077
0.9573690621193667
0.9574908647990256
0.9576126674786846
0.9577344701583435
0.9578562728380025
0.9579780755176615
0.9580998781973203
0.9582216808769793
0.9583434835566382
0.9584652862362972
0.9585870889159561
0.9587088915956151
0.9588306942752741
0.958952496954933
0.959074299634592
0.9591961023142509
0.9593179049939099
0.9594397076735689
0.9595615103532278
0.9596833130328868
0.9598051157125457
0.9599269183922047
0.9600487210718636
0.9601705237515226
0.9602923264311816
0.9604141291108405
0.9605359317904995
0.9606577344701583
0.9607795371498173
0.9609013398294762
0.9610231425091352
0.9611449451887942
0.9612667478684531
0.9613885505481121
0.961510353227771
0.96163215590743
0.961753958587089
0.9618757612667479
0.9619975639464069
0.9621193666260658
0.9622411693057248
0.9623629719853837
0.9624847746650427
0.9626065773447017
0.9627283800243606
0.9628501827040196
0.9629719853836785
0.9630937880633375
0.9632155907429963
0.9633373934226553
0.9634591961023143
0.9635809987819732
0.9637028014616322
0.9638246041412911
0.9639464068209501
0.9640682095006091
0.964190012180268
0.964311814859927
0.9644336175395859
0.9645554202192449
0.9646772228989038
0.9647990255785628
0.9649208282582218
0.9650426309378807
0.9651644336175397
0.9652862362971986
0.9654080389768576
0.9655298416565165
0.9656516443361755
0.9657734470158345
0.9658952496954933
0.9780755176613886
0.9781973203410476
0.9783191230207064
0.9784409257003654
0.9785627283800243
0.9786845310596833
0.9788063337393423
0.5758830694275274
0.5760048721071864
0.5953714981729599
0.5954933008526188
0.7845310596833132
0.784652862362972
0.784774665042631
0.7954933008526188
0.7957369062119367
0.7958587088915956
0.7959805115712546
0.7961023142509136
0.7962241169305725
0.7963459196102315
0.7964677222898904
0.800121802679659
0.8002436053593179
0.8003654080389769
0.8004872107186358
0.8006090133982948
0.8007308160779538
0.8008526187576127
0.8009744214372717
0.8010962241169306
0.8012180267965896
0.8013398294762486
0.8014616321559075
0.8015834348355665
0.8017052375152254
0.8018270401948844
0.8019488428745433
0.8020706455542023
0.8021924482338613
0.8064555420219245
0.8088915956151035
0.8123020706455543
0.8125456760048722
0.812667478684531
0.8644336175395859
0.8645554202192448
0.8646772228989038
0.8647990255785627
0.8649208282582217
0.8650426309378807
0.8651644336175396
0.8652862362971986
0.8654080389768575
0.8655298416565165
0.8656516443361754
0.8657734470158344
0.8658952496954934
0.8660170523751523
0.8661388550548113
0.8662606577344701
0.8668696711327649
0.8669914738124239
0.8671132764920828
0.8672350791717418
0.8673568818514008
0.8678440925700366
0.8679658952496955
0.8680876979293545
0.8682095006090135
0.8699147381242388
0.8700365408038977
0.8705237515225336
0.8706455542021925
0.8707673568818515
0.8708891595615104
0.8710109622411694
0.8711327649208283
0.8712545676004873
0.8713763702801463
0.8714981729598051
0.8716199756394641
0.871741778319123
0.871863580998782
0.871985383678441
0.8721071863580999
0.8722289890377589
0.8723507917174178
0.8724725943970768
0.8725943970767357
0.8742996345919611
0.87442143727162
0.874543239951279
0.8746650426309379
0.8747868453105969
0.8749086479902558
0.8750304506699148
0.8766138855054812
0.8767356881851401
0.8768574908647991
0.876979293544458
0.877101096224117
0.8772228989037759
0.8773447015834349
0.8774665042630939
0.8775883069427528
0.8777101096224118
0.8778319123020707
0.8779537149817297
0.8780755176613887
0.8781973203410476
0.8783191230207066
0.8784409257003655
0.8785627283800245
0.8786845310596834
0.8788063337393424
0.8789281364190014
0.8790499390986602
0.8791717417783192
0.8792935444579781
0.8794153471376371
0.879537149817296
0.8796589524969549
0.8797807551766139
0.8799025578562728
0.8800243605359318
0.8801461632155907
0.8802679658952497
0.8803897685749087
0.8805115712545676
0.8806333739342266
0.8807551766138855
0.8808769792935445
0.8809987819732034
0.8811205846528624
0.8812423873325214
0.8813641900121802
0.8814859926918392
0.8816077953714981
0.8817295980511571
0.881851400730816
0.881973203410475
0.882095006090134
0.8822168087697929
0.8823386114494519
0.8824604141291108
0.8825822168087698
0.8827040194884288
0.8828258221680877
0.8829476248477467
0.8830694275274056
0.8831912302070646
0.8833130328867235
0.8834348355663825
0.8835566382460415
0.8836784409257004
0.8838002436053594
0.8839220462850182
0.8840438489646772
0.8841656516443361
0.8842874543239951
0.8844092570036541
0.884531059683313
0.884652862362972
0.8847746650426309
0.8848964677222899
0.8850182704019489
0.8851400730816078
0.8852618757612668
0.8853836784409257
0.8855054811205847
0.8856272838002436
0.8857490864799026
0.8858708891595616
0.8859926918392205
0.8861144945188795
0.8862362971985384
0.8863580998781974
0.8864799025578562
0.8866017052375152
0.8867235079171742
0.8868453105968331
0.8869671132764921
0.887088915956151
0.88721071863581
0.887332521315469
0.8874543239951279
0.8875761266747869
0.8876979293544458
0.8878197320341048
0.8879415347137637
0.8880633373934227
0.8881851400730817
0.8883069427527406
0.8884287454323996
0.8885505481120585
0.8886723507917175
0.8887941534713764
0.8889159561510354
0.8890377588306944
0.8891595615103532
0.8892813641900122
0.8894031668696711
0.8895249695493301
0.8896467722289891
0.889768574908648
0.889890377588307
0.8900121802679659
0.8901339829476249
0.8902557856272838
0.8903775883069428
0.8904993909866018
0.8906211936662607
0.8907429963459197
0.8908647990255786
0.8909866017052376
0.8911084043848965
0.8912302070645555
0.8913520097442145
0.8914738124238734
0.8915956151035324
0.8917174177831912
0.8918392204628502
0.8919610231425092
0.8920828258221681
0.8922046285018271
0.892326431181486
0.892448233861145
0.8925700365408039
0.8926918392204629
0.8928136419001219
0.8929354445797808
0.8930572472594398
0.8931790499390987
0.8933008526187577
0.8934226552984167
0.8935444579780756
0.8936662606577346
0.8937880633373935
0.8940316686967114
0.8941534713763704
0.8942752740560294
0.8943970767356882
0.8945188794153472
0.8946406820950061
0.8947624847746651
0.894884287454324
0.895006090133983
0.895127892813642
0.8952496954933009
0.8953714981729599
0.8954933008526188
0.8956151035322778
0.8957369062119368
0.8958587088915957
0.8959805115712547
0.8961023142509136
0.8963459196102315
0.8964677222898905
0.8965895249695495
0.8971985383678441
0.8973203410475031
0.8974421437271621
0.897563946406821
0.89768574908648
0.8978075517661389
0.8979293544457979
0.8980511571254569
0.8981729598051157
0.8982947624847747
0.8984165651644336
0.8985383678440926
0.9043848964677224
0.9045066991473812
0.9046285018270402
0.9047503045066991
0.9048721071863581
0.9049939098660171
0.905115712545676
0.905237515225335
0.9053593179049939
0.9054811205846529
0.9056029232643118
0.9057247259439708
0.9058465286236298
0.9059683313032887
0.9060901339829477
0.9062119366626066
0.9063337393422656
0.9064555420219245
0.9065773447015835
0.9066991473812425
0.9068209500609014
0.9069427527405604
0.9070645554202192
0.9071863580998782
0.9073081607795372
0.9074299634591961
0.9075517661388551
0.907673568818514
0.907795371498173
0.9079171741778319
0.9080389768574909
0.9081607795371499
0.9082825822168088
0.9084043848964678
0.9085261875761267
0.9086479902557857
0.9087697929354446
0.9088915956151036
0.9090133982947626
0.9091352009744215
0.9092570036540805
0.9093788063337394
0.9095006090133984
0.9096224116930574
0.9097442143727162
0.9098660170523752
0.9099878197320341
0.9101096224116931
0.910231425091352
0.910353227771011
0.91047503045067
0.9105968331303289
0.9107186358099879
0.9108404384896468
0.9109622411693058
0.9110840438489648
0.9112058465286237
0.9113276492082827
0.9114494518879416
0.9115712545676006
0.9116930572472595
0.9118148599269185
0.9119366626065775
0.9120584652862364
0.912911084043849
0.913032886723508
0.9131546894031669
0.9132764920828259
0.9133982947624849
0.9135200974421438
0.9136419001218028
0.9137637028014617
0.9138855054811207
0.9140073081607796
0.9141291108404386
0.9142509135200976
0.9153471376370281
0.915468940316687
0.915590742996346
0.915712545676005
0.9158343483556639
0.9159561510353229
0.9160779537149818
0.9161997563946408
0.9163215590742997
0.9164433617539587
0.9165651644336177
0.9166869671132765
0.9168087697929355
0.9169305724725944
0.9170523751522534
0.9171741778319122
0.9172959805115712
0.9174177831912302
0.9175395858708891
0.9176613885505481
0.917783191230207
0.917904993909866
0.918026796589525
0.9181485992691839
0.9182704019488429
0.9183922046285018
0.9185140073081608
0.9186358099878197
0.9187576126674787
0.9188794153471377
0.9190012180267966
0.9191230207064556
0.9192448233861145
0.9193666260657735
0.9194884287454324
0.9202192448233861
0.9203410475030451
0.9214372716199757
0.9215590742996346
0.9216808769792936
0.9218026796589525
0.9219244823386115
0.9220462850182705
0.9221680876979294
0.9224116930572472
0.9225334957369062
0.9226552984165652
0.9227771010962241
0.9228989037758831
0.923020706455542
0.923142509135201
0.9232643118148599
0.9233861144945189
0.9235079171741779
0.9236297198538368
0.9280146163215591
0.9281364190012181
0.928258221680877
0.928380024360536
0.9285018270401949
0.9286236297198539
0.9305724725943971
0.9306942752740561
0.930816077953715
0.930937880633374
0.931059683313033
0.9311814859926919
0.9313032886723509
0.9314250913520098
0.9315468940316688
0.9316686967113277
0.9317904993909867
0.9319123020706457
0.9320341047503046
0.9321559074299636
0.9322777101096225
0.9323995127892815
0.9325213154689403
0.9326431181485993
0.9327649208282583
0.9388550548112059
0.9389768574908648
0.9390986601705238
0.9392204628501827
0.9393422655298417
0.9394640682095006
0.9395858708891596
0.9397076735688186
0.9403166869671133
0.9404384896467722
0.9405602923264312
0.9406820950060901
0.9408038976857491
0.941169305724726
0.9412911084043849
0.9414129110840439
0.9415347137637028
0.9416565164433618
0.9417783191230208
0.9419001218026797
0.9420219244823387
0.9421437271619976
0.9422655298416566
0.9423873325213155
0.9425091352009745
0.9426309378806335
0.9427527405602923
0.9428745432399513
0.9429963459196102
0.9431181485992692
0.9432399512789281
0.9433617539585871
0.9434835566382461
0.943605359317905
0.943727161997564
0.9438489646772229
0.9439707673568819
0.9440925700365409
0.9442143727161998
0.9443361753958588
0.9444579780755177
0.9445797807551767
0.9447015834348356
0.9448233861144946
0.9449451887941536
0.9450669914738125
0.9451887941534715
0.9453105968331303
0.9454323995127893
0.9455542021924482
0.9456760048721072
0.9457978075517662
0.9459196102314251
0.9460414129110841
0.946163215590743
0.946285018270402
0.946406820950061
0.9465286236297199
0.9466504263093789
0.9467722289890378
0.9468940316686968
0.9470158343483557
0.9471376370280147
0.9472594397076737
0.9473812423873326
0.9475030450669916
0.9476248477466505
0.9477466504263095
0.9478684531059683
0.9479902557856273
0.9481120584652863
0.9482338611449452
0.9483556638246042
0.9484774665042631
0.9485992691839221
0.9487210718635811
0.94884287454324
0.9496954933008527
0.9499390986601706
0.9500609013398296
0.9501827040194885
0.9503045066991475
0.9504263093788065
0.9505481120584653
0.9506699147381243
0.9507917174177832
0.9509135200974422
0.9510353227771012
0.9511571254567601
0.9512789281364191
0.951400730816078
0.951522533495737
0.9516443361753959
0.9517661388550549
0.9518879415347139
0.9520097442143728
0.9521315468940318
0.9522533495736907
0.9523751522533497
0.9524969549330086
0.9526187576126676
0.9527405602923266
0.9528623629719855
0.9529841656516445
0.9531059683313033
0.9532277710109623
0.9533495736906213
0.9534713763702802
0.9535931790499392
0.953714981729598
0.953836784409257
0.9539585870889159
0.9540803897685749
0.9542021924482339
0.9543239951278928
0.9544457978075518
0.9545676004872107
0.9546894031668697
0.9548112058465286
0.9549330085261876
0.9550548112058466
0.9551766138855055
0.9552984165651645
0.9554202192448233
0.9555420219244823
0.9556638246041413
0.9566382460414129
0.9567600487210719
0.9568818514007308
0.9570036540803898
0.9571254567600487
0.9572472594397077
0.9573690621193667
0.9574908647990256
0.9576126674786846
0.9577344701583435
0.9578562728380025
0.9579780755176615
0.9580998781973203
0.9582216808769793
0.9583434835566382
0.9584652862362972
0.9585870889159561
0.9587088915956151
0.9588306942752741
0.958952496954933
0.959074299634592
0.9591961023142509
0.9593179049939099
0.9594397076735689
0.9595615103532278
0.9596833130328868
0.9598051157125457
0.9599269183922047
0.9600487210718636
0.9601705237515226
0.9602923264311816
0.9604141291108405
0.9605359317904995
0.9606577344701583
0.9607795371498173
0.9609013398294762
0.9610231425091352
0.9611449451887942
0.9612667478684531
0.9613885505481121
0.961510353227771
0.96163215590743
0.961753958587089
0.9618757612667479
0.9619975639464069
0.9621193666260658
0.9622411693057248
0.9623629719853837
0.9624847746650427
0.9626065773447017
0.9627283800243606
0.9628501827040196
0.9629719853836785
0.9630937880633375
0.9632155907429963
0.9633373934226553
0.9634591961023143
0.9635809987819732
0.9637028014616322
0.9638246041412911
0.9639464068209501
0.9640682095006091
0.964190012180268
0.964311814859927
0.9644336175395859
0.9645554202192449
0.9646772228989038
0.9647990255785628
0.9649208282582218
0.9650426309378807
0.9651644336175397
0.9652862362971986
0.9654080389768576
0.9655298416565165
0.9656516443361755
0.9657734470158345
0.7842874543239952
0.7982947624847747
0.7984165651644337
0.7985383678440926
0.7986601705237516
0.7987819732034105
0.7989037758830695
0.7990255785627285
0.7991473812423874
0.7992691839220464
0.7993909866017053
0.7995127892813643
0.7996345919610232
0.7997563946406822
0.7998781973203412
0.8
0.8004872107186358
0.8006090133982948
0.8007308160779538
0.8008526187576127
0.8009744214372717
0.8010962241169306
0.8012180267965896
0.8018270401948844
0.8019488428745433
0.8024360535931792
0.802557856272838
0.802679658952497
0.8104750304506699
0.8105968331303289
0.8107186358099878
0.8108404384896468
0.8109622411693057
0.8110840438489647
0.823142509135201
0.82326431181486
0.8233861144945189
0.8235079171741779
0.8672350791717418
0.8673568818514008
0.8676004872107187
0.8677222898903776
0.8678440925700366
0.8679658952496955
0.8680876979293545
0.8682095006090135
0.8683313032886724
0.8695493300852619
0.8696711327649209
0.8697929354445798
0.8699147381242388
0.8700365408038977
0.8701583434835567
0.8702801461632156
0.8704019488428746
0.8705237515225336
0.8706455542021925
0.8707673568818515
0.8708891595615104
0.8710109622411694
0.8711327649208283
0.8712545676004873
0.8713763702801463
0.8714981729598051
0.8716199756394641
0.871741778319123
0.871863580998782
0.871985383678441
0.8721071863580999
0.8722289890377589
0.8723507917174178
0.8724725943970768
0.8725943970767357
0.8727161997563947
0.8735688185140074
0.8736906211936664
0.8738124238733253
0.8739342265529843
0.8740560292326431
0.8741778319123021
0.8742996345919611
0.87442143727162
0.874543239951279
0.8746650426309379
0.8747868453105969
0.8758830694275275
0.8760048721071865
0.8761266747868454
0.8762484774665044
0.8763702801461632
0.8764920828258222
0.8766138855054812
0.8767356881851401
0.8768574908647991
0.876979293544458
0.877101096224117
0.8772228989037759
0.8773447015834349
0.8774665042630939
0.8775883069427528
0.8777101096224118
0.8778319123020707
0.8779537149817297
0.8781973203410476
0.8783191230207066
0.8784409257003655
0.8785627283800245
0.8786845310596834
0.8788063337393424
0.8789281364190014
0.8790499390986602
0.8791717417783192
0.8792935444579781
0.8794153471376371
0.879537149817296
0.8796589524969549
0.8797807551766139
0.8799025578562728
0.8800243605359318
0.8801461632155907
0.8802679658952497
0.8816077953714981
0.8817295980511571
0.881851400730816
0.881973203410475
0.882095006090134
0.8822168087697929
0.8823386114494519
0.8824604141291108
0.8825822168087698
0.8827040194884288
0.8828258221680877
0.8829476248477467
0.8830694275274056
0.8831912302070646
0.8833130328867235
0.8834348355663825
0.8835566382460415
0.8836784409257004
0.8838002436053594
0.8839220462850182
0.8840438489646772
0.8841656516443361
0.8842874543239951
0.8844092570036541
0.884531059683313
0.884652862362972
0.8847746650426309
0.8848964677222899
0.8850182704019489
0.8851400730816078
0.8852618757612668
0.8853836784409257
0.8855054811205847
0.8856272838002436
0.8857490864799026
0.8858708891595616
0.8859926918392205
0.8861144945188795
0.8862362971985384
0.8863580998781974
0.8864799025578562
0.8866017052375152
0.8867235079171742
0.8868453105968331
0.8869671132764921
0.887088915956151
0.88721071863581
0.887332521315469
0.8874543239951279
0.8875761266747869
0.8876979293544458
0.8878197320341048
0.8879415347137637
0.8880633373934227
0.8881851400730817
0.8883069427527406
0.8884287454323996
0.8885505481120585
0.8886723507917175
0.8887941534713764
0.8889159561510354
0.8890377588306944
0.8891595615103532
0.8892813641900122
0.8894031668696711
0.8895249695493301
0.8896467722289891
0.889890377588307
0.8900121802679659
0.8901339829476249
0.8902557856272838
0.8903775883069428
0.8904993909866018
0.8906211936662607
0.8907429963459197
0.8908647990255786
0.8909866017052376
0.8911084043848965
0.8912302070645555
0.8913520097442145
0.8914738124238734
0.8915956151035324
0.8917174177831912
0.8918392204628502
0.8919610231425092
0.8920828258221681
0.8922046285018271
0.892326431181486
0.8931790499390987
0.8933008526187577
0.8934226552984167
0.8935444579780756
0.8936662606577346
0.8937880633373935
0.8939098660170525
0.8940316686967114
0.8941534713763704
0.8942752740560294
0.8943970767356882
0.8945188794153472
0.8946406820950061
0.8947624847746651
0.894884287454324
0.895006090133983
0.895127892813642
0.8952496954933009
0.8953714981729599
0.8954933008526188
0.8956151035322778
0.8957369062119368
0.8958587088915957
0.8959805115712547
0.8961023142509136
0.8962241169305726
0.8963459196102315
0.8964677222898905
0.8965895249695495
0.8967113276492084
0.8968331303288674
0.8969549330085262
0.8970767356881852
0.8971985383678441
0.8973203410475031
0.8974421437271621
0.897563946406821
0.89768574908648
0.8978075517661389
0.8979293544457979
0.8980511571254569
0.8981729598051157
0.8982947624847747
0.8984165651644336
0.8985383678440926
0.8986601705237515
0.9034104750304507
0.9035322777101097
0.9045066991473812
0.9046285018270402
0.9047503045066991
0.9048721071863581
0.9049939098660171
0.905115712545676
0.905237515225335
0.9053593179049939
0.9054811205846529
0.9056029232643118
0.9057247259439708
0.9058465286236298
0.9059683313032887
0.9060901339829477
0.9062119366626066
0.9063337393422656
0.9064555420219245
0.9065773447015835
0.9066991473812425
0.9068209500609014
0.9069427527405604
0.9070645554202192
0.9071863580998782
0.9073081607795372
0.9074299634591961
0.9075517661388551
0.907673568818514
0.907795371498173
0.9079171741778319
0.9080389768574909
0.9081607795371499
0.9082825822168088
0.9084043848964678
0.9085261875761267
0.9086479902557857
0.9091352009744215
0.9092570036540805
0.9093788063337394
0.9095006090133984
0.9096224116930574
0.9097442143727162
0.9098660170523752
0.9099878197320341
0.9101096224116931
0.910231425091352
0.910353227771011
0.91047503045067
0.9105968331303289
0.9107186358099879
0.9108404384896468
0.9109622411693058
0.9110840438489648
0.9112058465286237
0.9113276492082827
0.9114494518879416
0.9115712545676006
0.9116930572472595
0.9118148599269185
0.9119366626065775
0.9120584652862364
0.9121802679658954
0.9123020706455542
0.9124238733252132
0.9125456760048721
0.9126674786845311
0.9127892813641901
0.912911084043849
0.913032886723508
0.9131546894031669
0.9132764920828259
0.9133982947624849
0.9135200974421438
0.9136419001218028
0.9137637028014617
0.9138855054811207
0.9140073081607796
0.9141291108404386
0.9159561510353229
0.9161997563946408
0.9163215590742997
0.9164433617539587
0.9165651644336177
0.9166869671132765
0.9168087697929355
0.917783191230207
0.917904993909866
0.918026796589525
0.9181485992691839
0.9182704019488429
0.9183922046285018
0.9185140073081608
0.9186358099878197
0.9187576126674787
0.9188794153471377
0.9190012180267966
0.9191230207064556
0.9192448233861145
0.9193666260657735
0.9194884287454324
0.9196102314250914
0.9197320341047504
0.9198538367844092
0.9199756394640682
0.9200974421437271
0.9202192448233861
0.9203410475030451
0.920462850182704
0.920584652862363
0.9207064555420219
0.9208282582216809
0.9209500609013398
0.9210718635809988
0.9220462850182705
0.9221680876979294
0.9238733252131547
0.9241169305724726
0.9242387332521316
0.9243605359317906
0.9244823386114495
0.9269183922046286
0.9270401948842875
0.9271619975639465
0.9272838002436055
0.9274056029232643
0.9275274056029233
0.9276492082825822
0.9277710109622412
0.9278928136419001
0.9280146163215591
0.9281364190012181
0.928258221680877
0.928380024360536
0.9285018270401949
0.9286236297198539
0.9287454323995129
0.9288672350791718
0.9289890377588308
0.9291108404384897
0.9292326431181487
0.9293544457978076
0.9294762484774666
0.9295980511571256
0.9297198538367845
0.9298416565164435
0.9299634591961023
0.9300852618757613
0.9302070645554202
0.9303288672350792
0.9304506699147382
0.9305724725943971
0.9306942752740561
0.930816077953715
0.930937880633374
0.931059683313033
0.9311814859926919
0.9313032886723509
0.9314250913520098
0.9315468940316688
0.9390986601705238
0.9392204628501827
0.9393422655298417
0.9394640682095006
0.9395858708891596
0.9397076735688186
0.9408038976857491
0.940925700365408
0.941047503045067
0.941169305724726
0.9412911084043849
0.9414129110840439
0.9415347137637028
0.9416565164433618
0.9417783191230208
0.9419001218026797
0.9420219244823387
0.9421437271619976
0.9422655298416566
0.9423873325213155
0.9425091352009745
0.9426309378806335
0.9427527405602923
0.9428745432399513
0.9440925700365409
0.9442143727161998
0.9443361753958588
0.9444579780755177
0.9445797807551767
0.9447015834348356
0.9448233861144946
0.9449451887941536
0.9450669914738125
0.9451887941534715
0.9453105968331303
0.9454323995127893
0.9455542021924482
0.9456760048721072
0.9457978075517662
0.9459196102314251
0.9460414129110841
0.9524969549330086
0.9526187576126676
0.9527405602923266
0.9528623629719855
0.9529841656516445
0.9531059683313033
0.9532277710109623
0.9533495736906213
0.9534713763702802
0.9535931790499392
0.953714981729598
0.953836784409257
0.9539585870889159
0.9540803897685749
0.9542021924482339
0.9543239951278928
0.9544457978075518
0.9545676004872107
0.9546894031668697
0.9548112058465286
0.9549330085261876
0.9550548112058466
0.9551766138855055
0.9552984165651645
0.9640682095006091
0.3623629719853837
0.36248477466504264
0.3626065773447016
0.3627283800243606
0.36285018270401953
0.4571254567600488
0.571863580998782
0.571985383678441
0.5721071863580999
0.6548112058465287
0.6549330085261876
0.7971985383678442
0.797320341047503
0.797442143727162
0.797563946406821
0.7976857490864799
0.7993909866017053
0.7998781973203412
0.8014616321559075
0.8015834348355665
0.8017052375152254
0.8018270401948844
0.8113276492082826
0.8114494518879416
0.8115712545676005
0.8116930572472595
0.8118148599269184
0.8119366626065774
0.8120584652862363
0.8121802679658953
0.8123020706455543
0.8124238733252132
0.8125456760048722
0.8673568818514008
0.8674786845310597
0.8676004872107187
0.8677222898903776
0.8680876979293545
0.8682095006090135
0.8683313032886724
0.8686967113276493
0.8779537149817297
0.8780755176613887
0.8781973203410476
0.8783191230207066
0.8784409257003655
0.8801461632155907
0.8807551766138855
0.8808769792935445
0.8809987819732034
0.8811205846528624
0.8812423873325214
0.8813641900121802
0.8814859926918392
0.8816077953714981
0.8848964677222899
0.8858708891595616
0.8859926918392205
0.8861144945188795
0.8862362971985384
0.8863580998781974
0.8894031668696711
0.8895249695493301
0.8896467722289891
0.889768574908648
0.889890377588307
0.8900121802679659
0.8901339829476249
0.8902557856272838
0.8903775883069428
0.8904993909866018
0.8906211936662607
0.8907429963459197
0.8908647990255786
0.8909866017052376
0.8911084043848965
0.8912302070645555
0.8913520097442145
0.8914738124238734
0.8915956151035324
0.8917174177831912
0.8918392204628502
0.8919610231425092
0.8920828258221681
0.8922046285018271
0.892326431181486
0.892448233861145
0.8925700365408039
0.8926918392204629
0.8928136419001219
0.8929354445797808
0.8930572472594398
0.8931790499390987
0.8933008526187577
0.8934226552984167
0.8935444579780756
0.8936662606577346
0.8937880633373935
0.8939098660170525
0.8940316686967114
0.8941534713763704
0.8942752740560294
0.8943970767356882
0.8945188794153472
0.8946406820950061
0.8947624847746651
0.894884287454324
0.895006090133983
0.895127892813642
0.8952496954933009
0.8953714981729599
0.8954933008526188
0.8956151035322778
0.8957369062119368
0.8958587088915957
0.8959805115712547
0.8961023142509136
0.8962241169305726
0.8963459196102315
0.8964677222898905
0.8965895249695495
0.8967113276492084
0.8968331303288674
0.8969549330085262
0.8970767356881852
0.8971985383678441
0.8973203410475031
0.8974421437271621
0.897563946406821
0.89768574908648
0.8978075517661389
0.8979293544457979
0.8980511571254569
0.8981729598051157
0.8982947624847747
0.8984165651644336
0.8985383678440926
0.8986601705237515
0.8987819732034105
0.8989037758830695
0.8990255785627284
0.8991473812423874
0.8992691839220462
0.8993909866017052
0.8995127892813641
0.8996345919610231
0.8997563946406821
0.899878197320341
0.9
0.9001218026796589
0.9040194884287455
0.9041412911084044
0.9042630937880634
0.9043848964677224
0.9045066991473812
0.9046285018270402
0.9047503045066991
0.9054811205846529
0.9058465286236298
0.9059683313032887
0.9110840438489648
0.9112058465286237
0.9113276492082827
0.9114494518879416
0.9115712545676006
0.9116930572472595
0.9118148599269185
0.9119366626065775
0.9120584652862364
0.9121802679658954
0.9123020706455542
0.9124238733252132
0.9125456760048721
0.9126674786845311
0.9127892813641901
0.912911084043849
0.913032886723508
0.9131546894031669
0.9132764920828259
0.9133982947624849
0.9137637028014617
0.9138855054811207
0.9140073081607796
0.9141291108404386
0.9142509135200976
0.9143727161997565
0.9144945188794155
0.9146163215590744
0.9147381242387334
0.9148599269183922
0.9149817295980512
0.9151035322777102
0.9152253349573691
0.9153471376370281
0.915468940316687
0.915590742996346
0.915712545676005
0.9159561510353229
0.9160779537149818
0.9161997563946408
0.9163215590742997
0.9164433617539587
0.9165651644336177
0.9166869671132765
0.9168087697929355
0.9169305724725944
0.9170523751522534
0.9171741778319122
0.9172959805115712
0.9174177831912302
0.9175395858708891
0.9176613885505481
0.917783191230207
0.9190012180267966
0.9191230207064556
0.9192448233861145
0.9193666260657735
0.9194884287454324
0.9196102314250914
0.9197320341047504
0.9198538367844092
0.9199756394640682
0.9200974421437271
0.9202192448233861
0.9203410475030451
0.920462850182704
0.920584652862363
0.9207064555420219
0.9208282582216809
0.9209500609013398
0.9210718635809988
0.9211936662606578
0.9213154689403167
0.9214372716199757
0.9215590742996346
0.9216808769792936
0.9218026796589525
0.9219244823386115
0.9225334957369062
0.9226552984165652
0.9227771010962241
0.9228989037758831
0.923020706455542
0.923142509135201
0.9232643118148599
0.9233861144945189
0.9235079171741779
0.9236297198538368
0.9237515225334958
0.9238733252131547
0.9239951278928137
0.9241169305724726
0.9242387332521316
0.9243605359317906
0.9244823386114495
0.9246041412911085
0.9247259439707674
0.9248477466504264
0.9249695493300853
0.9252131546894032
0.9253349573690621
0.9254567600487211
0.92557856272838
0.925700365408039
0.925822168087698
0.9259439707673569
0.9260657734470159
0.9261875761266748
0.9263093788063338
0.9264311814859928
0.9265529841656517
0.9266747868453107
0.9267965895249696
0.9306942752740561
0.930816077953715
0.930937880633374
0.931059683313033
0.9311814859926919
0.9313032886723509
0.9314250913520098
0.9315468940316688
0.9316686967113277
0.9317904993909867
0.9319123020706457
0.9320341047503046
0.9321559074299636
0.9322777101096225
0.9323995127892815
0.9325213154689403
0.9326431181485993
0.9327649208282583
0.9328867235079172
0.9330085261875762
0.9331303288672351
0.9332521315468941
0.9333739342265531
0.933495736906212
0.933617539585871
0.9337393422655299
0.9338611449451889
0.9339829476248478
0.9341047503045068
0.9342265529841658
0.9343483556638247
0.9344701583434837
0.93836784409257
0.938489646772229
0.9386114494518879
0.9387332521315469
0.9388550548112059
0.9389768574908648
0.9390986601705238
0.9392204628501827
0.9393422655298417
0.9394640682095006
0.941169305724726
0.9444579780755177
0.9673568818514008
0.9674786845310598
0.9676004872107187
0.9677222898903777
0.9678440925700366
0.9710109622411695
0.9711327649208283
0.9712545676004873
0.9713763702801462
0.9714981729598052
0.9805115712545677
0.41546894031668696
0.458952496954933
0.5635809987819733
0.5637028014616322
0.5638246041412912
0.5639464068209501
0.5646772228989039
0.5647990255785628
0.5649208282582217
0.5650426309378807
0.5651644336175395
0.5652862362971985
0.5654080389768574
0.5695493300852619
0.5696711327649209
0.5697929354445798
0.5699147381242388
0.5704019488428745
0.5705237515225335
0.5706455542021924
0.5707673568818514
0.5708891595615103
0.5710109622411693
0.5711327649208283
0.5712545676004872
0.5713763702801462
0.5714981729598051
0.5716199756394641
0.571863580998782
0.571985383678441
0.5721071863580999
0.654080389768575
0.654202192448234
0.6543239951278929
0.6544457978075519
0.7950060901339829
0.7951278928136419
0.7952496954933009
0.7953714981729598
0.7954933008526188
0.7987819732034105
0.7989037758830695
0.7990255785627285
0.7991473812423874
0.7992691839220464
0.8796589524969549
0.8797807551766139
0.8799025578562728
0.8800243605359318
0.8801461632155907
0.8802679658952497
0.8803897685749087
0.8805115712545676
0.8806333739342266
0.8908647990255786
0.8909866017052376
0.8911084043848965
0.8912302070645555
0.8913520097442145
0.8920828258221681
0.8922046285018271
0.892326431181486
0.892448233861145
0.8925700365408039
0.8926918392204629
0.8928136419001219
0.8929354445797808
0.8930572472594398
0.8931790499390987
0.8933008526187577
0.8934226552984167
0.8935444579780756
0.8936662606577346
0.8937880633373935
0.8939098660170525
0.8940316686967114
0.8941534713763704
0.8942752740560294
0.8943970767356882
0.8945188794153472
0.8946406820950061
0.8947624847746651
0.894884287454324
0.895006090133983
0.895127892813642
0.8952496954933009
0.8953714981729599
0.8954933008526188
0.8956151035322778
0.8957369062119368
0.8958587088915957
0.8959805115712547
0.8961023142509136
0.8962241169305726
0.8963459196102315
0.8964677222898905
0.8965895249695495
0.8967113276492084
0.8968331303288674
0.8969549330085262
0.8970767356881852
0.8971985383678441
0.8973203410475031
0.8974421437271621
0.897563946406821
0.89768574908648
0.8978075517661389
0.8979293544457979
0.8980511571254569
0.8981729598051157
0.8982947624847747
0.8984165651644336
0.8985383678440926
0.8986601705237515
0.8987819732034105
0.8989037758830695
0.8990255785627284
0.8991473812423874
0.8992691839220462
0.8993909866017052
0.8995127892813641
0.8996345919610231
0.8997563946406821
0.899878197320341
0.9
0.9001218026796589
0.9002436053593179
0.9003654080389769
0.9004872107186358
0.9006090133982948
0.9007308160779537
0.9008526187576127
0.9009744214372716
0.9010962241169306
0.9012180267965896
0.9013398294762485
0.9014616321559075
0.9015834348355664
0.9017052375152254
0.9018270401948842
0.9019488428745432
0.9020706455542022
0.9049939098660171
0.905115712545676
0.905237515225335
0.9053593179049939
0.9054811205846529
0.9056029232643118
0.9057247259439708
0.9058465286236298
0.9059683313032887
0.9060901339829477
0.9096224116930574
0.9097442143727162
0.9112058465286237
0.9113276492082827
0.9114494518879416
0.9115712545676006
0.9116930572472595
0.9118148599269185
0.9119366626065775
0.9120584652862364
0.9121802679658954
0.9152253349573691
0.9153471376370281
0.915468940316687
0.915590742996346
0.915712545676005
0.9158343483556639
0.9159561510353229
0.9160779537149818
0.9161997563946408
0.9163215590742997
0.9164433617539587
0.9165651644336177
0.9166869671132765
0.9168087697929355
0.9169305724725944
0.9170523751522534
0.9171741778319122
0.917783191230207
0.917904993909866
0.918026796589525
0.9181485992691839
0.9194884287454324
0.9196102314250914
0.9197320341047504
0.9198538367844092
0.9199756394640682
0.9200974421437271
0.9202192448233861
0.9203410475030451
0.920462850182704
0.920584652862363
0.9209500609013398
0.9210718635809988
0.9211936662606578
0.9213154689403167
0.9228989037758831
0.923020706455542
0.923142509135201
0.9232643118148599
0.9233861144945189
0.9235079171741779
0.9236297198538368
0.9237515225334958
0.9238733252131547
0.9239951278928137
0.9252131546894032
0.9253349573690621
0.9254567600487211
0.92557856272838
0.925700365408039
0.9303288672350792
0.9304506699147382
0.9305724725943971
0.9306942752740561
0.930816077953715
0.930937880633374
0.931059683313033
0.9311814859926919
0.9313032886723509
0.9326431181485993
0.9327649208282583
0.9328867235079172
0.9330085261875762
0.9331303288672351
0.9332521315468941
0.9399512789281365
0.25468940316686967
0.25943970767356883
0.3652862362971986
0.36540803897685753
0.3655298416565165
0.3656516443361754
0.36577344701583436
0.3658952496954933
0.36601705237515225
0.3661388550548112
0.36626065773447014
0.3663824604141291
0.3665042630937881
0.36662606577344703
0.366747868453106
0.3668696711327649
0.36699147381242386
0.3671132764920828
0.5633373934226553
0.5686967113276492
0.5688185140073082
0.5689403166869671
0.5690621193666261
0.569183922046285
0.569305724725944
0.5694275274056029
0.5695493300852619
0.5696711327649209
0.5697929354445798
0.5699147381242388
0.5700365408038977
0.5701583434835567
0.5702801461632155
0.5704019488428745
0.5705237515225335
0.5706455542021924
0.5707673568818514
0.5708891595615103
0.5710109622411693
0.5711327649208283
0.8702801461632156
0.8704019488428746
0.8705237515225336
0.8774665042630939
0.8784409257003655
0.8785627283800245
0.8786845310596834
0.8788063337393424
0.8789281364190014
0.8790499390986602
0.8791717417783192
0.8792935444579781
0.879537149817296
0.8796589524969549
0.8797807551766139
0.8799025578562728
0.8800243605359318
0.8801461632155907
0.8802679658952497
0.8803897685749087
0.8852618757612668
0.8853836784409257
0.8855054811205847
0.8856272838002436
0.8857490864799026
0.8858708891595616
0.8859926918392205
0.8861144945188795
0.8862362971985384
0.8863580998781974
0.8864799025578562
0.8866017052375152
0.8867235079171742
0.8868453105968331
0.8869671132764921
0.887088915956151
0.88721071863581
0.887332521315469
0.8874543239951279
0.8875761266747869
0.8876979293544458
0.8878197320341048
0.8879415347137637
0.8880633373934227
0.8881851400730817
0.8883069427527406
0.8884287454323996
0.8896467722289891
0.889768574908648
0.889890377588307
0.8900121802679659
0.8901339829476249
0.8902557856272838
0.8903775883069428
0.8904993909866018
0.8906211936662607
0.8907429963459197
0.8908647990255786
0.8918392204628502
0.8919610231425092
0.8920828258221681
0.8922046285018271
0.892326431181486
0.892448233861145
0.8925700365408039
0.8926918392204629
0.8928136419001219
0.8929354445797808
0.8930572472594398
0.8931790499390987
0.8933008526187577
0.8934226552984167
0.8935444579780756
0.8936662606577346
0.8937880633373935
0.8939098660170525
0.8940316686967114
0.8941534713763704
0.8942752740560294
0.8943970767356882
0.8945188794153472
0.8946406820950061
0.8947624847746651
0.894884287454324
0.895006090133983
0.895127892813642
0.8952496954933009
0.8953714981729599
0.8954933008526188
0.8956151035322778
0.8957369062119368
0.8958587088915957
0.8959805115712547
0.8961023142509136
0.8962241169305726
0.8963459196102315
0.8964677222898905
0.8965895249695495
0.8967113276492084
0.8968331303288674
0.8969549330085262
0.8970767356881852
0.8971985383678441
0.8973203410475031
0.8974421437271621
0.897563946406821
0.89768574908648
0.8978075517661389
0.8979293544457979
0.8980511571254569
0.8981729598051157
0.8982947624847747
0.8984165651644336
0.8985383678440926
0.8990255785627284
0.8991473812423874
0.8992691839220462
0.8993909866017052
0.8995127892813641
0.8996345919610231
0.8997563946406821
0.899878197320341
0.9
0.9001218026796589
0.9002436053593179
0.9003654080389769
0.9004872107186358
0.9006090133982948
0.9007308160779537
0.9008526187576127
0.9009744214372716
0.9010962241169306
0.9012180267965896
0.9047503045066991
0.9048721071863581
0.9049939098660171
0.9059683313032887
0.9060901339829477
0.9081607795371499
0.9082825822168088
0.9084043848964678
0.9121802679658954
0.9123020706455542
0.9124238733252132
0.9125456760048721
0.915468940316687
0.915590742996346
0.915712545676005
0.9196102314250914
0.9199756394640682
0.9200974421437271
0.9227771010962241
0.9228989037758831
0.923020706455542
0.923142509135201
0.9232643118148599
0.9233861144945189
0.9235079171741779
0.9236297198538368
0.9237515225334958
0.9238733252131547
0.9239951278928137
0.9241169305724726
0.9242387332521316
0.9243605359317906
0.9244823386114495
0.9246041412911085
0.9293544457978076
0.9294762484774666
0.9295980511571256
0.9297198538367845
0.9298416565164435
0.9299634591961023
0.9300852618757613
0.9302070645554202
0.9303288672350792
0.9304506699147382
0.9305724725943971
0.25444579780755183
0.25883069427527405
0.258952496954933
0.259074299634592
0.25919610231425094
0.2596833130328867
0.26041412911084044
0.2605359317904994
0.2606577344701584
0.26077953714981733
0.2609013398294763
0.2610231425091352
0.26114494518879416
0.2612667478684531
0.2613885505481121
0.36516443361753964
0.3652862362971986
0.36540803897685753
0.3655298416565165
0.3656516443361754
0.36577344701583436
0.3663824604141291
0.5708891595615103
0.8618757612667478
0.8619975639464068
0.8766138855054812
0.8767356881851401
0.8768574908647991
0.876979293544458
0.877101096224117
0.8785627283800245
0.8786845310596834
0.8788063337393424
0.8842874543239951
0.8844092570036541
0.8851400730816078
0.8852618757612668
0.8853836784409257
0.8855054811205847
0.8856272838002436
0.8867235079171742
0.88721071863581
0.887332521315469
0.8874543239951279
0.8875761266747869
0.8876979293544458
0.8878197320341048
0.8879415347137637
0.8880633373934227
0.8881851400730817
0.8883069427527406
0.8884287454323996
0.8885505481120585
0.8886723507917175
0.8887941534713764
0.8889159561510354
0.8890377588306944
0.8891595615103532
0.8892813641900122
0.8894031668696711
0.8895249695493301
0.8896467722289891
0.889768574908648
0.889890377588307
0.8900121802679659
0.8901339829476249
0.8902557856272838
0.8903775883069428
0.8904993909866018
0.8906211936662607
0.892326431181486
0.892448233861145
0.8925700365408039
0.8926918392204629
0.8928136419001219
0.8929354445797808
0.8930572472594398
0.8933008526187577
0.8937880633373935
0.8939098660170525
0.8940316686967114
0.8941534713763704
0.8942752740560294
0.8943970767356882
0.8945188794153472
0.8946406820950061
0.8947624847746651
0.895006090133983
0.895127892813642
0.8952496954933009
0.8953714981729599
0.8956151035322778
0.8959805115712547
0.8961023142509136
0.8962241169305726
0.8963459196102315
0.8964677222898905
0.8965895249695495
0.8967113276492084
0.8968331303288674
0.8969549330085262
0.8970767356881852
0.8971985383678441
0.8973203410475031
0.8974421437271621
0.897563946406821
0.89768574908648
0.8978075517661389
0.8979293544457979
0.8980511571254569
0.8981729598051157
0.8982947624847747
0.8985383678440926
0.8986601705237515
0.9042630937880634
0.9047503045066991
0.9115712545676006
0.9116930572472595
0.9118148599269185
0.9121802679658954
0.9125456760048721
0.9199756394640682
0.9293544457978076
0.9294762484774666
0.9295980511571256
0.9297198538367845
0.9298416565164435
0.2526187576126675
0.25383678440925705
0.2542021924482339
0.25432399512789283
0.25444579780755183
0.25785627283800244
0.2579780755176614
0.25809987819732033
0.2582216808769793
0.2583434835566383
0.2584652862362972
0.25858708891595616
0.2587088915956151
0.25883069427527405
0.258952496954933
0.259074299634592
0.25919610231425094
0.2593179049939099
0.25943970767356883
0.26041412911084044
0.2605359317904994
0.2606577344701584
0.26077953714981733
0.2609013398294763
0.2610231425091352
0.26211936662606583
0.2622411693057248
0.2623629719853837
0.3321559074299635
0.3322777101096224
0.8651644336175396
0.8652862362971986
0.8654080389768575
0.8878197320341048
0.8879415347137637
0.8880633373934227
0.8881851400730817
0.8883069427527406
0.8884287454323996
0.8919610231425092
0.8920828258221681
0.8922046285018271
0.892326431181486
0.892448233861145
0.8925700365408039
0.8926918392204629
0.8928136419001219
0.894884287454324
0.895006090133983
0.8952496954933009
0.8953714981729599
0.8954933008526188
0.8956151035322778
0.8962241169305726
0.8963459196102315
0.8964677222898905
0.8965895249695495
0.8967113276492084
0.8968331303288674
0.8969549330085262
0.8970767356881852
0.8971985383678441
0.8973203410475031
0.9038976857490865
0.9040194884287455
0.9110840438489648
0.9112058465286237
0.9113276492082827
0.9114494518879416
0.9115712545676006
0.25249695493300855
0.25408038976857494
0.25432399512789283
0.25444579780755183
0.2545676004872108
0.25554202192448233
0.2556638246041413
0.2557856272838002
0.25590742996345917
0.25809987819732033
0.2582216808769793
0.2583434835566383
0.2584652862362972
0.25858708891595616
0.2587088915956151
0.25883069427527405
0.2593179049939099
0.25943970767356883
0.26041412911084044
0.2605359317904994
0.26163215590743
0.26175395858708894
0.2618757612667479
0.26199756394640683
0.26211936662606583
0.2622411693057248
0.2824604141291108
0.3317904993909866
0.4573690621193667
0.4574908647990256
0.8963459196102315
0.8964677222898905
0.8965895249695495
0.8967113276492084
0.8968331303288674
0.9137637028014617
0.9138855054811207
0.9140073081607796
0.9141291108404386
0.9142509135200976
0.9143727161997565
0.9144945188794155
0.9146163215590744
0.9147381242387334
0.9148599269183922
0.9149817295980512
0.9151035322777102
0.9152253349573691
0.9153471376370281
0.915468940316687
0.915590742996346
0.915712545676005
0.9158343483556639
0.24847746650426308
0.2506699147381243
0.25091352009744217
0.2510353227771011
0.25115712545676006
0.251278928136419
0.251400730816078
0.25152253349573694
0.2516443361753959
0.2518879415347138
0.25590742996345917
0.2612667478684531
0.26163215590743
0.2618757612667479
0.26199756394640683
0.26211936662606583
0.2622411693057248
0.2623629719853837
0.26248477466504266
0.2626065773447016
0.26272838002436055
0.2628501827040195
0.2629719853836785
0.2850182704019488
0.28514007308160777
0.9079171741778319
0.9080389768574909
0.9081607795371499
0.9082825822168088
0.9084043848964678
0.9085261875761267
0.9086479902557857
0.9087697929354446
-0.015347137637028016
-0.015468940316686969
-0.01559074299634592
-0.015712545676004875
-0.015834348355663826
-0.015956151035322778
-0.01607795371498173
-0.016199756394640684
-0.016321559074299635
-0.01644336175395859
-0.016565164433617538
-0.016686967113276493
-0.016808769792935444
-0.0169305724725944
-0.01705237515225335
-0.017174177831912302
-0.017295980511571257
-0.017417783191230208
-0.017539585870889163
-0.01766138855054811
-0.017783191230207065
-0.017904993909866017
-0.01802679658952497
-0.018148599269183923
-0.018270401948842874
-0.125700365408039
-0.12582216808769794
-0.12606577344701583
-0.013641900121802681
-0.015347137637028016
-0.01851400730816078
-0.018635809987819732
-0.018757612667478687
-0.06577344701583436
-0.0658952496954933
-0.06601705237515225
-0.06613885505481121
-0.06626065773447015
-0.06638246041412911
-0.06650426309378807
-0.06662606577344701
-0.06674786845310597
-0.06686967113276492
-0.11656516443361754
-0.1166869671132765
-0.12095006090133983
-0.12107186358099879
-0.12119366626065775
-0.1213154689403167
-0.12143727161997565
-0.12155907429963458
-0.12168087697929354
-0.1218026796589525
-0.12350791717417785
-0.12362971985383679
-0.12448233861144946
-0.12472594397076736
-0.1248477466504263
-0.12509135200974422
-0.24397076735688186
-0.24421437271619975
-0.25152253349573694
-0.2516443361753959
-0.25176613885505483
-0.2518879415347138
-0.2520097442143727
-0.25213154689403167
-0.4438489646772229
-0.44397076735688185
-0.44409257003654085
-0.4442143727161998
-0.44433617539585873
-0.87442143727162
-0.8778319123020707
-0.8779537149817297
-0.8780755176613887
-0.8781973203410476
-0.8783191230207066
-0.044579780755176615
-0.044701583434835566
-0.04482338611449452
-0.04494518879415347
-0.04506699147381243
-0.04518879415347138
-0.04531059683313033
-0.04543239951278929
-0.04555420219244824
-0.04567600487210719
-0.04725943970767357
-0.04847746650426309
-0.04859926918392205
-0.048721071863581
-0.048842874543239954
-0.048964677222898906
-0.049086479902557864
-0.04920828258221681
-0.04933008526187576
-0.11559074299634592
-0.11571254567600488
-0.11583434835566384
-0.11595615103532278
-0.11607795371498174
-0.1161997563946407
-0.11632155907429964
-0.1164433617539586
-0.11656516443361754
-0.1166869671132765
-0.11680876979293546
-0.11693057247259439
-0.11705237515225335
-0.11717417783191231
-0.11729598051157125
-0.11741778319123021
-0.1185140073081608
-0.11863580998781974
-0.1187576126674787
-0.11887941534713765
-0.1190012180267966
-0.11912302070645556
-0.11924482338611449
-0.11936662606577345
-0.1194884287454324
-0.11961023142509135
-0.1197320341047503
-0.11985383678440927
-0.11997563946406821
-0.12009744214372717
-0.12021924482338613
-0.12034104750304507
-0.12046285018270403
-0.12058465286236297
-0.12070645554202193
-0.12119366626065775
-0.1213154689403167
-0.12143727161997565
-0.12155907429963458
-0.12168087697929354
-0.1218026796589525
-0.12192448233861145
-0.1220462850182704
-0.12216808769792936
-0.1222898903775883
-0.12253349573690622
-0.12277710109622413
-0.1241169305724726
-0.12423873325213154
-0.1243605359317905
-0.12472594397076736
-0.22911084043848967
-0.2310596833130329
-0.23909866017052375
-0.2392204628501827
-0.4438489646772229
-0.44397076735688185
-0.44409257003654085
-0.44433617539585873
-0.4444579780755177
-0.4445797807551766
-0.44470158343483557
-0.44482338611449457
-0.4449451887941535
-0.44506699147381246
-0.4451887941534714
-0.7873325213154689
-0.8747868453105969
-0.8749086479902558
-0.8750304506699148
-0.877101096224117
-0.8772228989037759
-0.8773447015834349
-0.8774665042630939
-0.8775883069427528
-0.8785627283800245
-0.8786845310596834
-0.884652862362972
-0.8847746650426309
-0.8848964677222899
-0.8850182704019489
-0.8851400730816078
-0.8852618757612668
-0.8853836784409257
-0.8855054811205847
-0.8856272838002436
-0.8857490864799026
-0.8858708891595616
-0.8859926918392205
-0.8861144945188795
-0.8862362971985384
-0.8863580998781974
-0.8864799025578562
-0.8866017052375152
-0.8867235079171742
-0.8868453105968331
-0.8869671132764921
-0.887088915956151
-0.88721071863581
-0.887332521315469
-0.8874543239951279
-0.8875761266747869
-0.8926918392204629
-0.8928136419001219
-0.8929354445797808
-0.8930572472594398
-0.8931790499390987
-0.047137637028014615
-0.04725943970767357
-0.1143727161997564
-0.11449451887941536
-0.11473812423873325
-0.11522533495736906
-0.11534713763702802
-0.11546894031668697
-0.11559074299634592
-0.11571254567600488
-0.11583434835566384
-0.11595615103532278
-0.11607795371498174
-0.1161997563946407
-0.11632155907429964
-0.1164433617539586
-0.11656516443361754
-0.1166869671132765
-0.11680876979293546
-0.11693057247259439
-0.11705237515225335
-0.11717417783191231
-0.11729598051157125
-0.11741778319123021
-0.11753958587088917
-0.11766138855054811
-0.11778319123020707
-0.11790499390986602
-0.11802679658952497
-0.11814859926918393
-0.11827040194884288
-0.11839220462850183
-0.1185140073081608
-0.11863580998781974
-0.1187576126674787
-0.11887941534713765
-0.1190012180267966
-0.11912302070645556
-0.11924482338611449
-0.11936662606577345
-0.1194884287454324
-0.11961023142509135
-0.1197320341047503
-0.11985383678440927
-0.11997563946406821
-0.12009744214372717
-0.12021924482338613
-0.12034104750304507
-0.12046285018270403
-0.12058465286236297
-0.12070645554202193
-0.12082825822168089
-0.1218026796589525
-0.12192448233861145
-0.1220462850182704
-0.12216808769792936
-0.1222898903775883
-0.12241169305724726
-0.12253349573690622
-0.1243605359317905
-0.1246041412911084
-0.12472594397076736
-0.22898903775883073
-0.22911084043848967
-0.2292326431181486
-0.23093788063337395
-0.2310596833130329
-0.23118148599269184
-0.2313032886723508
-0.2315468940316687
-0.23166869671132767
-0.23909866017052375
-0.24506699147381245
-0.2451887941534714
-0.25688185140073083
-0.34774665042630937
-0.4438489646772229
-0.44397076735688185
-0.44409257003654085
-0.4442143727161998
-0.44433617539585873
-0.4444579780755177
-0.4445797807551766
-0.44470158343483557
-0.44482338611449457
-0.4449451887941535
-0.44506699147381246
-0.4451887941534714
-0.44531059683313035
-0.4454323995127893
-0.49147381242387334
-0.7873325213154689
-0.7874543239951278
-0.8649208282582217
-0.8650426309378807
-0.8651644336175396
-0.8652862362971986
-0.8749086479902558
-0.8750304506699148
-0.8751522533495738
-0.8768574908647991
-0.876979293544458
-0.877101096224117
-0.8772228989037759
-0.8773447015834349
-0.8785627283800245
-0.8786845310596834
-0.8788063337393424
-0.884652862362972
-0.8847746650426309
-0.8848964677222899
-0.8850182704019489
-0.8851400730816078
-0.8852618757612668
-0.8853836784409257
-0.8855054811205847
-0.8856272838002436
-0.8857490864799026
-0.8858708891595616
-0.8859926918392205
-0.8861144945188795
-0.8862362971985384
-0.8863580998781974
-0.8864799025578562
-0.8866017052375152
-0.8867235079171742
-0.8868453105968331
-0.8869671132764921
-0.887088915956151
-0.88721071863581
-0.887332521315469
-0.8874543239951279
-0.8875761266747869
-0.8876979293544458
-0.0008526187576126676
-0.12058465286236297
-0.12070645554202193
-0.12082825822168089
-0.12289890377588307
-0.12302070645554203
-0.12704019488428747
-0.23069427527405603
-0.23081607795371498
-0.23093788063337395
-0.2310596833130329
-0.2313032886723508
-0.23142509135200975
-0.2315468940316687
-0.23166869671132767
-0.23179049939098662
-0.23191230207064556
-0.23203410475030453
-0.23215590742996348
-0.23227771010962242
-0.2323995127892814
-0.23252131546894034
-0.23276492082825825
-0.23848964677222897
-0.23861144945188795
-0.2387332521315469
-0.23982947624847747
-0.23995127892813642
-0.24250913520097445
-0.2426309378806334
-0.24275274056029236
-0.2428745432399513
-0.2438489646772229
-0.24397076735688186
-0.2571254567600487
-0.25724725943970767
-0.2582216808769793
-0.44433617539585873
-0.4444579780755177
-0.4445797807551766
-0.44470158343483557
-0.44482338611449457
-0.4449451887941535
-0.44506699147381246
-0.4451887941534714
-0.44531059683313035
-0.4454323995127893
-0.44555420219244823
-0.44567600487210723
-0.4457978075517662
-0.4459196102314251
-0.44604141291108407
-0.446163215590743
-0.44628501827040196
-0.44640682095006096
-0.59768574908648
-0.7872107186358099
-0.7873325213154689
-0.7874543239951278
-0.8115712545676005
-0.8116930572472595
-0.8695493300852619
-0.8696711327649209
-0.8697929354445798
-0.8699147381242388
-0.8700365408038977
-0.8701583434835567
-0.8702801461632156
-0.8704019488428746
-0.8705237515225336
-0.8706455542021925
-0.8707673568818515
-0.8708891595615104
-0.8710109622411694
-0.8711327649208283
-0.8712545676004873
-0.8713763702801463
-0.8714981729598051
-0.8753958587088917
-0.8766138855054812
-0.8767356881851401
-0.8784409257003655
-0.8785627283800245
-0.8786845310596834
-0.8790499390986602
-0.8791717417783192
-0.8792935444579781
-0.8794153471376371
-0.879537149817296
-0.8842874543239951
-0.8844092570036541
-0.884531059683313
-0.884652862362972
-0.8847746650426309
-0.8848964677222899
-0.8850182704019489
-0.8851400730816078
-0.8852618757612668
-0.8853836784409257
-0.8855054811205847
-0.8856272838002436
-0.8857490864799026
-0.9644336175395859
-0.9645554202192449
-0.11534713763702802
-0.11546894031668697
-0.11559074299634592
-0.11571254567600488
-0.11583434835566384
-0.11595615103532278
-0.11607795371498174
-0.1161997563946407
-0.11632155907429964
-0.1164433617539586
-0.11656516443361754
-0.1166869671132765
-0.11680876979293546
-0.11693057247259439
-0.11705237515225335
-0.11887941534713765
-0.1190012180267966
-0.11912302070645556
-0.11924482338611449
-0.11936662606577345
-0.1194884287454324
-0.11961023142509135
-0.1197320341047503
-0.11985383678440927
-0.11997563946406821
-0.12009744214372717
-0.12021924482338613
-0.12034104750304507
-0.12046285018270403
-0.12058465286236297
-0.12070645554202193
-0.12082825822168089
-0.12095006090133983
-0.12107186358099879
-0.12119366626065775
-0.1213154689403167
-0.12143727161997565
-0.12155907429963458
-0.12168087697929354
-0.1218026796589525
-0.12192448233861145
-0.1220462850182704
-0.12216808769792936
-0.1222898903775883
-0.12241169305724726
-0.12289890377588307
-0.19110840438489649
-0.19123020706455543
-0.1913520097442144
-0.19147381242387335
-0.1915956151035323
-0.2315468940316687
-0.24640682095006092
-0.7314250913520098
-0.7875761266747868
-0.7876979293544458
-0.8097442143727162
-0.8172959805115713
-0.8174177831912303
-0.8175395858708893
-0.8702801461632156
-0.8704019488428746
-0.8785627283800245
-0.8786845310596834
-0.8791717417783192
-0.8792935444579781
-0.8794153471376371
-0.879537149817296
-0.8796589524969549
-0.054689403166869675
-0.05481120584652863
-0.07088915956151035
-0.0710109622411693
-0.15895249695493302
-0.182095006090134
-0.19098660170523754
-0.19110840438489649
-0.1915956151035323
-0.19171741778319126
-0.1918392204628502
-0.19196102314250915
-0.1928136419001218
-0.19293544457978076
-0.1930572472594397
-0.19317904993909865
-0.1935444579780755
-0.3003654080389769
-0.3004872107186358
-0.3006090133982948
-0.31985383678440926
-0.3202192448233861
-0.32034104750304504
-0.32046285018270404
-0.320584652862363
-0.3218026796589525
-0.32192448233861143
-0.3236297198538368
-0.3313032886723508
-0.33142509135200976
-0.3315468940316687
-0.49792935444579783
-0.6425091352009744
-0.6426309378806334
-0.6915956151035324
-0.6981729598051157
-0.6982947624847746
-0.702679658952497
-0.702801461632156
-0.7029232643118148
-0.7030450669914738
-0.10341047503045067
-0.10353227771010963
-0.10365408038976857
-0.10377588306942753
-0.10389768574908648
-0.10401948842874544
-0.1041412911084044
-0.15505481120584655
-0.15542021924482338
-0.1556638246041413
-0.15651644336175397
-0.15809987819732035
-0.1582216808769793
-0.15870889159561513
-0.15883069427527408
-0.15895249695493302
-0.159074299634592
-0.15919610231425094
-0.15931790499390988
-0.15943970767356883
-0.22496954933008526
-0.22509135200974423
-0.23580998781973203
-0.2650426309378806
-0.266626065773447
-0.27015834348355666
-0.2702801461632156
-0.2998781973203411
-0.300121802679659
-0.30024360535931793
-0.3003654080389769
-0.3004872107186358
-0.325700365408039
-0.3258221680876979
-0.8406820950060903
-0.9032886723507917
-0.9034104750304507
-0.9035322777101097
-0.13118148599269186
-0.1313032886723508
-0.13142509135200975
-0.13313032886723508
-0.13325213154689403
-0.133373934226553
-0.1336175395858709
-0.13373934226552983
-0.1338611449451888
-0.13398294762484775
-0.1561510353227771
-0.15627283800243605
-0.15639464068209502
-0.17088915956151035
-0.21144945188794154
-0.21473812423873329
-0.21559074299634592
-0.21802679658952498
-0.21814859926918392
-0.2182704019488429
-0.2199756394640682
-0.22009744214372717
-0.22021924482338612
-0.22034104750304506
-0.220462850182704
-0.22058465286236298
-0.22070645554202192
-0.22082825822168087
-0.22095006090133984
-0.22107186358099878
-0.22119366626065773
-0.2213154689403167
-0.22143727161997565
-0.2215590742996346
-0.2364190012180268
-0.26711327649208283
-0.26747868453105966
-0.26760048721071866
-0.2677222898903776
-0.30146163215590743
-0.3015834348355664
-0.3017052375152253
-0.30182704019488427
-0.3019488428745432
-0.3020706455542022
-0.30219244823386116
-0.3023142509135201
-0.30243605359317904
-0.302557856272838
-0.30267965895249693
-0.30280146163215593
-0.30475030450669915
-0.3048721071863581
-0.3056029232643118
-0.3375152253349574
-0.33763702801461637
-0.3377588306942753
-0.33788063337393426
-0.33800243605359315
-0.33812423873325215
-0.34482338611449453
-0.3449451887941535
-0.48331303288672356
-0.4834348355663825
