0.044147843942505136
0.04426192105863564
0.04437599817476614
0.04449007529089665
0.05886379192334018
0.058977869039470686
0.059091946155601184
0.06068902578142825
0.060803102897558754
0.06091718001368925
0.06103125712981976
0.06114533424595027
0.06354095368469086
0.06365503080082136
0.06376910791695187
0.07107004334930413
0.07118412046543464
0.07129819758156514
0.07141227469769565
0.07152635181382615
0.07164042892995666
0.07175450604608716
0.07186858316221766
0.07198266027834817
0.07209673739447868
0.07232489162673968
0.08019621263974447
0.08510152863335614
0.08521560574948667
0.08532968286561717
0.08544375998174766
0.08555783709787816
0.08567191421400867
0.08578599133013917
0.11852612365959389
0.1186402007757244
0.1187542778918549
0.11886835500798541
0.1189824321241159
0.11909650924024641
0.05977640885238421
0.11886835500798541
0.8331051791010723
0.8357289527720739
0.8358430298882045
0.837554186630162
0.8376682637462924
0.8377823408624231
0.8378964179785536
0.8380104950946841
0.8381245722108146
0.8382386493269451
0.8383527264430756
0.8384668035592061
0.8385808806753365
0.8386949577914671
0.8388090349075976
0.8408624229979466
0.8409765001140771
0.8410905772302076
0.8412046543463381
0.8448551220625142
0.8466803559206024
0.8467944330367329
0.8469085101528634
0.8470225872689938
0.8471366643851244
0.8472507415012549
0.8473648186173853
0.8474788957335159
0.8475929728496464
0.8477070499657768
0.8478211270819074
0.8479352041980379
0.8480492813141683
0.8481633584302989
0.8482774355464294
0.8483915126625599
0.8485055897786904
0.8486196668948209
0.8487337440109514
0.8488478211270819
0.8489618982432124
0.849075975359343
0.8491900524754735
0.849304129591604
0.8494182067077345
0.849532283823865
0.8496463609399955
0.849760438056126
0.8498745151722565
0.849988592288387
0.8501026694045175
0.850216746520648
0.8503308236367785
0.850444900752909
0.8505589778690396
0.85067305498517
0.8507871321013005
0.8509012092174311
0.8510152863335615
0.851129363449692
0.8512434405658225
0.851357517681953
0.8514715947980835
0.851585671914214
0.8516997490303445
0.851813826146475
0.8519279032626055
0.852041980378736
0.8527264430755191
0.8528405201916497
0.8529545973077801
0.8530686744239107
0.8531827515400411
0.8532968286561716
0.8534109057723022
0.8535249828884326
0.8536390600045631
0.8537531371206937
0.8538672142368241
0.8539812913529546
0.8540953684690852
0.8542094455852156
0.8543235227013461
0.8544375998174767
0.8545516769336071
0.8546657540497377
0.8547798311658682
0.8548939082819986
0.8550079853981292
0.8551220625142597
0.8552361396303901
0.8553502167465207
0.8554642938626511
0.8555783709787816
0.8556924480949122
0.8574036048368697
0.8577458361852612
0.8578599133013918
0.8579739904175223
0.8580880675336527
0.8582021446497833
0.8583162217659138
0.8584302988820443
0.8585443759981748
0.8586584531143053
0.8587725302304358
0.8593429158110883
0.8594569929272188
0.8595710700433493
0.8596851471594797
0.8597992242756103
0.8599133013917408
0.8600273785078713
0.8601414556240019
0.8602555327401324
0.8603696098562629
0.8604836869723934
0.860597764088524
0.8710928587725302
0.8712069358886607
0.8713210130047913
0.8714350901209218
0.8715491672370523
0.8716632443531829
0.8723477070499658
0.8724617841660963
0.8725758612822269
0.8726899383983573
0.8736025553274014
0.8737166324435318
0.8738307095596624
0.8739447866757929
0.8740588637919233
0.8741729409080539
0.8742870180241843
0.8744010951403148
0.8745151722564454
0.8746292493725758
0.8747433264887063
0.8748574036048369
0.8749714807209673
0.875085557837098
0.8751996349532285
0.8753137120693589
0.8754277891854895
0.87554186630162
0.8756559434177504
0.875770020533881
0.8758840976500115
0.875998174766142
0.8761122518822725
0.876226328998403
0.8763404061145335
0.876454483230664
0.8765685603467944
0.876682637462925
0.8767967145790555
0.8769107916951859
0.8770248688113165
0.877138945927447
0.8772530230435774
0.877367100159708
0.8774811772758385
0.877595254391969
0.8830709559662332
0.8831850330823637
0.8832991101984943
0.8834131873146247
0.8835272644307552
0.8836413415468858
0.8837554186630162
0.8838694957791468
0.8839835728952773
0.8840976500114077
0.8842117271275383
0.8843258042436688
0.8844398813597992
0.8845539584759298
0.8846680355920603
0.8847821127081907
0.8848961898243213
0.8850102669404517
0.8851243440565822
0.8852384211727128
0.8853524982888432
0.8854665754049738
0.8855806525211043
0.8856947296372347
0.8858088067533653
0.8859228838694958
0.8860369609856262
0.8861510381017568
0.8862651152178873
0.8863791923340179
0.8864932694501484
0.8866073465662789
0.8867214236824094
0.8868355007985399
0.8869495779146703
0.8870636550308009
0.8871777321469314
0.8872918092630618
0.8896874287018024
0.8898015058179329
0.8931097421857176
0.893223819301848
0.8933378964179786
0.9129591603924253
0.9130732375085558
0.9131873146246864
0.9133013917408168
0.9134154688569474
0.9135295459730779
0.9136436230892083
0.9137577002053389
0.9138717773214694
0.9139858544375998
0.9140999315537304
0.9142140086698609
0.9143280857859913
0.9144421629021219
0.8289984029203742
0.8291124800365047
0.8292265571526352
0.8293406342687657
0.8294547113848962
0.8295687885010267
0.8296828656171572
0.8297969427332877
0.8299110198494182
0.8300250969655487
0.8301391740816791
0.8302532511978097
0.8329911019849419
0.8331051791010723
0.8333333333333334
0.8334474104494638
0.8335614875655943
0.8336755646817249
0.8337896417978553
0.8341318731462469
0.8376682637462924
0.8377823408624231
0.8378964179785536
0.8380104950946841
0.8383527264430756
0.8384668035592061
0.8385808806753365
0.8386949577914671
0.8388090349075976
0.838923112023728
0.8390371891398586
0.8391512662559891
0.8392653433721196
0.8393794204882501
0.8394934976043806
0.8396075747205111
0.8397216518366416
0.8398357289527721
0.8399498060689026
0.8400638831850331
0.8401779603011637
0.8402920374172941
0.8404061145334246
0.840520191649555
0.8406342687656856
0.8407483458818161
0.8408624229979466
0.8412046543463381
0.8413187314624686
0.8414328085785991
0.8415468856947297
0.8416609628108602
0.8417750399269908
0.8428017339721652
0.8429158110882957
0.8430298882044263
0.8431439653205567
0.8432580424366872
0.8433721195528178
0.8434861966689482
0.8436002737850787
0.8437143509012093
0.8438284280173397
0.8439425051334702
0.8440565822496008
0.8441706593657312
0.8442847364818618
0.8443988135979923
0.8445128907141227
0.8446269678302533
0.8448551220625142
0.8451973534109057
0.8471366643851244
0.8472507415012549
0.8473648186173853
0.8474788957335159
0.8475929728496464
0.8477070499657768
0.8478211270819074
0.8479352041980379
0.8480492813141683
0.8481633584302989
0.8482774355464294
0.8483915126625599
0.8485055897786904
0.8486196668948209
0.8487337440109514
0.8488478211270819
0.8489618982432124
0.849075975359343
0.8491900524754735
0.849304129591604
0.8494182067077345
0.849532283823865
0.8496463609399955
0.849760438056126
0.8498745151722565
0.849988592288387
0.8501026694045175
0.850216746520648
0.8503308236367785
0.850444900752909
0.8505589778690396
0.85067305498517
0.8507871321013005
0.8509012092174311
0.8510152863335615
0.851129363449692
0.8512434405658225
0.851357517681953
0.8514715947980835
0.851585671914214
0.8516997490303445
0.851813826146475
0.8519279032626055
0.852041980378736
0.8530686744239107
0.8531827515400411
0.8532968286561716
0.8534109057723022
0.8535249828884326
0.8536390600045631
0.8537531371206937
0.8538672142368241
0.8539812913529546
0.8540953684690852
0.8542094455852156
0.8543235227013461
0.8544375998174767
0.8545516769336071
0.8546657540497377
0.8547798311658682
0.8548939082819986
0.8550079853981292
0.8551220625142597
0.8552361396303901
0.8553502167465207
0.8554642938626511
0.8555783709787816
0.8556924480949122
0.8576317590691308
0.8577458361852612
0.8578599133013918
0.8702943189596167
0.8704083960757472
0.8705224731918777
0.8706365503080082
0.8707506274241387
0.8708647045402692
0.8717773214693133
0.8718913985854438
0.8720054757015744
0.8721195528177048
0.8722336299338354
0.8723477070499658
0.8724617841660963
0.8725758612822269
0.8726899383983573
0.8728040155144878
0.8741729409080539
0.8742870180241843
0.8744010951403148
0.8745151722564454
0.8746292493725758
0.8747433264887063
0.8748574036048369
0.8749714807209673
0.875085557837098
0.8751996349532285
0.8753137120693589
0.8754277891854895
0.87554186630162
0.8756559434177504
0.875770020533881
0.8758840976500115
0.876226328998403
0.8763404061145335
0.876454483230664
0.8765685603467944
0.876682637462925
0.8767967145790555
0.8769107916951859
0.8770248688113165
0.877138945927447
0.8772530230435774
0.877367100159708
0.8774811772758385
0.877595254391969
0.8777093315080995
0.8825005703855807
0.8826146475017113
0.8827287246178417
0.8828428017339722
0.8829568788501028
0.8830709559662332
0.8831850330823637
0.8832991101984943
0.8834131873146247
0.8835272644307552
0.8836413415468858
0.8837554186630162
0.8838694957791468
0.8839835728952773
0.8840976500114077
0.8842117271275383
0.8843258042436688
0.8862651152178873
0.8863791923340179
0.8864932694501484
0.8866073465662789
0.8867214236824094
0.8868355007985399
0.8869495779146703
0.8870636550308009
0.8871777321469314
0.8872918092630618
0.8874058863791924
0.8875199634953229
0.8876340406114533
0.8877481177275839
0.8924252794889346
0.892539356605065
0.8926534337211955
0.8927675108373261
0.8928815879534565
0.8933378964179786
0.893451973534109
0.9113620807665982
0.9114761578827287
0.9115902349988593
0.8293406342687657
0.8294547113848962
0.8295687885010267
0.8296828656171572
0.8297969427332877
0.8299110198494182
0.8300250969655487
0.8301391740816791
0.8302532511978097
0.8308236367784623
0.8309377138945928
0.8310517910107234
0.8311658681268538
0.8320784850558978
0.8321925621720283
0.8323066392881588
0.8324207164042893
0.8325347935204198
0.8326488706365504
0.8327629477526808
0.8328770248688113
0.837554186630162
0.8376682637462924
0.8377823408624231
0.8378964179785536
0.8380104950946841
0.8381245722108146
0.8382386493269451
0.8391512662559891
0.8392653433721196
0.8393794204882501
0.8394934976043806
0.8396075747205111
0.8397216518366416
0.8398357289527721
0.8399498060689026
0.8400638831850331
0.8401779603011637
0.8402920374172941
0.8404061145334246
0.840520191649555
0.8406342687656856
0.8407483458818161
0.8408624229979466
0.8409765001140771
0.8410905772302076
0.8412046543463381
0.8413187314624686
0.8414328085785991
0.8415468856947297
0.8416609628108602
0.8417750399269908
0.8418891170431212
0.8420031941592517
0.8421172712753823
0.8422313483915127
0.8423454255076432
0.8424595026237738
0.8425735797399042
0.8426876568560348
0.8428017339721652
0.8429158110882957
0.8430298882044263
0.8431439653205567
0.8432580424366872
0.8433721195528178
0.8434861966689482
0.8436002737850787
0.8437143509012093
0.8438284280173397
0.8439425051334702
0.8440565822496008
0.8441706593657312
0.8442847364818618
0.8447410449463837
0.8448551220625142
0.8449691991786448
0.8450832762947752
0.8451973534109057
0.8453114305270364
0.8454255076431668
0.8455395847592974
0.8456536618754279
0.8457677389915583
0.8458818161076889
0.8459958932238194
0.8461099703399498
0.8462240474560804
0.8463381245722109
0.8464522016883413
0.8465662788044719
0.8466803559206024
0.8467944330367329
0.8469085101528634
0.8470225872689938
0.8471366643851244
0.8472507415012549
0.8473648186173853
0.8474788957335159
0.8475929728496464
0.8477070499657768
0.8478211270819074
0.8479352041980379
0.8480492813141683
0.8481633584302989
0.8482774355464294
0.8483915126625599
0.8485055897786904
0.8486196668948209
0.8487337440109514
0.8488478211270819
0.8489618982432124
0.849075975359343
0.8491900524754735
0.849304129591604
0.8494182067077345
0.849532283823865
0.8496463609399955
0.849760438056126
0.8498745151722565
0.849988592288387
0.8501026694045175
0.850216746520648
0.8503308236367785
0.850444900752909
0.8505589778690396
0.85067305498517
0.8507871321013005
0.8509012092174311
0.8510152863335615
0.851129363449692
0.8512434405658225
0.851357517681953
0.8514715947980835
0.851585671914214
0.8516997490303445
0.851813826146475
0.8519279032626055
0.852041980378736
0.8521560574948666
0.852270134610997
0.8523842117271275
0.8524982888432581
0.8526123659593885
0.8527264430755191
0.8528405201916497
0.8529545973077801
0.8530686744239107
0.8531827515400411
0.8532968286561716
0.8534109057723022
0.8535249828884326
0.8536390600045631
0.8537531371206937
0.8538672142368241
0.8539812913529546
0.8540953684690852
0.8542094455852156
0.8543235227013461
0.8544375998174767
0.8545516769336071
0.8546657540497377
0.8547798311658682
0.8548939082819986
0.8550079853981292
0.8551220625142597
0.8552361396303901
0.8553502167465207
0.8554642938626511
0.8555783709787816
0.8556924480949122
0.8558065252110426
0.8559206023271732
0.8560346794433037
0.8561487565594341
0.8571754506046088
0.8572895277207393
0.8574036048368697
0.8575176819530003
0.8576317590691308
0.8577458361852612
0.8578599133013918
0.8579739904175223
0.8580880675336527
0.8582021446497833
0.8583162217659138
0.8584302988820443
0.8615103810175679
0.8616244581336984
0.8617385352498289
0.8618526123659594
0.8619666894820899
0.8690394706821812
0.8691535477983117
0.8692676249144422
0.8693817020305727
0.8694957791467032
0.8713210130047913
0.8714350901209218
0.8715491672370523
0.8716632443531829
0.8717773214693133
0.8718913985854438
0.8720054757015744
0.8721195528177048
0.8722336299338354
0.8723477070499658
0.8724617841660963
0.8725758612822269
0.8726899383983573
0.8728040155144878
0.8729180926306184
0.8730321697467488
0.8731462468628793
0.8732603239790099
0.8733744010951403
0.8734884782112708
0.8736025553274014
0.8737166324435318
0.8738307095596624
0.8739447866757929
0.8740588637919233
0.8741729409080539
0.8742870180241843
0.8744010951403148
0.8745151722564454
0.8746292493725758
0.8747433264887063
0.8748574036048369
0.8749714807209673
0.875085557837098
0.8751996349532285
0.8753137120693589
0.8754277891854895
0.87554186630162
0.8756559434177504
0.875770020533881
0.8758840976500115
0.875998174766142
0.8761122518822725
0.876226328998403
0.8763404061145335
0.876454483230664
0.8765685603467944
0.876682637462925
0.8767967145790555
0.8769107916951859
0.8770248688113165
0.877138945927447
0.8772530230435774
0.877367100159708
0.8774811772758385
0.878279717088752
0.8810175678758841
0.8811316449920146
0.8812457221081451
0.8813597992242757
0.8814738763404061
0.8815879534565366
0.8817020305726672
0.8818161076887976
0.8819301848049281
0.8820442619210587
0.8821583390371891
0.8822724161533196
0.8823864932694502
0.8825005703855807
0.8826146475017113
0.8827287246178417
0.8828428017339722
0.8829568788501028
0.8830709559662332
0.8831850330823637
0.8832991101984943
0.8834131873146247
0.8835272644307552
0.8836413415468858
0.8837554186630162
0.8838694957791468
0.8839835728952773
0.8840976500114077
0.8842117271275383
0.8843258042436688
0.8844398813597992
0.8845539584759298
0.8846680355920603
0.8847821127081907
0.8848961898243213
0.8850102669404517
0.8851243440565822
0.8852384211727128
0.8853524982888432
0.8854665754049738
0.8855806525211043
0.8856947296372347
0.8858088067533653
0.8859228838694958
0.8860369609856262
0.8861510381017568
0.8862651152178873
0.8863791923340179
0.8864932694501484
0.8866073465662789
0.8867214236824094
0.8868355007985399
0.8869495779146703
0.8870636550308009
0.8871777321469314
0.8872918092630618
0.8874058863791924
0.8875199634953229
0.8876340406114533
0.8877481177275839
0.8878621948437144
0.888888888888889
0.8890029660050194
0.8892311202372803
0.8893451973534109
0.8894592744695414
0.8912845083276295
0.89139858544376
0.8915126625598905
0.891626739676021
0.8917408167921516
0.891854893908282
0.8919689710244125
0.8920830481405431
0.8921971252566735
0.892311202372804
0.8924252794889346
0.892539356605065
0.8926534337211955
0.8927675108373261
0.8928815879534565
0.892995665069587
0.8931097421857176
0.893223819301848
0.8933378964179786
0.893451973534109
0.8935660506502395
0.8936801277663701
0.8937942048825006
0.8939082819986311
0.8940223591147617
0.8941364362308921
0.8942505133470227
0.8943645904631532
0.8944786675792836
0.8945927446954142
0.8947068218115447
0.8948208989276751
0.8949349760438057
0.8950490531599362
0.8951631302760666
0.8952772073921972
0.8953912845083277
0.8955053616244582
0.8956194387405887
0.8957335158567191
0.8958475929728497
0.8959616700889802
0.8960757472051106
0.8961898243212412
0.8963039014373717
0.8964179785535021
0.8965320556696327
0.8974446725986768
0.8975587497148073
0.8976728268309377
0.8977869039470683
0.8979009810631988
0.8980150581793293
0.8981291352954598
0.8982432124115903
0.8983572895277208
0.8984713666438513
0.8985854437599818
0.8986995208761123
0.8988135979922428
0.8989276751083733
0.8990417522245038
0.8991558293406343
0.8992699064567649
0.8993839835728953
0.8994980606890258
0.8996121378051564
0.8997262149212868
0.8998402920374173
0.902464065708419
0.9025781428245494
0.9026922199406799
0.9028062970568105
0.9029203741729409
0.9030344512890714
0.903148528405202
0.9032626055213324
0.903376682637463
0.9034907597535935
0.9036048368697239
0.9037189139858545
0.903832991101985
0.9039470682181154
0.904061145334246
0.9041752224503764
0.9045174537987679
0.9046315309148985
0.904745608031029
0.9048596851471595
0.9049737622632901
0.9050878393794206
0.905201916495551
0.9053159936116816
0.9054300707278121
0.9055441478439425
0.9056582249600731
0.9057723020762036
0.9058863791923341
0.9060004563084646
0.906114533424595
0.9062286105407256
0.9063426876568561
0.9064567647729865
0.9065708418891171
0.9066849190052476
0.906798996121378
0.9069130732375086
0.9070271503536391
0.9071412274697696
0.9072553045859001
0.9073693817020306
0.9074834588181611
0.9075975359342916
0.9077116130504221
0.9078256901665526
0.9079397672826831
0.9080538443988136
0.9081679215149441
0.9082819986310746
0.908396075747205
0.9085101528633356
0.9086242299794661
0.9087383070955967
0.9088523842117272
0.9089664613278577
0.9090805384439882
0.9091946155601187
0.9093086926762493
0.9094227697923797
0.9095368469085102
0.9096509240246408
0.9097650011407712
0.9098790782569017
0.9099931553730323
0.9101072324891627
0.9102213096052932
0.9103353867214237
0.9104494638375542
0.9105635409536847
0.9106776180698152
0.9107916951859457
0.9109057723020763
0.9110198494182067
0.9111339265343372
0.9112480036504678
0.9113620807665982
0.9114761578827287
0.9115902349988593
0.9117043121149897
0.9118183892311202
0.9119324663472508
0.9120465434633812
0.9121606205795117
0.9122746976956423
0.9123887748117728
0.9125028519279034
0.9126169290440338
0.9127310061601643
0.9128450832762949
0.9129591603924253
0.9130732375085558
0.9131873146246864
0.9133013917408168
0.9134154688569474
0.9135295459730779
0.9136436230892083
0.9137577002053389
0.9138717773214694
0.9139858544375998
0.9140999315537304
0.22484599589322382
0.22496007300935433
0.8286561715719827
0.8287702486881132
0.8288843258042436
0.8289984029203742
0.8291124800365047
0.8292265571526352
0.8293406342687657
0.8294547113848962
0.8307095596623318
0.8308236367784623
0.8309377138945928
0.8310517910107234
0.8311658681268538
0.8312799452429843
0.8313940223591149
0.8315080994752453
0.8316221765913758
0.8317362537075064
0.8318503308236368
0.8319644079397673
0.8320784850558978
0.8321925621720283
0.8323066392881588
0.8324207164042893
0.8325347935204198
0.8326488706365504
0.8327629477526808
0.8372119552817705
0.8373260323979009
0.8374401095140315
0.837554186630162
0.8376682637462924
0.8377823408624231
0.8378964179785536
0.8380104950946841
0.8381245722108146
0.8382386493269451
0.8383527264430756
0.8384668035592061
0.8385808806753365
0.8386949577914671
0.8388090349075976
0.838923112023728
0.8390371891398586
0.8391512662559891
0.8392653433721196
0.8393794204882501
0.8394934976043806
0.8396075747205111
0.8397216518366416
0.8398357289527721
0.8399498060689026
0.8400638831850331
0.8401779603011637
0.8402920374172941
0.8404061145334246
0.840520191649555
0.8406342687656856
0.8407483458818161
0.8408624229979466
0.8409765001140771
0.8410905772302076
0.8412046543463381
0.8413187314624686
0.8414328085785991
0.8415468856947297
0.8416609628108602
0.8417750399269908
0.8418891170431212
0.8420031941592517
0.8421172712753823
0.8422313483915127
0.8423454255076432
0.8424595026237738
0.8425735797399042
0.8426876568560348
0.8428017339721652
0.8429158110882957
0.8430298882044263
0.8431439653205567
0.8432580424366872
0.8433721195528178
0.8434861966689482
0.8436002737850787
0.8437143509012093
0.8438284280173397
0.8439425051334702
0.8440565822496008
0.8441706593657312
0.8442847364818618
0.8443988135979923
0.8445128907141227
0.8446269678302533
0.8447410449463837
0.8448551220625142
0.8449691991786448
0.8450832762947752
0.8451973534109057
0.8454255076431668
0.8455395847592974
0.8456536618754279
0.8457677389915583
0.8459958932238194
0.8461099703399498
0.8462240474560804
0.8463381245722109
0.8464522016883413
0.8465662788044719
0.8466803559206024
0.8467944330367329
0.8469085101528634
0.8470225872689938
0.8471366643851244
0.8472507415012549
0.8473648186173853
0.8474788957335159
0.8475929728496464
0.8477070499657768
0.8478211270819074
0.8479352041980379
0.8480492813141683
0.8481633584302989
0.8482774355464294
0.8483915126625599
0.8485055897786904
0.8486196668948209
0.8487337440109514
0.8488478211270819
0.8489618982432124
0.849075975359343
0.8491900524754735
0.849304129591604
0.8494182067077345
0.849532283823865
0.8496463609399955
0.849760438056126
0.8498745151722565
0.849988592288387
0.8501026694045175
0.850216746520648
0.8503308236367785
0.850444900752909
0.8505589778690396
0.85067305498517
0.8507871321013005
0.8509012092174311
0.8510152863335615
0.851129363449692
0.8512434405658225
0.851357517681953
0.8514715947980835
0.851585671914214
0.8516997490303445
0.851813826146475
0.8519279032626055
0.852041980378736
0.8521560574948666
0.852270134610997
0.8523842117271275
0.8524982888432581
0.8526123659593885
0.8527264430755191
0.8528405201916497
0.8529545973077801
0.8530686744239107
0.8531827515400411
0.8532968286561716
0.8534109057723022
0.8535249828884326
0.8536390600045631
0.8537531371206937
0.8538672142368241
0.8539812913529546
0.8540953684690852
0.8542094455852156
0.8543235227013461
0.8544375998174767
0.8545516769336071
0.8546657540497377
0.8547798311658682
0.8548939082819986
0.8550079853981292
0.8551220625142597
0.8552361396303901
0.8553502167465207
0.8554642938626511
0.8555783709787816
0.8556924480949122
0.8558065252110426
0.8559206023271732
0.8560346794433037
0.8561487565594341
0.8562628336755647
0.8563769107916952
0.8564909879078257
0.8566050650239563
0.8567191421400868
0.8568332192562172
0.8569472963723478
0.8570613734884783
0.8571754506046088
0.8572895277207393
0.8574036048368697
0.8575176819530003
0.8576317590691308
0.8577458361852612
0.8578599133013918
0.8579739904175223
0.8580880675336527
0.8582021446497833
0.8583162217659138
0.8584302988820443
0.8585443759981748
0.8586584531143053
0.8587725302304358
0.8588866073465663
0.8590006844626968
0.8591147615788273
0.8597992242756103
0.8599133013917408
0.8600273785078713
0.8601414556240019
0.8602555327401324
0.8603696098562629
0.8604836869723934
0.860597764088524
0.8607118412046544
0.8608259183207849
0.8609399954369155
0.8610540725530459
0.8611681496691764
0.861282226785307
0.8613963039014374
0.8615103810175679
0.8616244581336984
0.8617385352498289
0.8618526123659594
0.8619666894820899
0.8620807665982204
0.862194843714351
0.8623089208304814
0.8624229979466119
0.8625370750627425
0.8626511521788729
0.8627652292950034
0.862879306411134
0.8693817020305727
0.8694957791467032
0.8696098562628337
0.8697239333789643
0.8698380104950947
0.8699520876112252
0.8700661647273557
0.8701802418434862
0.8716632443531829
0.8717773214693133
0.8718913985854438
0.8720054757015744
0.8721195528177048
0.8722336299338354
0.8723477070499658
0.8724617841660963
0.8725758612822269
0.8726899383983573
0.8728040155144878
0.8729180926306184
0.8730321697467488
0.8731462468628793
0.8732603239790099
0.8733744010951403
0.8734884782112708
0.8736025553274014
0.8737166324435318
0.8738307095596624
0.8739447866757929
0.8740588637919233
0.8741729409080539
0.8742870180241843
0.8744010951403148
0.8745151722564454
0.8746292493725758
0.8747433264887063
0.8748574036048369
0.8749714807209673
0.875085557837098
0.8751996349532285
0.8753137120693589
0.8754277891854895
0.87554186630162
0.8756559434177504
0.875770020533881
0.8758840976500115
0.875998174766142
0.8761122518822725
0.876226328998403
0.8763404061145335
0.876454483230664
0.8765685603467944
0.876682637462925
0.8767967145790555
0.8769107916951859
0.8770248688113165
0.8810175678758841
0.8811316449920146
0.8812457221081451
0.8813597992242757
0.8814738763404061
0.8815879534565366
0.8817020305726672
0.8818161076887976
0.8819301848049281
0.8820442619210587
0.8821583390371891
0.8822724161533196
0.8823864932694502
0.8825005703855807
0.8826146475017113
0.8827287246178417
0.8828428017339722
0.8829568788501028
0.8830709559662332
0.8831850330823637
0.8832991101984943
0.8834131873146247
0.8835272644307552
0.8836413415468858
0.8837554186630162
0.8838694957791468
0.8839835728952773
0.8840976500114077
0.8842117271275383
0.8843258042436688
0.8844398813597992
0.8845539584759298
0.8846680355920603
0.8847821127081907
0.8848961898243213
0.8850102669404517
0.8851243440565822
0.8852384211727128
0.8853524982888432
0.8854665754049738
0.8855806525211043
0.8856947296372347
0.8858088067533653
0.8859228838694958
0.8860369609856262
0.8861510381017568
0.8862651152178873
0.8863791923340179
0.8864932694501484
0.8866073465662789
0.8867214236824094
0.8868355007985399
0.8869495779146703
0.8870636550308009
0.8871777321469314
0.8872918092630618
0.8874058863791924
0.8875199634953229
0.8876340406114533
0.8877481177275839
0.8878621948437144
0.8879762719598449
0.8880903490759754
0.8882044261921059
0.8899155829340635
0.890029660050194
0.8901437371663246
0.890257814282455
0.8903718913985855
0.8904859685147161
0.8906000456308465
0.890714122746977
0.8908281998631076
0.890942276979238
0.8910563540953685
0.8911704312114991
0.8912845083276295
0.89139858544376
0.8915126625598905
0.891626739676021
0.8917408167921516
0.891854893908282
0.8919689710244125
0.8920830481405431
0.8921971252566735
0.892311202372804
0.8924252794889346
0.892539356605065
0.8926534337211955
0.8927675108373261
0.8928815879534565
0.892995665069587
0.8931097421857176
0.893223819301848
0.8933378964179786
0.893451973534109
0.8935660506502395
0.8936801277663701
0.8937942048825006
0.8939082819986311
0.8940223591147617
0.8941364362308921
0.8942505133470227
0.8943645904631532
0.8944786675792836
0.8945927446954142
0.8947068218115447
0.8948208989276751
0.8949349760438057
0.8950490531599362
0.8951631302760666
0.8952772073921972
0.8953912845083277
0.8955053616244582
0.8956194387405887
0.8957335158567191
0.8958475929728497
0.8959616700889802
0.8960757472051106
0.8961898243212412
0.8963039014373717
0.8964179785535021
0.8965320556696327
0.8966461327857632
0.8967602099018936
0.8968742870180242
0.8969883641341547
0.8971024412502852
0.8972165183664157
0.8973305954825462
0.8977869039470683
0.8979009810631988
0.8980150581793293
0.8981291352954598
0.8982432124115903
0.8983572895277208
0.8984713666438513
0.8985854437599818
0.8986995208761123
0.8988135979922428
0.8989276751083733
0.8990417522245038
0.8991558293406343
0.8992699064567649
0.8993839835728953
0.8994980606890258
0.8996121378051564
0.8997262149212868
0.8998402920374173
0.8999543691535478
0.9000684462696783
0.9001825233858088
0.9002966005019393
0.9007529089664613
0.9008669860825919
0.9009810631987223
0.9010951403148528
0.9012092174309834
0.9013232945471139
0.9014373716632444
0.901551448779375
0.9016655258955054
0.901779603011636
0.9048596851471595
0.9049737622632901
0.9050878393794206
0.905201916495551
0.9053159936116816
0.9054300707278121
0.9055441478439425
0.9064567647729865
0.9065708418891171
0.9066849190052476
0.906798996121378
0.9069130732375086
0.9070271503536391
0.9071412274697696
0.9072553045859001
0.9073693817020306
0.9074834588181611
0.9075975359342916
0.9077116130504221
0.9078256901665526
0.9079397672826831
0.9080538443988136
0.9081679215149441
0.9082819986310746
0.908396075747205
0.9085101528633356
0.9086242299794661
0.9087383070955967
0.9088523842117272
0.9089664613278577
0.9090805384439882
0.9091946155601187
0.9093086926762493
0.9094227697923797
0.9095368469085102
0.9096509240246408
0.9097650011407712
0.9098790782569017
0.9099931553730323
0.9101072324891627
0.9102213096052932
0.9103353867214237
0.9104494638375542
0.9105635409536847
0.9106776180698152
0.9107916951859457
0.9109057723020763
0.9110198494182067
0.9111339265343372
0.9112480036504678
0.9113620807665982
0.9114761578827287
0.9115902349988593
0.9117043121149897
0.9118183892311202
0.9119324663472508
0.9120465434633812
0.9121606205795117
0.9122746976956423
0.9123887748117728
0.9125028519279034
0.9126169290440338
0.9127310061601643
0.9128450832762949
0.9129591603924253
0.9130732375085558
0.9131873146246864
0.9133013917408168
0.9134154688569474
0.9135295459730779
0.9136436230892083
0.9137577002053389
0.9138717773214694
0.9139858544375998
0.9140999315537304
0.9142140086698609
0.9242527948893453
0.9243668720054757
0.9244809491216063
0.9245950262377368
0.9247091033538672
0.9248231804699978
0.9249372575861283
0.9250513347022588
0.9251654118183893
0.8369838010495094
0.83709787816564
0.8372119552817705
0.8373260323979009
0.8374401095140315
0.837554186630162
0.8376682637462924
0.8377823408624231
0.8384668035592061
0.8386949577914671
0.8388090349075976
0.838923112023728
0.8390371891398586
0.8391512662559891
0.8392653433721196
0.8393794204882501
0.8394934976043806
0.8396075747205111
0.8397216518366416
0.8398357289527721
0.8399498060689026
0.8400638831850331
0.8401779603011637
0.8402920374172941
0.8404061145334246
0.840520191649555
0.8406342687656856
0.8407483458818161
0.8408624229979466
0.8409765001140771
0.8410905772302076
0.8412046543463381
0.8413187314624686
0.8414328085785991
0.8415468856947297
0.8416609628108602
0.8417750399269908
0.8418891170431212
0.8420031941592517
0.8421172712753823
0.8422313483915127
0.8423454255076432
0.8424595026237738
0.8425735797399042
0.8426876568560348
0.8428017339721652
0.8429158110882957
0.8430298882044263
0.8431439653205567
0.8432580424366872
0.8433721195528178
0.8434861966689482
0.8436002737850787
0.8437143509012093
0.8438284280173397
0.8439425051334702
0.8440565822496008
0.8441706593657312
0.8442847364818618
0.8443988135979923
0.8445128907141227
0.8446269678302533
0.8447410449463837
0.8448551220625142
0.8449691991786448
0.8450832762947752
0.8451973534109057
0.8453114305270364
0.8454255076431668
0.8455395847592974
0.8456536618754279
0.8457677389915583
0.8458818161076889
0.8459958932238194
0.8461099703399498
0.8462240474560804
0.8463381245722109
0.8464522016883413
0.8465662788044719
0.8466803559206024
0.8467944330367329
0.8469085101528634
0.8470225872689938
0.8471366643851244
0.8472507415012549
0.8473648186173853
0.8474788957335159
0.8475929728496464
0.8477070499657768
0.8478211270819074
0.8479352041980379
0.8480492813141683
0.8481633584302989
0.8482774355464294
0.8483915126625599
0.8485055897786904
0.8486196668948209
0.8487337440109514
0.8488478211270819
0.8489618982432124
0.849075975359343
0.8491900524754735
0.849304129591604
0.8494182067077345
0.849532283823865
0.8496463609399955
0.849760438056126
0.8498745151722565
0.849988592288387
0.8501026694045175
0.850216746520648
0.8503308236367785
0.850444900752909
0.8505589778690396
0.85067305498517
0.8507871321013005
0.8509012092174311
0.8510152863335615
0.851129363449692
0.8512434405658225
0.851357517681953
0.8519279032626055
0.852041980378736
0.8521560574948666
0.852270134610997
0.8523842117271275
0.8524982888432581
0.8526123659593885
0.8527264430755191
0.8528405201916497
0.8529545973077801
0.8530686744239107
0.8531827515400411
0.8532968286561716
0.8534109057723022
0.8535249828884326
0.8536390600045631
0.8537531371206937
0.8538672142368241
0.8539812913529546
0.8540953684690852
0.8542094455852156
0.8543235227013461
0.8544375998174767
0.8545516769336071
0.8546657540497377
0.8547798311658682
0.8548939082819986
0.8550079853981292
0.8551220625142597
0.8552361396303901
0.8553502167465207
0.8554642938626511
0.8555783709787816
0.8556924480949122
0.8558065252110426
0.8559206023271732
0.8560346794433037
0.8561487565594341
0.8562628336755647
0.8563769107916952
0.8564909879078257
0.8566050650239563
0.8567191421400868
0.8568332192562172
0.8569472963723478
0.8570613734884783
0.8571754506046088
0.8572895277207393
0.8574036048368697
0.8575176819530003
0.8576317590691308
0.8577458361852612
0.8578599133013918
0.8579739904175223
0.8580880675336527
0.8582021446497833
0.8583162217659138
0.8584302988820443
0.8585443759981748
0.8586584531143053
0.8587725302304358
0.8588866073465663
0.8590006844626968
0.8591147615788273
0.8592288386949578
0.8593429158110883
0.8594569929272188
0.8599133013917408
0.8600273785078713
0.8601414556240019
0.8602555327401324
0.8603696098562629
0.8604836869723934
0.8609399954369155
0.8610540725530459
0.8611681496691764
0.861282226785307
0.8613963039014374
0.8615103810175679
0.8616244581336984
0.8617385352498289
0.8618526123659594
0.8619666894820899
0.8620807665982204
0.862194843714351
0.8623089208304814
0.8624229979466119
0.8625370750627425
0.8626511521788729
0.8627652292950034
0.862879306411134
0.8629933835272644
0.8631074606433949
0.8632215377595255
0.8633356148756559
0.8634496919917864
0.863563769107917
0.8636778462240474
0.863791923340178
0.8639060004563085
0.864020077572439
0.8641341546885696
0.8685831622176592
0.8686972393337897
0.8688113164499202
0.8689253935660507
0.8690394706821812
0.8691535477983117
0.8698380104950947
0.8699520876112252
0.8700661647273557
0.8701802418434862
0.8702943189596167
0.8704083960757472
0.8705224731918777
0.8706365503080082
0.8707506274241387
0.8708647045402692
0.8709787816563997
0.8710928587725302
0.8712069358886607
0.8713210130047913
0.8714350901209218
0.8715491672370523
0.8716632443531829
0.8717773214693133
0.8718913985854438
0.8720054757015744
0.8721195528177048
0.8722336299338354
0.8723477070499658
0.8724617841660963
0.8725758612822269
0.8726899383983573
0.8728040155144878
0.8729180926306184
0.8730321697467488
0.8731462468628793
0.8732603239790099
0.8733744010951403
0.8734884782112708
0.8736025553274014
0.8737166324435318
0.8738307095596624
0.8739447866757929
0.8740588637919233
0.8742870180241843
0.8744010951403148
0.8745151722564454
0.8746292493725758
0.8747433264887063
0.8748574036048369
0.8749714807209673
0.875085557837098
0.8751996349532285
0.8753137120693589
0.8754277891854895
0.87554186630162
0.8756559434177504
0.875770020533881
0.8758840976500115
0.875998174766142
0.8761122518822725
0.876226328998403
0.8763404061145335
0.8777093315080995
0.87782340862423
0.8779374857403605
0.8807894136436231
0.8809034907597536
0.8810175678758841
0.8811316449920146
0.8812457221081451
0.8813597992242757
0.8814738763404061
0.8815879534565366
0.8817020305726672
0.8818161076887976
0.8819301848049281
0.8820442619210587
0.8821583390371891
0.8822724161533196
0.8823864932694502
0.8825005703855807
0.8826146475017113
0.8827287246178417
0.8828428017339722
0.8829568788501028
0.8830709559662332
0.8831850330823637
0.8832991101984943
0.8834131873146247
0.8835272644307552
0.8836413415468858
0.8837554186630162
0.8838694957791468
0.8839835728952773
0.8840976500114077
0.8842117271275383
0.8843258042436688
0.8844398813597992
0.8845539584759298
0.8846680355920603
0.8847821127081907
0.8848961898243213
0.8850102669404517
0.8851243440565822
0.8852384211727128
0.8853524982888432
0.8854665754049738
0.8855806525211043
0.8856947296372347
0.8858088067533653
0.8859228838694958
0.8860369609856262
0.8861510381017568
0.8862651152178873
0.8863791923340179
0.8864932694501484
0.8866073465662789
0.8867214236824094
0.8868355007985399
0.8869495779146703
0.8870636550308009
0.8871777321469314
0.8872918092630618
0.8874058863791924
0.8875199634953229
0.8876340406114533
0.8877481177275839
0.8878621948437144
0.8879762719598449
0.8880903490759754
0.8882044261921059
0.8883185033082364
0.8884325804243669
0.8885466575404974
0.8886607346566279
0.8887748117727584
0.888888888888889
0.8890029660050194
0.8891170431211499
0.8892311202372803
0.8893451973534109
0.8894592744695414
0.8895733515856719
0.8896874287018024
0.8898015058179329
0.8899155829340635
0.890029660050194
0.8901437371663246
0.890257814282455
0.8903718913985855
0.8904859685147161
0.8906000456308465
0.890714122746977
0.8908281998631076
0.890942276979238
0.8910563540953685
0.8911704312114991
0.8912845083276295
0.89139858544376
0.8915126625598905
0.891626739676021
0.8917408167921516
0.891854893908282
0.8919689710244125
0.8920830481405431
0.8921971252566735
0.892311202372804
0.8924252794889346
0.892539356605065
0.8926534337211955
0.8927675108373261
0.8928815879534565
0.892995665069587
0.8931097421857176
0.893223819301848
0.8933378964179786
0.893451973534109
0.8935660506502395
0.8936801277663701
0.8937942048825006
0.8939082819986311
0.8940223591147617
0.8941364362308921
0.8942505133470227
0.8943645904631532
0.8944786675792836
0.8945927446954142
0.8947068218115447
0.8948208989276751
0.8949349760438057
0.8950490531599362
0.8951631302760666
0.8952772073921972
0.8953912845083277
0.8955053616244582
0.8956194387405887
0.8957335158567191
0.8958475929728497
0.8959616700889802
0.8960757472051106
0.8961898243212412
0.8963039014373717
0.8964179785535021
0.8965320556696327
0.8966461327857632
0.8967602099018936
0.8968742870180242
0.8969883641341547
0.8971024412502852
0.8972165183664157
0.8973305954825462
0.8974446725986768
0.8975587497148073
0.8976728268309377
0.8977869039470683
0.8979009810631988
0.8980150581793293
0.8981291352954598
0.8982432124115903
0.8983572895277208
0.8992699064567649
0.8994980606890258
0.8996121378051564
0.8997262149212868
0.8998402920374173
0.8999543691535478
0.9000684462696783
0.9001825233858088
0.9002966005019393
0.9004106776180698
0.9005247547342004
0.9006388318503308
0.9007529089664613
0.9008669860825919
0.9009810631987223
0.9010951403148528
0.9012092174309834
0.9013232945471139
0.9014373716632444
0.901551448779375
0.9016655258955054
0.901779603011636
0.9018936801277664
0.9020077572438969
0.9021218343600275
0.9022359114761579
0.9023499885922884
0.904745608031029
0.9048596851471595
0.9049737622632901
0.9050878393794206
0.905201916495551
0.9053159936116816
0.9054300707278121
0.9055441478439425
0.9056582249600731
0.9057723020762036
0.9058863791923341
0.9060004563084646
0.906114533424595
0.9062286105407256
0.9063426876568561
0.9064567647729865
0.9065708418891171
0.9066849190052476
0.906798996121378
0.9069130732375086
0.9070271503536391
0.9071412274697696
0.9072553045859001
0.9073693817020306
0.9074834588181611
0.9075975359342916
0.9077116130504221
0.9078256901665526
0.9079397672826831
0.9080538443988136
0.9081679215149441
0.9082819986310746
0.908396075747205
0.9085101528633356
0.9086242299794661
0.9087383070955967
0.9088523842117272
0.9089664613278577
0.9090805384439882
0.9091946155601187
0.9093086926762493
0.9094227697923797
0.9095368469085102
0.9096509240246408
0.9097650011407712
0.9098790782569017
0.9099931553730323
0.9101072324891627
0.9102213096052932
0.9103353867214237
0.9104494638375542
0.9105635409536847
0.9106776180698152
0.9107916951859457
0.9109057723020763
0.9110198494182067
0.9111339265343372
0.9112480036504678
0.9113620807665982
0.9114761578827287
0.9115902349988593
0.9117043121149897
0.9118183892311202
0.9119324663472508
0.9120465434633812
0.9121606205795117
0.9122746976956423
0.9123887748117728
0.9125028519279034
0.9126169290440338
0.9127310061601643
0.9128450832762949
0.9129591603924253
0.9130732375085558
0.9131873146246864
0.9133013917408168
0.9134154688569474
0.9135295459730779
0.9136436230892083
0.9137577002053389
0.9138717773214694
0.9139858544375998
0.9140999315537304
0.9142140086698609
0.9143280857859913
0.916495550992471
0.9166096281086015
0.916723705224732
0.9168377823408624
0.916951859456993
0.9170659365731235
0.917180013689254
0.9172940908053845
0.9188911704312115
0.919005247547342
0.9191193246634725
0.919233401779603
0.9193474788957335
0.919461556011864
0.9195756331279945
0.919689710244125
0.9198037873602556
0.9199178644763861
0.9200319415925167
0.9201460187086471
0.9202600958247776
0.9203741729409082
0.9204882500570386
0.9206023271731691
0.9207164042892997
0.9208304814054301
0.9209445585215607
0.9210586356376911
0.9211727127538216
0.9212867898699522
0.9214008669860826
0.9215149441022131
0.9226557152635182
0.9227697923796486
0.9228838694957792
0.9229979466119096
0.9231120237280401
0.9232261008441707
0.9233401779603011
0.9234542550764316
0.9235683321925622
0.9236824093086927
0.9237964864248233
0.9239105635409538
0.9240246406570842
0.9241387177732148
0.9242527948893453
0.9243668720054757
0.9244809491216063
0.9245950262377368
0.9247091033538672
0.9248231804699978
0.9249372575861283
0.9250513347022588
0.9251654118183893
0.9252794889345197
0.9253935660506503
0.9255076431667808
0.9256217202829112
0.9257357973990418
0.9258498745151723
0.9259639516313027
0.9260780287474333
0.9261921058635638
0.9263061829796942
0.9264202600958248
0.9265343372119553
0.9266484143280858
0.9267624914442163
0.9268765685603468
0.9269906456764773
0.9271047227926078
0.9272187999087383
0.9273328770248689
0.9281314168377824
0.9282454939539129
0.9283595710700434
0.928473648186174
0.9285877253023044
0.9287018024184349
0.9342915811088296
0.93440565822496
0.9345197353410906
0.9346338124572211
0.9347478895733516
0.9348619666894821
0.9349760438056126
0.9350901209217432
0.9352041980378737
0.9353182751540042
0.9354323522701348
0.9355464293862651
0.9356605065023956
0.9357745836185262
0.9358886607346567
0.9360027378507872
0.9361168149669178
0.9362308920830481
0.9363449691991786
0.9364590463153092
0.9365731234314397
0.9366872005475703
0.9368012776637006
0.9369153547798311
0.9370294318959617
0.9371435090120922
0.9372575861282227
0.9373716632443533
0.9374857403604836
0.9375998174766141
0.9377138945927447
0.9378279717088752
0.9379420488250058
0.9380561259411363
0.9381702030572666
0.9395391284508328
0.9396532055669633
0.9397672826830938
0.9398813597992244
0.9399954369153549
0.9401095140314852
0.9402235911476158
0.9403376682637463
0.9490075290896647
0.9491216062057952
0.9492356833219255
0.9493497604380561
0.9494638375541866
0.9495779146703172
0.9496919917864477
0.9498060689025781
0.9499201460187087
0.9500342231348392
0.9501483002509697
0.9502623773671003
0.9503764544832308
0.9504905315993611
0.9506046087154917
0.9507186858316222
0.9508327629477528
0.9509468400638833
0.9510609171800138
0.9511749942961442
0.9626967830253252
0.9628108601414556
0.9629249372575861
0.9630390143737166
0.9631530914898472
0.9632671686059777
0.9646360939995438
0.9647501711156742
0.9648642482318047
0.9649783253479353
0.9650924024640658
0.9652064795801963
0.9653205566963269
0.9654346338124572
0.9655487109285877
0.9656627880447183
0.9663472507415013
0.9664613278576318
0.9665754049737624
0.9666894820898927
0.9668035592060232
0.9669176363221538
0.9688569472963724
0.9689710244125029
0.9690851015286335
0.969199178644764
0.9693132557608943
0.9694273328770249
0.9695414099931554
0.969655487109286
0.9718229523157655
0.971937029431896
0.9720511065480265
0.972165183664157
0.9722792607802876
0.9723933378964181
0.9725074150125487
0.972621492128679
0.9727355692448095
0.9728496463609401
0.9729637234770706
0.9730778005932011
0.9731918777093315
0.973305954825462
0.9734200319415925
0.9735341090577231
0.9736481861738536
0.9759297284964636
0.9760438056125942
0.9761578827287247
0.9762719598448553
0.8294547113848962
0.8295687885010267
0.8296828656171572
0.8297969427332877
0.8329911019849419
0.8331051791010723
0.8332192562172028
0.8333333333333334
0.8334474104494638
0.8335614875655943
0.8336755646817249
0.8366415697011179
0.8367556468172485
0.836869723933379
0.8393794204882501
0.8394934976043806
0.8396075747205111
0.8397216518366416
0.8398357289527721
0.8399498060689026
0.8400638831850331
0.8401779603011637
0.8402920374172941
0.8404061145334246
0.840520191649555
0.8406342687656856
0.8407483458818161
0.8408624229979466
0.8409765001140771
0.8410905772302076
0.8412046543463381
0.8413187314624686
0.8414328085785991
0.8416609628108602
0.8417750399269908
0.8418891170431212
0.8420031941592517
0.8421172712753823
0.8422313483915127
0.8423454255076432
0.8424595026237738
0.8425735797399042
0.8426876568560348
0.8428017339721652
0.8429158110882957
0.8430298882044263
0.8431439653205567
0.8432580424366872
0.8433721195528178
0.8434861966689482
0.8436002737850787
0.8437143509012093
0.8438284280173397
0.8439425051334702
0.8440565822496008
0.8441706593657312
0.8442847364818618
0.8443988135979923
0.8445128907141227
0.8446269678302533
0.8447410449463837
0.8448551220625142
0.8449691991786448
0.8450832762947752
0.8451973534109057
0.8453114305270364
0.8454255076431668
0.8455395847592974
0.8456536618754279
0.8457677389915583
0.8458818161076889
0.8459958932238194
0.8461099703399498
0.8469085101528634
0.8470225872689938
0.8471366643851244
0.8472507415012549
0.8473648186173853
0.8474788957335159
0.8475929728496464
0.8477070499657768
0.8478211270819074
0.8479352041980379
0.8480492813141683
0.8481633584302989
0.8482774355464294
0.8483915126625599
0.8485055897786904
0.8486196668948209
0.8487337440109514
0.8488478211270819
0.8489618982432124
0.849075975359343
0.8491900524754735
0.849304129591604
0.8494182067077345
0.849532283823865
0.8496463609399955
0.849760438056126
0.8498745151722565
0.849988592288387
0.8501026694045175
0.850216746520648
0.8503308236367785
0.850444900752909
0.8505589778690396
0.85067305498517
0.8507871321013005
0.8509012092174311
0.8510152863335615
0.851129363449692
0.8512434405658225
0.851357517681953
0.8514715947980835
0.851585671914214
0.8516997490303445
0.851813826146475
0.8519279032626055
0.852041980378736
0.8521560574948666
0.852270134610997
0.8523842117271275
0.8524982888432581
0.8526123659593885
0.8527264430755191
0.8528405201916497
0.8529545973077801
0.8530686744239107
0.8531827515400411
0.8532968286561716
0.8534109057723022
0.8535249828884326
0.8536390600045631
0.8537531371206937
0.8538672142368241
0.8539812913529546
0.8540953684690852
0.8542094455852156
0.8543235227013461
0.8544375998174767
0.8545516769336071
0.8546657540497377
0.8547798311658682
0.8548939082819986
0.8550079853981292
0.8551220625142597
0.8552361396303901
0.8553502167465207
0.8554642938626511
0.8555783709787816
0.8556924480949122
0.8558065252110426
0.8559206023271732
0.8560346794433037
0.8561487565594341
0.8562628336755647
0.8563769107916952
0.8564909879078257
0.8566050650239563
0.8567191421400868
0.8568332192562172
0.8569472963723478
0.8570613734884783
0.8571754506046088
0.8572895277207393
0.8574036048368697
0.8575176819530003
0.8576317590691308
0.8577458361852612
0.8578599133013918
0.8579739904175223
0.8580880675336527
0.8582021446497833
0.8583162217659138
0.8584302988820443
0.8585443759981748
0.8586584531143053
0.8587725302304358
0.8588866073465663
0.8590006844626968
0.8591147615788273
0.8592288386949578
0.8593429158110883
0.8594569929272188
0.8595710700433493
0.8596851471594797
0.8597992242756103
0.8599133013917408
0.8600273785078713
0.8601414556240019
0.8602555327401324
0.8603696098562629
0.8609399954369155
0.8610540725530459
0.8611681496691764
0.861282226785307
0.8613963039014374
0.8615103810175679
0.8616244581336984
0.8617385352498289
0.8618526123659594
0.8619666894820899
0.8620807665982204
0.862194843714351
0.8623089208304814
0.8624229979466119
0.8625370750627425
0.8626511521788729
0.8627652292950034
0.862879306411134
0.8629933835272644
0.8631074606433949
0.8632215377595255
0.8633356148756559
0.8634496919917864
0.863563769107917
0.8636778462240474
0.863791923340178
0.8639060004563085
0.864020077572439
0.8641341546885696
0.8642482318047
0.8643623089208305
0.8644763860369611
0.8686972393337897
0.8688113164499202
0.8689253935660507
0.8690394706821812
0.8691535477983117
0.8692676249144422
0.8693817020305727
0.8694957791467032
0.8696098562628337
0.8697239333789643
0.8698380104950947
0.8699520876112252
0.8700661647273557
0.8701802418434862
0.8702943189596167
0.8704083960757472
0.8705224731918777
0.8706365503080082
0.8707506274241387
0.8708647045402692
0.8709787816563997
0.8710928587725302
0.8712069358886607
0.8713210130047913
0.8714350901209218
0.8715491672370523
0.8716632443531829
0.8717773214693133
0.8718913985854438
0.8720054757015744
0.8721195528177048
0.8722336299338354
0.8723477070499658
0.8724617841660963
0.8725758612822269
0.8726899383983573
0.8728040155144878
0.8729180926306184
0.8730321697467488
0.8731462468628793
0.8732603239790099
0.8733744010951403
0.8734884782112708
0.8736025553274014
0.8737166324435318
0.8738307095596624
0.8739447866757929
0.8740588637919233
0.8741729409080539
0.8742870180241843
0.8744010951403148
0.8745151722564454
0.8746292493725758
0.8747433264887063
0.8748574036048369
0.8749714807209673
0.875085557837098
0.8751996349532285
0.8753137120693589
0.8754277891854895
0.87554186630162
0.8756559434177504
0.875770020533881
0.8758840976500115
0.875998174766142
0.8761122518822725
0.876226328998403
0.8763404061145335
0.876454483230664
0.8765685603467944
0.876682637462925
0.8767967145790555
0.8769107916951859
0.8770248688113165
0.877138945927447
0.8772530230435774
0.877367100159708
0.8774811772758385
0.877595254391969
0.8777093315080995
0.87782340862423
0.8779374857403605
0.8802190280629706
0.8803331051791011
0.8804471822952317
0.8805612594113621
0.8806753365274926
0.8807894136436231
0.8809034907597536
0.8810175678758841
0.8811316449920146
0.8822724161533196
0.8823864932694502
0.8835272644307552
0.8836413415468858
0.8837554186630162
0.8838694957791468
0.8839835728952773
0.8840976500114077
0.8842117271275383
0.8843258042436688
0.8844398813597992
0.8845539584759298
0.8846680355920603
0.8847821127081907
0.8848961898243213
0.8850102669404517
0.8851243440565822
0.8852384211727128
0.8853524982888432
0.8854665754049738
0.8855806525211043
0.8856947296372347
0.8858088067533653
0.8859228838694958
0.8860369609856262
0.8861510381017568
0.8862651152178873
0.8863791923340179
0.8864932694501484
0.8866073465662789
0.8867214236824094
0.8868355007985399
0.8869495779146703
0.8870636550308009
0.8871777321469314
0.8872918092630618
0.8874058863791924
0.8875199634953229
0.8876340406114533
0.8877481177275839
0.8878621948437144
0.8879762719598449
0.8880903490759754
0.8882044261921059
0.8883185033082364
0.8884325804243669
0.8885466575404974
0.8886607346566279
0.8887748117727584
0.888888888888889
0.8890029660050194
0.8891170431211499
0.8892311202372803
0.8893451973534109
0.8894592744695414
0.8895733515856719
0.8896874287018024
0.8898015058179329
0.8899155829340635
0.890029660050194
0.8901437371663246
0.890257814282455
0.8903718913985855
0.8904859685147161
0.8906000456308465
0.890714122746977
0.8908281998631076
0.890942276979238
0.8910563540953685
0.8911704312114991
0.8912845083276295
0.89139858544376
0.8915126625598905
0.891626739676021
0.8917408167921516
0.891854893908282
0.8919689710244125
0.8920830481405431
0.8921971252566735
0.892311202372804
0.8924252794889346
0.892539356605065
0.8926534337211955
0.8927675108373261
0.8928815879534565
0.892995665069587
0.8931097421857176
0.893223819301848
0.8933378964179786
0.893451973534109
0.8935660506502395
0.8936801277663701
0.8937942048825006
0.8939082819986311
0.8940223591147617
0.8941364362308921
0.8942505133470227
0.8943645904631532
0.8944786675792836
0.8945927446954142
0.8947068218115447
0.8948208989276751
0.8949349760438057
0.8950490531599362
0.8951631302760666
0.8952772073921972
0.8953912845083277
0.8955053616244582
0.8956194387405887
0.8957335158567191
0.8958475929728497
0.8959616700889802
0.8960757472051106
0.8961898243212412
0.8963039014373717
0.8964179785535021
0.8965320556696327
0.8966461327857632
0.8967602099018936
0.8968742870180242
0.8969883641341547
0.8971024412502852
0.8972165183664157
0.8973305954825462
0.8974446725986768
0.8975587497148073
0.8976728268309377
0.8977869039470683
0.8979009810631988
0.8980150581793293
0.8981291352954598
0.8982432124115903
0.8983572895277208
0.8984713666438513
0.8985854437599818
0.8986995208761123
0.8988135979922428
0.8989276751083733
0.8990417522245038
0.8991558293406343
0.8992699064567649
0.8993839835728953
0.8994980606890258
0.8996121378051564
0.8997262149212868
0.8998402920374173
0.8999543691535478
0.9000684462696783
0.9001825233858088
0.9002966005019393
0.9004106776180698
0.9005247547342004
0.9006388318503308
0.9007529089664613
0.9008669860825919
0.9009810631987223
0.9010951403148528
0.9012092174309834
0.901779603011636
0.9018936801277664
0.9020077572438969
0.9021218343600275
0.9022359114761579
0.9023499885922884
0.902464065708419
0.9025781428245494
0.9026922199406799
0.9028062970568105
0.9029203741729409
0.9030344512890714
0.903148528405202
0.9032626055213324
0.903376682637463
0.9034907597535935
0.9036048368697239
0.9037189139858545
0.903832991101985
0.9039470682181154
0.904061145334246
0.9041752224503764
0.9042892995665069
0.9044033766826375
0.9045174537987679
0.9080538443988136
0.9081679215149441
0.9082819986310746
0.908396075747205
0.9085101528633356
0.9086242299794661
0.9105635409536847
0.9106776180698152
0.9107916951859457
0.9109057723020763
0.9110198494182067
0.9111339265343372
0.9112480036504678
0.9113620807665982
0.9114761578827287
0.9115902349988593
0.9117043121149897
0.9118183892311202
0.9119324663472508
0.9120465434633812
0.9121606205795117
0.9122746976956423
0.9123887748117728
0.9125028519279034
0.9126169290440338
0.9127310061601643
0.9128450832762949
0.9129591603924253
0.9130732375085558
0.9131873146246864
0.9133013917408168
0.9134154688569474
0.9135295459730779
0.9136436230892083
0.9137577002053389
0.9138717773214694
0.9139858544375998
0.9140999315537304
0.9142140086698609
0.9143280857859913
0.9144421629021219
0.916495550992471
0.9166096281086015
0.916723705224732
0.9168377823408624
0.916951859456993
0.9170659365731235
0.917180013689254
0.9172940908053845
0.917408167921515
0.9175222450376455
0.917636322153776
0.9177503992699065
0.917864476386037
0.9179785535021675
0.918092630618298
0.9182067077344285
0.918320784850559
0.9184348619666896
0.91854893908282
0.9186630161989505
0.918777093315081
0.9188911704312115
0.919005247547342
0.9191193246634725
0.919233401779603
0.9193474788957335
0.919461556011864
0.9195756331279945
0.919689710244125
0.9198037873602556
0.9199178644763861
0.9200319415925167
0.9201460187086471
0.9202600958247776
0.9203741729409082
0.9204882500570386
0.9206023271731691
0.9207164042892997
0.9208304814054301
0.9209445585215607
0.9210586356376911
0.9211727127538216
0.9212867898699522
0.9214008669860826
0.9215149441022131
0.9216290212183437
0.9217430983344741
0.9218571754506046
0.9219712525667352
0.9220853296828656
0.9221994067989961
0.9223134839151267
0.9224275610312571
0.9225416381473877
0.9226557152635182
0.9227697923796486
0.9228838694957792
0.9229979466119096
0.9231120237280401
0.9232261008441707
0.9233401779603011
0.9234542550764316
0.9235683321925622
0.9236824093086927
0.9237964864248233
0.9239105635409538
0.9240246406570842
0.9241387177732148
0.9242527948893453
0.9243668720054757
0.9244809491216063
0.9245950262377368
0.9247091033538672
0.9248231804699978
0.9249372575861283
0.9250513347022588
0.9251654118183893
0.9252794889345197
0.9253935660506503
0.9255076431667808
0.9256217202829112
0.9257357973990418
0.9258498745151723
0.9259639516313027
0.9260780287474333
0.9261921058635638
0.9263061829796942
0.9264202600958248
0.9265343372119553
0.9266484143280858
0.9267624914442163
0.9268765685603468
0.9269906456764773
0.9271047227926078
0.9272187999087383
0.9288158795345655
0.9289299566506959
0.9290440337668264
0.929158110882957
0.9292721879990874
0.9315537303216975
0.9316678074378281
0.9317818845539585
0.931895961670089
0.9320100387862196
0.93212411590235
0.9322381930184805
0.9323522701346111
0.9324663472507415
0.932580424366872
0.9326945014830026
0.932808578599133
0.9329226557152636
0.9330367328313941
0.9331508099475245
0.9332648870636551
0.9338352726443075
0.9339493497604381
0.9340634268765685
0.934177503992699
0.9342915811088296
0.93440565822496
0.9345197353410906
0.9346338124572211
0.9347478895733516
0.9348619666894821
0.9349760438056126
0.9350901209217432
0.9352041980378737
0.9353182751540042
0.9354323522701348
0.9355464293862651
0.9356605065023956
0.9357745836185262
0.9358886607346567
0.9360027378507872
0.9361168149669178
0.9362308920830481
0.9363449691991786
0.9364590463153092
0.9365731234314397
0.9366872005475703
0.9368012776637006
0.9369153547798311
0.9370294318959617
0.9371435090120922
0.9372575861282227
0.9373716632443533
0.9374857403604836
0.9375998174766141
0.9377138945927447
0.9378279717088752
0.9379420488250058
0.9380561259411363
0.9381702030572666
0.9382842801733972
0.9383983572895277
0.9385124344056582
0.9386265115217888
0.9387405886379193
0.9388546657540497
0.9389687428701803
0.9390828199863108
0.9391968971024414
0.9393109742185719
0.9394250513347022
0.9395391284508328
0.9396532055669633
0.9397672826830938
0.9398813597992244
0.9413643623089207
0.9414784394250513
0.9415925165411818
0.9417065936573124
0.9418206707734429
0.9419347478895734
0.9420488250057039
0.9421629021218344
0.9422769792379649
0.9488934519735341
0.9490075290896647
0.9491216062057952
0.9492356833219255
0.9493497604380561
0.9494638375541866
0.9495779146703172
0.9496919917864477
0.9498060689025781
0.9499201460187087
0.9500342231348392
0.9501483002509697
0.9502623773671003
0.9503764544832308
0.957221081451061
0.9573351585671915
0.9574492356833221
0.9575633127994526
0.9576773899155829
0.9577914670317135
0.957905544147844
0.9580196212639746
0.9581336983801051
0.9582477754962354
0.9595026237736711
0.9596167008898014
0.959730778005932
0.9626967830253252
0.9628108601414556
0.9629249372575861
0.9630390143737166
0.9631530914898472
0.9632671686059777
0.9633812457221083
0.9634953228382386
0.9636093999543691
0.9637234770704997
0.9638375541866302
0.9639516313027607
0.9640657084188913
0.9641797855350216
0.9642938626511521
0.9644079397672827
0.9645220168834132
0.9646360939995438
0.9647501711156742
0.9648642482318047
0.9649783253479353
0.9650924024640658
0.9652064795801963
0.9653205566963269
0.9654346338124572
0.9655487109285877
0.9656627880447183
0.9657768651608488
0.9658909422769794
0.9660050193931099
0.9661190965092402
0.9662331736253708
0.9663472507415013
0.9664613278576318
0.9665754049737624
0.9666894820898927
0.9668035592060232
0.9669176363221538
0.9670317134382843
0.9671457905544149
0.9672598676705454
0.9673739447866757
0.9674880219028063
0.9684006388318503
0.9685147159479809
0.9686287930641113
0.9687428701802419
0.9688569472963724
0.9689710244125029
0.9690851015286335
0.969199178644764
0.9693132557608943
0.9694273328770249
0.9695414099931554
0.969655487109286
0.9697695642254165
0.969883641341547
0.9699977184576773
0.9701117955738079
0.9702258726899384
0.970339949806069
0.9704540269221995
0.9705681040383298
0.9706821811544604
0.9707962582705909
0.9709103353867214
0.971024412502852
0.9711384896189825
0.9712525667351128
0.9713666438512434
0.9714807209673739
0.9715947980835045
0.971708875199635
0.9718229523157655
0.971937029431896
0.9720511065480265
0.972165183664157
0.9729637234770706
0.9730778005932011
0.9731918777093315
0.973305954825462
0.9734200319415925
0.9735341090577231
0.9736481861738536
0.9737622632899842
0.9738763404061145
0.973990417522245
0.9741044946383756
0.9742185717545061
0.9743326488706366
0.9744467259867672
0.9745608031028975
0.974674880219028
0.9747889573351586
0.9749030344512891
0.9750171115674197
0.97513118868355
0.9752452657996805
0.9753593429158111
0.9754734200319416
0.9755874971480721
0.9757015742642027
0.9758156513803331
0.9759297284964636
0.9760438056125942
0.9761578827287247
0.9762719598448553
0.9763860369609858
0.9765001140771161
0.9766141911932467
0.9767282683093772
0.9768423454255077
0.9769564225416383
0.9770704996577686
0.983915126625599
0.9840292037417295
0.9841432808578601
0.9842573579739904
0.9843714350901209
0.9844855122062515
0.984599589322382
0.9847136664385125
0.9848277435546431
0.9849418206707734
0.985055897786904
0.9851699749030345
0.985284052019165
0.9853981291352956
0.9855122062514259
0.9856262833675564
0.985740360483687
0.985968514715948
0.9860825918320786
0.9861966689482089
0.9863107460643394
0.98642482318047
0.9865389002966005
0.9866529774127311
0.9867670545288616
0.986881131644992
0.9869952087611226
0.10358202144649784
0.10369609856262833
0.10381017567875885
0.8398357289527721
0.8443988135979923
0.8445128907141227
0.8446269678302533
0.8447410449463837
0.8448551220625142
0.8449691991786448
0.8450832762947752
0.8451973534109057
0.8453114305270364
0.8454255076431668
0.8455395847592974
0.8456536618754279
0.8457677389915583
0.8461099703399498
0.8462240474560804
0.8463381245722109
0.8464522016883413
0.8465662788044719
0.8466803559206024
0.8467944330367329
0.8469085101528634
0.8470225872689938
0.8471366643851244
0.8472507415012549
0.8473648186173853
0.8474788957335159
0.8475929728496464
0.8477070499657768
0.8478211270819074
0.8479352041980379
0.8480492813141683
0.8481633584302989
0.8482774355464294
0.8483915126625599
0.8485055897786904
0.8486196668948209
0.8487337440109514
0.8488478211270819
0.8489618982432124
0.849075975359343
0.8491900524754735
0.849304129591604
0.8494182067077345
0.849532283823865
0.8496463609399955
0.849760438056126
0.8498745151722565
0.849988592288387
0.8501026694045175
0.850216746520648
0.8503308236367785
0.850444900752909
0.8505589778690396
0.85067305498517
0.8507871321013005
0.8509012092174311
0.8510152863335615
0.851129363449692
0.8512434405658225
0.851357517681953
0.8514715947980835
0.851585671914214
0.8516997490303445
0.851813826146475
0.8519279032626055
0.852041980378736
0.8521560574948666
0.852270134610997
0.8523842117271275
0.8524982888432581
0.8526123659593885
0.8527264430755191
0.8528405201916497
0.8529545973077801
0.8530686744239107
0.8531827515400411
0.8532968286561716
0.8534109057723022
0.8535249828884326
0.8536390600045631
0.8537531371206937
0.8538672142368241
0.8539812913529546
0.8540953684690852
0.8542094455852156
0.8543235227013461
0.8544375998174767
0.8545516769336071
0.8546657540497377
0.8547798311658682
0.8548939082819986
0.8550079853981292
0.8551220625142597
0.8552361396303901
0.8553502167465207
0.8554642938626511
0.8555783709787816
0.8556924480949122
0.8558065252110426
0.8559206023271732
0.8560346794433037
0.8561487565594341
0.8562628336755647
0.8563769107916952
0.8564909879078257
0.8566050650239563
0.8567191421400868
0.8568332192562172
0.8569472963723478
0.8570613734884783
0.8571754506046088
0.8572895277207393
0.8574036048368697
0.861282226785307
0.8613963039014374
0.8615103810175679
0.8616244581336984
0.8617385352498289
0.8618526123659594
0.8619666894820899
0.8770248688113165
0.8829568788501028
0.8830709559662332
0.8858088067533653
0.8860369609856262
0.8862651152178873
0.8864932694501484
0.8866073465662789
0.8867214236824094
0.8868355007985399
0.8869495779146703
0.8870636550308009
0.8871777321469314
0.8877481177275839
0.8878621948437144
0.8879762719598449
0.8880903490759754
0.8882044261921059
0.9119324663472508
0.9120465434633812
0.9121606205795117
0.9122746976956423
0.9123887748117728
0.9125028519279034
0.9126169290440338
0.9127310061601643
0.9161533196440794
0.91626739676021
0.9163814738763405
0.916495550992471
0.9166096281086015
0.916723705224732
0.9168377823408624
0.916951859456993
0.9170659365731235
0.917180013689254
0.9172940908053845
0.917408167921515
0.9175222450376455
0.917636322153776
0.919461556011864
0.9195756331279945
0.9218571754506046
0.9219712525667352
0.9220853296828656
0.9221994067989961
0.9223134839151267
0.9224275610312571
0.9247091033538672
0.9248231804699978
0.9249372575861283
0.9250513347022588
0.9251654118183893
0.9259639516313027
0.9260780287474333
0.9261921058635638
0.9263061829796942
0.9264202600958248
0.9265343372119553
0.9266484143280858
0.9267624914442163
0.9268765685603468
0.9269906456764773
0.9349760438056126
0.9350901209217432
0.9352041980378737
0.9353182751540042
0.9354323522701348
0.9355464293862651
0.9356605065023956
0.9421629021218344
0.9422769792379649
0.9423910563540955
0.9470682181154462
0.9547113848961899
0.9548254620123204
0.954939539128451
0.9550536162445813
0.9551676933607118
0.9552817704768424
0.9553958475929729
0.9555099247091035
0.955624001825234
0.9557380789413643
0.959046315309149
0.9598448551220625
0.9599589322381931
0.9600730093543236
0.9601870864704539
0.9603011635865845
0.960415240702715
0.9605293178188455
0.9606433949349761
0.9607574720511066
0.9641797855350216
0.9642938626511521
0.9644079397672827
0.9645220168834132
0.9646360939995438
0.9647501711156742
0.9648642482318047
0.9649783253479353
0.9650924024640658
0.9652064795801963
0.9653205566963269
0.9654346338124572
0.9655487109285877
0.9658909422769794
0.9660050193931099
0.9663472507415013
0.9665754049737624
0.9666894820898927
0.9668035592060232
0.9669176363221538
0.9670317134382843
0.9671457905544149
0.9672598676705454
0.9673739447866757
0.9674880219028063
0.9676020990189368
0.9677161761350673
0.9678302532511979
0.9679443303673284
0.9680584074834587
0.9681724845995893
0.9682865617157198
0.9684006388318503
0.9685147159479809
0.9686287930641113
0.9687428701802419
0.9688569472963724
0.9689710244125029
0.9690851015286335
0.969199178644764
0.9693132557608943
0.9694273328770249
0.9695414099931554
0.969655487109286
0.9697695642254165
0.969883641341547
0.9699977184576773
0.9701117955738079
0.9702258726899384
0.970339949806069
0.9704540269221995
0.9705681040383298
0.9706821811544604
0.9709103353867214
0.9742185717545061
0.9743326488706366
0.9744467259867672
0.9745608031028975
0.974674880219028
0.9747889573351586
0.9749030344512891
0.9750171115674197
0.97513118868355
0.9752452657996805
0.9753593429158111
0.9754734200319416
0.9755874971480721
0.9757015742642027
0.9758156513803331
0.9777549623545516
0.9778690394706822
0.9779831165868127
0.9780971937029432
0.9782112708190738
0.9783253479352043
0.9784394250513346
0.9785535021674652
0.9786675792835957
0.9787816563997263
0.9788957335158568
0.9790098106319871
0.9791238877481176
0.9792379648642482
0.9793520419803787
0.9794661190965093
0.9795801962126398
0.9796942733287702
0.9798083504449008
0.9799224275610313
0.9800365046771619
0.9801505817932924
0.9802646589094229
0.9803787360255533
0.9804928131416838
0.9806068902578143
0.9807209673739449
0.9808350444900754
0.980949121606206
0.9810631987223363
0.9811772758384668
0.9812913529545974
0.9814054300707279
0.9815195071868584
0.9816335843029887
0.9817476614191193
0.9818617385352498
0.9819758156513804
0.9820898927675109
0.9822039698836414
0.9823180469997718
0.9824321241159023
0.9825462012320328
0.9826602783481634
0.9827743554642939
0.9828884325804245
0.9830025096965548
0.9831165868126853
0.9832306639288159
0.9833447410449464
0.9834588181610769
0.9835728952772074
0.9836869723933379
0.9838010495094685
0.983915126625599
0.9840292037417295
0.9841432808578601
0.9842573579739904
0.9843714350901209
0.9844855122062515
0.984599589322382
0.9847136664385125
0.9848277435546431
0.9849418206707734
0.985055897786904
0.9851699749030345
0.985284052019165
0.9853981291352956
0.9855122062514259
0.9856262833675564
0.985740360483687
0.9858544375998175
0.985968514715948
0.9860825918320786
0.9896189824321241
0.9897330595482546
0.9898471366643852
0.9899612137805157
0.990075290896646
0.9901893680127766
0.9920146018708647
0.9921286789869952
0.9922427561031257
0.9938398357289528
0.9939539128450832
0.9940679899612137
0.9941820670773442
0.9942961441934748
0.9944102213096053
0.9945242984257359
0.9946383755418663
0.9947524526579968
0.9948665297741274
0.9949806068902579
0.9953228382386493
0.99771845767739
0.9978325347935205
0.9979466119096508
0.9980606890257814
0.9981747661419119
0.9982888432580425
0.9984029203741731
0.06901665525895506
0.08327629477526809
0.08840976500114078
0.09000684462696783
0.09012092174309834
0.09023499885922884
0.09034907597535935
0.09046315309148985
0.09057723020762035
0.09069130732375086
0.09080538443988137
0.09091946155601187
0.09810631987223363
0.0998174766141912
0.0999315537303217
0.1000456308464522
0.10015970796258271
0.10027378507871322
0.10038786219484372
0.10050193931097422
0.10061601642710473
0.10073009354323523
0.10084417065936573
0.10095824777549624
0.10107232489162675
0.10118640200775725
0.10130047912388775
0.10141455624001824
0.10152863335614877
0.10164271047227927
0.10175678758840977
0.10209901893680129
0.10301163586584532
0.10312571298197581
0.12753821583390373
0.12765229295003422
0.13883185033082365
0.13894592744695414
0.8335614875655943
0.8336755646817249
0.8337896417978553
0.8339037189139858
0.8340177960301164
0.8341318731462469
0.8342459502623775
0.8343600273785079
0.8344741044946384
0.834588181610769
0.8347022587268994
0.8348163358430299
0.8349304129591605
0.83709787816564
0.8372119552817705
0.8373260323979009
0.8374401095140315
0.837554186630162
0.8376682637462924
0.8377823408624231
0.8378964179785536
0.8380104950946841
0.8381245722108146
0.8382386493269451
0.8383527264430756
0.8384668035592061
0.8385808806753365
0.8386949577914671
0.8388090349075976
0.838923112023728
0.8390371891398586
0.8391512662559891
0.8392653433721196
0.8393794204882501
0.8394934976043806
0.8396075747205111
0.8397216518366416
0.8398357289527721
0.8399498060689026
0.8400638831850331
0.8401779603011637
0.8402920374172941
0.8404061145334246
0.840520191649555
0.8406342687656856
0.8407483458818161
0.8408624229979466
0.8409765001140771
0.8410905772302076
0.8412046543463381
0.8413187314624686
0.8414328085785991
0.8415468856947297
0.8416609628108602
0.8417750399269908
0.8418891170431212
0.8420031941592517
0.8421172712753823
0.8422313483915127
0.8423454255076432
0.8424595026237738
0.8425735797399042
0.8426876568560348
0.8428017339721652
0.8429158110882957
0.8430298882044263
0.8431439653205567
0.8432580424366872
0.8433721195528178
0.8434861966689482
0.8436002737850787
0.8437143509012093
0.8438284280173397
0.8439425051334702
0.8440565822496008
0.8441706593657312
0.8442847364818618
0.8443988135979923
0.8445128907141227
0.8446269678302533
0.8447410449463837
0.8448551220625142
0.8449691991786448
0.8457677389915583
0.8458818161076889
0.8459958932238194
0.8461099703399498
0.8462240474560804
0.8463381245722109
0.8464522016883413
0.8465662788044719
0.8466803559206024
0.8467944330367329
0.8469085101528634
0.8470225872689938
0.8471366643851244
0.8472507415012549
0.8473648186173853
0.8474788957335159
0.8475929728496464
0.8477070499657768
0.8478211270819074
0.8479352041980379
0.8480492813141683
0.8481633584302989
0.8482774355464294
0.8483915126625599
0.8485055897786904
0.8486196668948209
0.8487337440109514
0.8488478211270819
0.8489618982432124
0.849075975359343
0.8491900524754735
0.849304129591604
0.8494182067077345
0.849532283823865
0.8496463609399955
0.849760438056126
0.8498745151722565
0.849988592288387
0.8501026694045175
0.850216746520648
0.8503308236367785
0.850444900752909
0.8505589778690396
0.85067305498517
0.8507871321013005
0.8509012092174311
0.8510152863335615
0.851129363449692
0.8512434405658225
0.851357517681953
0.8514715947980835
0.851585671914214
0.8516997490303445
0.851813826146475
0.8519279032626055
0.852041980378736
0.8521560574948666
0.852270134610997
0.8523842117271275
0.8524982888432581
0.8526123659593885
0.8527264430755191
0.8528405201916497
0.8529545973077801
0.8530686744239107
0.8531827515400411
0.8532968286561716
0.8534109057723022
0.8535249828884326
0.8536390600045631
0.8537531371206937
0.8538672142368241
0.8539812913529546
0.8540953684690852
0.8542094455852156
0.8543235227013461
0.8544375998174767
0.8545516769336071
0.8546657540497377
0.8547798311658682
0.8548939082819986
0.8550079853981292
0.8551220625142597
0.8552361396303901
0.8553502167465207
0.8554642938626511
0.8555783709787816
0.8556924480949122
0.8558065252110426
0.8559206023271732
0.8560346794433037
0.8561487565594341
0.8562628336755647
0.8563769107916952
0.8564909879078257
0.8567191421400868
0.8568332192562172
0.8714350901209218
0.8715491672370523
0.8716632443531829
0.8717773214693133
0.8718913985854438
0.8720054757015744
0.8721195528177048
0.8722336299338354
0.8723477070499658
0.8724617841660963
0.8725758612822269
0.8726899383983573
0.8728040155144878
0.8729180926306184
0.8730321697467488
0.8731462468628793
0.8732603239790099
0.8733744010951403
0.8734884782112708
0.8736025553274014
0.8737166324435318
0.8738307095596624
0.8739447866757929
0.8740588637919233
0.8741729409080539
0.8742870180241843
0.8744010951403148
0.8745151722564454
0.8746292493725758
0.8747433264887063
0.8748574036048369
0.8749714807209673
0.875085557837098
0.8751996349532285
0.8753137120693589
0.8754277891854895
0.87554186630162
0.8756559434177504
0.875770020533881
0.8758840976500115
0.875998174766142
0.8761122518822725
0.876226328998403
0.8763404061145335
0.876454483230664
0.8765685603467944
0.876682637462925
0.8767967145790555
0.8769107916951859
0.8770248688113165
0.877138945927447
0.8835272644307552
0.8836413415468858
0.8837554186630162
0.8838694957791468
0.8839835728952773
0.8840976500114077
0.8842117271275383
0.8843258042436688
0.8844398813597992
0.8845539584759298
0.8846680355920603
0.8847821127081907
0.8848961898243213
0.8850102669404517
0.8851243440565822
0.8852384211727128
0.8853524982888432
0.8854665754049738
0.8855806525211043
0.8856947296372347
0.8858088067533653
0.8859228838694958
0.8860369609856262
0.8861510381017568
0.8862651152178873
0.8863791923340179
0.8864932694501484
0.8866073465662789
0.8867214236824094
0.8868355007985399
0.8869495779146703
0.8870636550308009
0.8871777321469314
0.8872918092630618
0.8874058863791924
0.8875199634953229
0.8876340406114533
0.8910563540953685
0.8911704312114991
0.8912845083276295
0.89139858544376
0.8915126625598905
0.891626739676021
0.8917408167921516
0.891854893908282
0.8919689710244125
0.8957335158567191
0.8958475929728497
0.8959616700889802
0.8960757472051106
0.8961898243212412
0.8963039014373717
0.9125028519279034
0.9126169290440338
0.9212867898699522
0.9214008669860826
0.9215149441022131
0.9216290212183437
0.9217430983344741
0.9218571754506046
0.9219712525667352
0.9220853296828656
0.9221994067989961
0.9223134839151267
0.9224275610312571
0.9225416381473877
0.9226557152635182
0.9237964864248233
0.9239105635409538
0.9240246406570842
0.9241387177732148
0.9242527948893453
0.9243668720054757
0.9244809491216063
0.9245950262377368
0.9247091033538672
0.9248231804699978
0.9249372575861283
0.9250513347022588
0.9251654118183893
0.9252794889345197
0.9253935660506503
0.9255076431667808
0.9256217202829112
0.9257357973990418
0.9258498745151723
0.9259639516313027
0.9260780287474333
0.9261921058635638
0.9263061829796942
0.9264202600958248
0.9265343372119553
0.9266484143280858
0.9267624914442163
0.9268765685603468
0.9269906456764773
0.9271047227926078
0.9272187999087383
0.9273328770248689
0.9274469541409994
0.9275610312571299
0.9276751083732604
0.9277891854893909
0.9279032626055214
0.9612137805156287
0.9613278576317592
0.9634953228382386
0.9636093999543691
0.9637234770704997
0.9662331736253708
0.9663472507415013
0.9664613278576318
0.9665754049737624
0.9666894820898927
0.9668035592060232
0.9669176363221538
0.9670317134382843
0.9671457905544149
0.9672598676705454
0.9699977184576773
0.9701117955738079
0.9702258726899384
0.970339949806069
0.9704540269221995
0.9705681040383298
0.9706821811544604
0.9707962582705909
0.9709103353867214
0.971024412502852
0.9741044946383756
0.9742185717545061
0.9743326488706366
0.9795801962126398
0.9796942733287702
0.9798083504449008
0.9799224275610313
0.9800365046771619
0.9801505817932924
0.9802646589094229
0.9803787360255533
0.9804928131416838
0.9806068902578143
0.9807209673739449
0.9808350444900754
0.983915126625599
0.9840292037417295
0.9841432808578601
0.9842573579739904
0.9843714350901209
0.9844855122062515
0.984599589322382
0.9895049053159936
0.9896189824321241
0.9897330595482546
0.9898471366643852
0.9899612137805157
0.990075290896646
0.9901893680127766
0.9903034451289071
0.9904175222450377
0.9905315993611682
0.04757015742642026
0.04768423454255076
0.04779831165868127
0.04791238877481177
0.051106548026465894
0.0512206251425964
0.05144877937485741
0.05156285649098791
0.05167693360711842
0.05190508783937942
0.05201916495550993
0.05213324207164043
0.05224731918777094
0.05236139630390144
0.05247547342003194
0.053730321697467484
0.055441478439425054
0.05555555555555556
0.055669632671686065
0.05578370978781656
0.055897786903947075
0.05601186402007757
0.05635409536846909
0.056468172484599594
0.0565822496007301
0.0566963267168606
0.05681040383299111
0.05692448094912161
0.059434177503992706
0.07049965776865161
0.0706137348847821
0.07072781200091262
0.07084188911704313
0.07095596623317363
0.07107004334930413
0.07118412046543464
0.07129819758156514
0.08281998631074608
0.08441706593657312
0.08453114305270362
0.08464522016883413
0.10871549167237053
0.10882956878850103
0.3293406342687657
0.32945471138489624
0.3295687885010267
0.3296828656171572
0.32979694273328775
0.32991101984941823
0.3300250969655487
0.33013917408167925
0.33025325119780974
0.3303673283139402
0.3304814054300707
0.33059548254620125
0.33652749258498743
0.33664156970111797
0.33675564681724846
0.336869723933379
0.3369838010495095
0.33709787816564
0.3372119552817705
0.337326032397901
0.3374401095140315
0.338010495094684
0.3381245722108145
0.33823864932694503
0.3386949577914671
0.33880903490759756
0.33892311202372805
0.34496919917864477
0.3450832762947753
0.3451973534109058
0.3453114305270363
0.34542550764316676
0.3455395847592973
0.34668035592060237
0.34679443303673285
0.34690851015286334
0.3470225872689939
0.34713666438512436
0.3503308236367785
0.350444900752909
0.3505589778690395
0.35067305498517
0.87554186630162
0.03684690851015286
0.03696098562628337
0.04916723705224732
0.06844626967830254
0.07723020762035136
0.08829568788501027
0.08840976500114078
0.09890485968514716
0.10027378507871322
0.10038786219484372
0.10050193931097422
0.10061601642710473
0.10073009354323523
0.10175678758840977
0.33641341546885695
-0.03639060004563085
-0.045630846452201695
-0.045744923568332194
-0.0593201003878622
-0.06901665525895506
-0.06924480949121606
-0.06935888660734657
-0.06947296372347707
-0.06970111795573808
-0.06981519507186859
-0.06992927218799909
-0.07004334930412959
-0.0726671229751312
-0.07665982203969883
-0.07677389915582936
-0.07688797627195985
-0.08122290668491901
-0.0813369838010495
-0.09297284964636093
-0.09308692676249146
-0.09320100387862196
-0.09696554871092859
-0.09707962582705909
-0.09719370294318959
-0.09753593429158111
-0.09765001140771161
-0.09901893680127766
-0.09913301391740817
-0.10323979009810631
-0.10335386721423684
-0.10346794433036734
-0.10358202144649784
-0.10369609856262833
-0.10381017567875885
-0.10392425279488936
-0.10403832991101986
-0.10415240702715035
-0.10426648414328087
-0.10438056125941136
-0.10449463837554188
-0.10460871549167237
-0.10723248916267397
-0.10734656627880447
-0.036504677161761354
-0.03661875427789186
-0.04209445585215606
-0.04220853296828656
-0.04232261008441707
-0.04243668720054757
-0.04255076431667807
-0.04266484143280858
-0.0432352270134611
-0.043349304129591607
-0.043463381245722105
-0.043691535477983115
-0.04528861510381017
-0.045402692219940685
-0.04551676933607118
-0.045630846452201695
-0.045744923568332194
-0.0458590006844627
-0.06582249600730093
-0.07004334930412959
-0.0701574264202601
-0.07198266027834817
-0.07209673739447868
-0.07243896874287017
-0.07255304585900069
-0.0726671229751312
-0.0727812000912617
-0.0728952772073922
-0.07300935432352271
-0.0731234314396532
-0.07323750855578372
-0.07380789413643624
-0.0754049737622633
-0.07551905087839379
-0.0756331279945243
-0.0757472051106548
-0.07586128222678531
-0.07597535934291581
-0.07620351357517682
-0.07631759069130734
-0.07665982203969883
-0.07677389915582936
-0.07688797627195985
-0.07791467031713438
-0.07802874743326489
-0.0781428245493954
-0.0782569016655259
-0.0783709787816564
-0.0784850558977869
-0.07859913301391741
-0.07871321013004792
-0.07882728724617842
-0.07894136436230892
-0.07905544147843942
-0.08031028975587497
-0.08042436687200548
-0.08053844398813599
-0.08065252110426649
-0.08076659822039699
-0.08088067533652749
-0.08099475245265801
-0.08110882956878851
-0.08122290668491901
-0.0813369838010495
-0.08145106091718002
-0.08156513803331052
-0.08167921514944103
-0.08749714807209674
-0.09822039698836414
-0.09833447410449464
-0.09844855122062514
-0.09856262833675565
-0.09890485968514716
-0.09924709103353868
-0.10335386721423684
-0.10346794433036734
-0.10358202144649784
-0.10369609856262833
-0.10381017567875885
-0.10392425279488936
-0.10403832991101986
-0.10415240702715035
-0.10426648414328087
-0.10438056125941136
-0.10449463837554188
-0.10460871549167237
-0.10472279260780289
-0.10483686972393338
-0.10495094684006388
-0.10506502395619438
-0.1051791010723249
-0.10734656627880447
-0.10746064339493497
-0.03604836869723934
-0.045174537987679675
-0.06536618754277893
-0.06548026465890942
-0.06559434177503994
-0.06867442391056354
-0.06878850102669404
-0.06890257814282455
-0.06901665525895506
-0.06913073237508556
-0.06924480949121606
-0.06935888660734657
-0.06947296372347707
-0.06958704083960758
-0.06970111795573808
-0.06981519507186859
-0.07221081451060918
-0.07232489162673968
-0.07243896874287017
-0.07255304585900069
-0.0726671229751312
-0.0727812000912617
-0.0728952772073922
-0.07300935432352271
-0.0731234314396532
-0.07323750855578372
-0.07551905087839379
-0.0756331279945243
-0.0757472051106548
-0.07620351357517682
-0.07631759069130734
-0.07643166780743783
-0.07711613050422085
-0.07723020762035136
-0.07734428473648186
-0.07745836185261237
-0.07757243896874287
-0.07768651608487338
-0.07780059320100388
-0.07791467031713438
-0.07802874743326489
-0.0781428245493954
-0.0783709787816564
-0.07871321013004792
-0.07882728724617842
-0.07894136436230892
-0.08031028975587497
-0.08042436687200548
-0.08053844398813599
-0.08065252110426649
-0.08076659822039699
-0.08088067533652749
-0.08704083960757474
-0.08715491672370523
-0.09354323522701347
-0.09365731234314398
-0.09377138945927448
-0.09388546657540497
-0.09399954369153549
-0.09411362080766598
-0.09593885466575405
-0.09605293178188457
-0.10301163586584532
-0.10312571298197581
-0.10323979009810631
-0.10335386721423684
-0.10346794433036734
-0.10358202144649784
-0.10369609856262833
-0.10381017567875885
-0.10392425279488936
-0.10403832991101986
-0.10415240702715035
-0.10426648414328087
-0.10438056125941136
-0.10483686972393338
-0.10495094684006388
-0.10506502395619438
-0.1051791010723249
-0.10689025781428246
-0.10700433493041296
-0.10860141455624002
-0.10962810860141456
-0.10974218571754506
-0.13107460643394936
-0.13118868355007987
-0.13164499201460186
-0.13175906913073238
-0.1318731462468629
-0.13198722336299337
-0.13301391740816793
-0.13312799452429844
-0.13324207164042895
-0.13335614875655943
-0.13347022587268995
-0.04460415240702715
-0.044946383755418665
-0.04506046087154917
-0.045174537987679675
-0.04528861510381017
-0.04677161761350673
-0.04688569472963724
-0.04699977184576774
-0.04711384896189824
-0.04802646589094228
-0.04814054300707278
-0.048254620123203286
-0.04939539128450833
-0.04985169974903035
-0.04996577686516085
-0.05179101072324892
-0.05601186402007757
-0.05612594113620808
-0.06913073237508556
-0.07118412046543464
-0.07392197125256673
-0.07403604836869725
-0.07415012548482774
-0.07757243896874287
-0.07768651608487338
-0.07780059320100388
-0.07916951859456993
-0.09183207848505591
-0.09194615560118641
-0.0920602327173169
-0.09217430983344742
-0.09228838694957792
-0.09240246406570841
-0.09251654118183893
-0.09263061829796944
-0.09274469541409994
-0.09285877253023044
-0.09297284964636093
-0.09308692676249146
-0.09320100387862196
-0.09331508099475246
-0.09354323522701347
-0.09365731234314398
-0.09605293178188457
-0.10118640200775725
-0.10130047912388775
-0.10164271047227927
-0.10175678758840977
-0.10187086470454026
-0.10232717316906229
-0.10301163586584532
-0.10312571298197581
-0.10506502395619438
-0.1051791010723249
-0.1052931781884554
-0.1054072553045859
-0.1055213324207164
-0.1056354095368469
-0.10574948665297743
-0.10586356376910792
-0.1187542778918549
-0.11886835500798541
-0.1189824321241159
-0.11909650924024641
-0.12023728040155146
-0.1211498973305955
-0.12160620579511751
-0.12206251425963952
-0.12217659137577003
-0.12308920830481407
-0.12354551676933608
-0.12365959388546659
-0.12377367100159707
-0.1238877481177276
-0.12400182523385808
-0.1241159023499886
-0.1242299794661191
-0.1243440565822496
-0.1245722108145106
-0.12468628793064111
-0.12480036504677164
-0.12548482774355466
-0.12559890485968517
-0.12571298197581565
-0.12582705909194616
-0.12594113620807668
-0.12605521332420716
-0.12616929044033767
-0.12628336755646816
-0.12639744467259867
-0.1265115217887292
-0.1266255989048597
-0.12867898699520877
-0.12879306411133926
-0.12890714122746977
-0.12902121834360028
-0.12913529545973076
-0.1292493725758613
-0.1293634496919918
-0.1294775268081223
-0.1295916039242528
-0.1297056810403833
-0.1298197581565138
-0.1299338352726443
-0.13061829796942734
-0.13073237508555785
-0.13141683778234087
-0.13153091489847138
-0.1324435318275154
-0.1325576089436459
-0.13267168605977642
-0.1327857631759069
-0.1328998402920374
-0.13301391740816793
-0.1911932466347251
-0.19130732375085557
-0.038329911019849415
-0.043463381245722105
-0.04665754049737623
-0.04677161761350673
-0.04722792607802875
-0.04791238877481177
-0.05042208532968286
-0.05179101072324892
-0.05190508783937942
-0.07380789413643624
-0.0944558521560575
-0.09571070043349304
-0.10084417065936573
-0.10095824777549624
-0.10198494182067078
-0.10209901893680129
-0.10221309605293179
-0.10232717316906229
-0.1024412502851928
-0.1025553274013233
-0.10266940451745381
-0.1027834816335843
-0.10289755874971482
-0.10301163586584532
-0.10312571298197581
-0.10358202144649784
-0.10369609856262833
-0.10381017567875885
-0.10392425279488936
-0.10403832991101986
-0.10415240702715035
-0.11133926534337213
-0.11236595938854667
-0.11248003650467717
-0.11259411362080766
-0.11270819073693818
-0.11362080766598222
-0.11373488478211272
-0.11670088980150582
-0.11784166096281086
-0.11795573807894137
-0.11806981519507188
-0.11818389231120237
-0.11943874058863793
-0.11955281770476842
-0.11966689482089894
-0.11978097193702943
-0.11989504905315994
-0.12000912616929045
-0.12023728040155146
-0.12035135751768195
-0.12046543463381246
-0.12057951174994297
-0.12069358886607347
-0.12080766598220398
-0.12263289984029203
-0.12274697695642255
-0.12286105407255306
-0.12297513118868356
-0.12308920830481407
-0.12331736253707506
-0.12616929044033767
-0.1269678302532512
-0.1270819073693817
-0.1271959844855122
-0.12742413871777322
-0.12753821583390373
-0.12765229295003422
-0.12776637006616473
-0.12788044718229524
-0.12799452429842573
-0.12810860141455624
-0.12822267853068672
-0.12833675564681726
-0.12845083276294778
-0.12856490987907826
-0.1297056810403833
-0.1298197581565138
-0.1299338352726443
-0.1300479123887748
-0.13016198950490532
-0.13027606662103583
-0.13039014373716634
-0.13050422085329683
-0.13198722336299337
-0.1321013004791239
-0.1322153775952544
-0.1323294547113849
-0.1324435318275154
-0.1325576089436459
-0.13267168605977642
-0.1327857631759069
-0.15103810175678758
-0.1511521788729181
-0.1512662559890486
-0.1513803331051791
-0.1514944102213096
-0.15160848733744012
-0.15172256445357063
-0.15183664156970114
-0.15195071868583163
-0.15206479580196214
-0.15217887291809262
-0.15229295003422313
-0.22724161533196444
-0.038786219484371436
-0.03890029660050194
-0.05224731918777094
-0.05315993611681497
-0.05327401323294547
-0.053388090349075976
-0.053844398813597996
-0.05430070727812001
-0.054414784394250515
-0.05452886151038102
-0.07620351357517682
-0.07654574492356833
-0.10095824777549624
-0.10107232489162675
-0.10118640200775725
-0.10130047912388775
-0.10141455624001824
-0.10152863335614877
-0.10164271047227927
-0.10175678758840977
-0.10198494182067078
-0.10209901893680129
-0.10221309605293179
-0.10232717316906229
-0.1024412502851928
-0.1025553274013233
-0.10266940451745381
-0.1027834816335843
-0.10289755874971482
-0.10301163586584532
-0.10312571298197581
-0.10323979009810631
-0.10335386721423684
-0.10369609856262833
-0.1055213324207164
-0.1056354095368469
-0.10574948665297743
-0.10586356376910792
-0.015172256445357062
-0.039014373716632446
-0.03924252794889345
-0.03947068218115446
-0.039584759297284965
-0.040269221994067995
-0.040611453342459504
-0.04072553045859001
-0.040839607574720514
-0.04095368469085102
-0.04106776180698152
-0.04118183892311203
-0.04129591603924253
-0.043691535477983115
-0.04403376682637463
-0.09924709103353868
-0.09936116814966918
-0.09947524526579968
-0.09958932238193019
-0.0997033994980607
-0.0998174766141912
-0.0999315537303217
-0.1000456308464522
-0.10015970796258271
-0.10027378507871322
-0.10038786219484372
-0.10095824777549624
-0.10107232489162675
-0.10118640200775725
-0.10130047912388775
-0.10141455624001824
-0.10152863335614877
-0.10164271047227927
-0.10175678758840977
-0.10187086470454026
-0.10198494182067078
-0.10209901893680129
-0.10289755874971482
-0.10312571298197581
-0.10323979009810631
-0.10335386721423684
-0.10346794433036734
-0.10358202144649784
-0.10369609856262833
-0.10381017567875885
-0.10392425279488936
-0.10403832991101986
-0.10415240702715035
-0.10426648414328087
-0.10438056125941136
-0.10449463837554188
-0.10460871549167237
-0.10472279260780289
-0.10483686972393338
-0.10495094684006388
-0.10506502395619438
-0.1051791010723249
-0.1052931781884554
-0.1054072553045859
-0.1055213324207164
-0.1056354095368469
-0.10574948665297743
-0.10586356376910792
-0.10597764088523842
-0.10609171800136892
-0.1293634496919918
-0.038786219484371436
-0.03935660506502396
-0.039584759297284965
-0.03969883641341547
-0.039812913529545975
-0.03992699064567648
-0.040041067761806985
-0.04106776180698152
-0.04129591603924253
-0.04140999315537304
-0.04152407027150354
-0.04163814738763404
-0.09012092174309834
-0.09023499885922884
-0.09034907597535935
-0.09046315309148985
-0.09057723020762035
-0.0946840063883185
-0.094798083504449
-0.09491216062057951
-0.09673739447866758
-0.09719370294318959
-0.09730778005932011
-0.09742185717545061
-0.09753593429158111
-0.09765001140771161
-0.09776408852384212
-0.09787816563997263
-0.09799224275610313
-0.09810631987223363
-0.09822039698836414
-0.09833447410449464
-0.09890485968514716
-0.10107232489162675
-0.10118640200775725
-0.10130047912388775
-0.10141455624001824
-0.10152863335614877
-0.10164271047227927
-0.10175678758840977
-0.10187086470454026
-0.10198494182067078
-0.10209901893680129
-0.10221309605293179
-0.10232717316906229
-0.10301163586584532
-0.10312571298197581
-0.10323979009810631
-0.10335386721423684
-0.10346794433036734
-0.10358202144649784
-0.10369609856262833
-0.10381017567875885
-0.10449463837554188
-0.10460871549167237
-0.10472279260780289
-0.11202372804015515
-0.11430527036276524
-0.11441934747889573
-0.2596395163130276
-0.2597535934291581
-0.03867214236824093
-0.038786219484371436
-0.03912845083276295
-0.03969883641341547
-0.04152407027150354
-0.04163814738763404
-0.04175222450376455
-0.07049965776865161
-0.07084188911704313
-0.07107004334930413
-0.08658453114305271
-0.09194615560118641
-0.09217430983344742
-0.09228838694957792
-0.09240246406570841
-0.09274469541409994
-0.09320100387862196
-0.09342915811088295
-0.09365731234314398
-0.09377138945927448
-0.09388546657540497
-0.0946840063883185
-0.09491216062057951
-0.09514031485284052
-0.09525439196897102
-0.09559662331736254
-0.09571070043349304
-0.09582477754962354
-0.09593885466575405
-0.09605293178188457
-0.09616700889801506
-0.09628108601414556
-0.09639516313027607
-0.09650924024640657
-0.09662331736253707
-0.09673739447866758
-0.0968514715947981
-0.1024412502851928
-0.10266940451745381
-0.1027834816335843
-0.10289755874971482
-0.10301163586584532
-0.10939995436915356
-0.1105407255304586
-0.1109970339949806
-0.11133926534337213
-0.11156741957563313
-0.11179557380789415
-0.11236595938854667
-0.11248003650467717
-0.1131644992014602
-0.1133926534337212
-0.11384896189824321
-0.11464750171115674
-0.11476157882728726
-0.11487565594341775
