0.25634847080630213
0.25653382761816496
0.25801668211306766
0.2582020389249305
0.2746987951807229
0.27488415199258576
0.2750695088044485
0.2752548656163114
0.27599629286376276
0.34402224281742355
0.3442075996292864
0.3443929564411492
0.344578313253012
0.34476367006487485
0.34494902687673773
0.34513438368860055
0.3453197405004634
0.3455050973123262
0.3620018535681186
0.3621872103799815
0.3623725671918443
0.3625579240037072
0.36274328081556995
0.3629286376274328
0.36311399443929565
0.3632993512511585
0.3634847080630213
0.3636700648748842
0.363855421686747
0.36404077849860983
0.36422613531047265
0.3644114921223355
0.3645968489341983
0.3647822057460612
0.364967562557924
0.36515291936978683
0.36533827618164966
0.3655236329935125
0.36570898980537536
0.3658943466172382
0.366079703429101
0.36626506024096384
0.3664504170528267
0.3666357738646895
0.36682113067655236
0.3670064874884152
0.36719184430027807
0.36737720111214084
0.3675625579240037
0.36774791473586654
0.6941612604263206
0.6943466172381836
0.6945319740500463
0.6947173308619091
0.694902687673772
0.6950880444856349
0.6952734012974977
0.6954587581093605
0.6956441149212234
0.6958294717330862
0.7039851714550509
0.7041705282669137
0.7043558850787767
0.7045412418906395
0.7047265987025023
0.7049119555143651
0.705097312326228
0.7052826691380908
0.7054680259499536
0.7056533827618164
0.7058387395736794
0.7060240963855422
0.706209453197405
0.7063948100092678
0.7065801668211307
0.7067655236329935
0.7718257645968489
0.7720111214087118
0.7721964782205746
0.7723818350324374
0.7866543095458759
0.7868396663577387
0.7870250231696015
0.7872103799814644
0.7873957367933271
0.7875810936051899
0.8491195551436514
0.8493049119555143
0.8908248378127896
0.35662650602409635
0.3568118628359592
0.35699721964782205
0.3577386468952734
0.35792400370713623
0.35810936051899905
0.35829471733086193
0.35848007414272476
0.3586654309545876
0.3588507877664504
0.35903614457831323
0.3592215013901761
0.35940685820203894
0.35959221501390176
0.3597775718257646
0.3599629286376274
0.36014828544949024
0.3603336422613531
0.36163113994439294
0.3618164967562558
0.3620018535681186
0.3621872103799815
0.3623725671918443
0.3625579240037072
0.3629286376274328
0.36311399443929565
0.3632993512511585
0.3634847080630213
0.3636700648748842
0.363855421686747
0.36404077849860983
0.36422613531047265
0.3644114921223355
0.3645968489341983
0.3684893419833179
0.3686746987951807
0.36886005560704355
0.36904541241890637
0.36923076923076925
0.3694161260426321
0.3696014828544949
0.3697868396663577
0.3768303985171455
0.37701575532900833
0.3772011121408712
0.377386468952734
0.37757182576459686
0.3777571825764597
0.3779425393883225
0.37812789620018533
0.3783132530120482
0.37849860982391104
0.37868396663577386
0.3788693234476367
0.3792400370713624
0.3794253938832252
0.37961075069508804
0.37979610750695086
0.37998146431881374
0.38016682113067657
0.6552363299351252
0.655421686746988
0.6556070435588508
0.6669138090824838
0.6670991658943466
0.6672845227062094
0.6674698795180724
0.6676552363299352
0.6678405931417979
0.6815569972196478
0.6817423540315106
0.6819277108433734
0.6821130676552364
0.6822984244670992
0.6824837812789619
0.6826691380908249
0.6828544949026877
0.6830398517145505
0.6832252085264133
0.6834105653382762
0.6835959221501391
0.6837812789620018
0.6839666357738646
0.6845227062094532
0.684708063021316
0.6908248378127896
0.6910101946246524
0.6943466172381836
0.694902687673772
0.6950880444856349
0.6952734012974977
0.6954587581093605
0.6956441149212234
0.6958294717330862
0.696014828544949
0.6962001853568118
0.6963855421686747
0.6973123262279889
0.6974976830398517
0.6976830398517145
0.6978683966635774
0.6980537534754402
0.6982391102873031
0.6984244670991658
0.6986098239110287
0.7002780352177942
0.7036144578313254
0.7037998146431881
0.7039851714550509
0.7041705282669137
0.7043558850787767
0.7045412418906395
0.7047265987025023
0.7049119555143651
0.7065801668211307
0.7067655236329935
0.7069508804448563
0.7071362372567191
0.707321594068582
0.7075069508804449
0.7076923076923077
0.7078776645041704
0.7080630213160334
0.7082483781278962
0.708433734939759
0.7086190917516219
0.7088044485634847
0.7089898053753476
0.7091751621872103
0.710658016682113
0.7108433734939759
0.7110287303058387
0.7112140871177016
0.7113994439295644
0.7115848007414273
0.7119555143651529
0.7121408711770157
0.7123262279888786
0.7125115848007414
0.7126969416126042
0.7154772937905468
0.7156626506024096
0.7158480074142725
0.7160333642261353
0.7191844300278035
0.7193697868396663
0.7195551436515292
0.7232622798887859
0.7362372567191844
0.7364226135310472
0.7366079703429101
0.754772937905468
0.7549582947173309
0.7551436515291937
0.7553290083410565
0.7555143651529194
0.7556997219647822
0.755885078776645
0.7560704355885078
0.7562557924003707
0.7564411492122335
0.7566265060240964
0.7568118628359592
0.7569972196478221
0.7571825764596849
0.7573679332715477
0.7575532900834105
0.7577386468952734
0.7579240037071362
0.770713623725672
0.7708989805375348
0.7710843373493976
0.7712696941612603
0.7714550509731232
0.771640407784986
0.7718257645968489
0.7720111214087118
0.7721964782205746
0.7723818350324374
0.7725671918443002
0.7727525486561632
0.772937905468026
0.7731232622798888
0.7733086190917516
0.7734939759036145
0.7736793327154774
0.7738646895273402
0.7740500463392029
0.7742354031510658
0.7744207599629286
0.7746061167747914
0.7747914735866542
0.7749768303985172
0.77516218721038
0.7753475440222428
0.7790546802594996
0.7792400370713625
0.7794253938832251
0.7868396663577387
0.7870250231696015
0.7872103799814644
0.7873957367933271
0.8270620945319741
0.8272474513438369
0.8274328081556996
0.8276181649675625
0.8278035217794253
0.8279888785912882
0.828174235403151
0.8283595922150139
0.8285449490268767
0.8287303058387395
0.8289156626506025
0.8291010194624653
0.8292863762743281
0.8294717330861909
0.8296570898980538
0.8298424467099167
0.8302131603336422
0.8318813716404078
0.8444856348470806
0.8494902687673771
0.8646895273401298
0.8648748841519925
0.8650602409638554
0.8656163113994438
0.8658016682113068
0.8659870250231696
0.8661723818350324
0.8663577386468952
0.8665430954587581
0.866728452270621
0.8669138090824838
0.8745134383688601
0.8746987951807229
0.8754402224281743
0.875625579240037
0.8758109360518999
0.8759962928637627
0.8782205746061167
0.8784059314179795
0.8785912882298423
0.8787766450417053
0.8789620018535681
0.8791473586654309
0.8793327154772937
0.8795180722891566
0.8797034291010195
0.8798887859128823
0.8800741427247452
0.8908248378127896
0.8910101946246525
0.8911955514365153
0.8913809082483782
0.8943466172381834
0.3777571825764597
0.3779425393883225
0.37812789620018533
0.3783132530120482
0.37849860982391104
0.37868396663577386
0.3957367933271548
0.398887859128823
0.3990732159406858
0.3992585727525486
0.3994439295644115
0.3996292863762743
0.4003707136237256
0.4005560704355885
0.4007414272474513
0.40092678405931415
0.46709916589434664
0.4672845227062094
0.46895273401297494
0.4691380908248378
0.4706209453197405
0.47080630213160335
0.4709916589434662
0.47117701575532894
0.4713623725671918
0.47154772937905465
0.4717330861909175
0.4743280815569972
0.47451343836886006
0.4746987951807229
0.47488415199258577
0.4750695088044486
0.47525486561631136
0.4754402224281742
0.47562557924003707
0.4758109360518999
0.47599629286376277
0.4761816496756256
0.4763670064874884
0.4854494902687674
0.48563484708063026
0.4858202038924931
0.48600556070435585
0.4861909175162187
0.48637627432808156
0.4865616311399444
0.48674698795180726
0.4869323447636701
0.49212233549582945
0.49230769230769234
0.49249304911955516
0.49267840593141793
0.4928637627432808
0.49304911955514363
0.49323447636700646
0.49341983317886934
0.49360518999073216
0.49379054680259504
0.4939759036144578
0.49416126042632064
0.49434661723818346
0.49453197405004634
0.49471733086190917
0.49490268767377205
0.49508804448563487
0.49527340129749764
0.49545875810936046
0.49564411492122334
0.49582947173308617
0.49601482854494905
0.4973123262279889
0.5165894346617238
0.5167747914735866
0.5169601482854495
0.5171455050973123
0.5173308619091752
0.517516218721038
0.5177015755329009
0.5512511584800742
0.5514365152919369
0.5516218721037998
0.5518072289156626
0.5519925857275255
0.5521779425393883
0.5523632993512512
0.5777571825764597
0.5779425393883225
0.5781278962001853
0.5783132530120482
0.578498609823911
0.5812789620018536
0.5814643188137164
0.5816496756255792
0.5818350324374421
0.582020389249305
0.5822057460611677
0.5823911028730305
0.5825764596848934
0.5827618164967563
0.5829471733086191
0.5831325301204819
0.5833178869323448
0.673401297497683
0.7032437442075996
0.7034291010194624
0.7036144578313254
0.7093605189990732
0.709545875810936
0.7097312326227989
0.7099165894346617
0.7101019462465246
0.7102873030583874
0.7104726598702502
0.710658016682113
0.7126969416126042
0.7128822984244672
0.71306765523633
0.7132530120481927
0.7134383688600556
0.7136237256719185
0.7138090824837813
0.7139944392956441
0.7141797961075069
0.7143651529193699
0.7145505097312326
0.7147358665430954
0.7149212233549582
0.7151065801668212
0.7210379981464319
0.7260426320667285
0.7262279888785913
0.7317886932344764
0.7319740500463392
0.732159406858202
0.7323447636700648
0.7325301204819277
0.7327154772937906
0.7329008341056534
0.7330861909175163
0.733271547729379
0.7334569045412419
0.7336422613531047
0.7338276181649676
0.7340129749768304
0.7341983317886932
0.7343836886005561
0.7345690454124189
0.7347544022242817
0.7349397590361445
0.7351251158480074
0.7353104726598703
0.7358665430954587
0.7360518999073216
0.7362372567191844
0.7364226135310472
0.7366079703429101
0.736793327154773
0.7369786839666358
0.7371640407784986
0.7373493975903614
0.7375347544022243
0.7377201112140871
0.7379054680259499
0.7380908248378127
0.7401297497683039
0.7405004633920297
0.7406858202038925
0.7408711770157553
0.7410565338276182
0.741241890639481
0.7414272474513438
0.7416126042632066
0.7417979610750695
0.7419833178869324
0.7421686746987952
0.742354031510658
0.7425393883225208
0.7427247451343837
0.7429101019462465
0.7430954587581093
0.7432808155699722
0.743466172381835
0.7436515291936979
0.7438368860055607
0.7440222428174235
0.7442075996292864
0.7443929564411492
0.744578313253012
0.7571825764596849
0.7573679332715477
0.7575532900834105
0.7577386468952734
0.7579240037071362
0.7581093605189991
0.758294717330862
0.7584800741427248
0.7586654309545875
0.7588507877664504
0.7590361445783133
0.7592215013901761
0.7594068582020389
0.7595922150139017
0.7601482854494903
0.7603336422613531
0.760518999073216
0.7607043558850787
0.7608897126969415
0.7610750695088044
0.7612604263206673
0.7614457831325301
0.7616311399443929
0.7618164967562557
0.7620018535681187
0.7621872103799815
0.7623725671918443
0.7625579240037071
0.76274328081557
0.7629286376274329
0.7631139944392957
0.7747914735866542
0.7749768303985172
0.77516218721038
0.7753475440222428
0.7755329008341056
0.7757182576459685
0.7759036144578314
0.7823911028730305
0.8278035217794253
0.8279888785912882
0.828174235403151
0.8283595922150139
0.8285449490268767
0.8287303058387395
0.8289156626506025
0.8291010194624653
0.8292863762743281
0.8294717330861909
0.8296570898980538
0.8298424467099167
0.8300278035217795
0.8302131603336422
0.830398517145505
0.8305838739573679
0.8309545875810935
0.8367006487488415
0.8821130676552363
0.8822984244670992
0.882483781278962
0.8826691380908248
0.8828544949026877
0.9115848007414272
0.91177015755329
0.9974050046339203
0.36719184430027807
0.36737720111214084
0.3675625579240037
0.36774791473586654
0.36793327154772937
0.3681186283595922
0.3683039851714551
0.3684893419833179
0.3686746987951807
0.36886005560704355
0.36904541241890637
0.36923076923076925
0.3694161260426321
0.3696014828544949
0.3697868396663577
0.3725671918443003
0.3727525486561631
0.37293790546802597
0.3731232622798888
0.3733086190917516
0.37349397590361444
0.377386468952734
0.37757182576459686
0.3777571825764597
0.3779425393883225
0.37812789620018533
0.3783132530120482
0.37849860982391104
0.37868396663577386
0.3788693234476367
0.37905468025949957
0.4367006487488415
0.4702502316960148
0.47043558850787764
0.4706209453197405
0.47377201112140876
0.47395736793327153
0.47414272474513436
0.4743280815569972
0.4750695088044486
0.47525486561631136
0.4785912882298424
0.4787766450417053
0.47896200185356813
0.479147358665431
0.4793327154772937
0.4795180722891566
0.47970342910101943
0.4798887859128823
0.48007414272474513
0.480259499536608
0.48044485634847084
0.4806302131603336
0.48081556997219643
0.4810009267840593
0.48118628359592214
0.481371640407785
0.48155699721964784
0.48174235403151067
0.48192771084337344
0.4821130676552363
0.48229842446709914
0.482483781278962
0.48266913809082485
0.49101019462465245
0.49119555143651533
0.4913809082483781
0.4915662650602409
0.4917516218721038
0.49193697868396663
0.49212233549582945
0.49230769230769234
0.49249304911955516
0.49267840593141793
0.4928637627432808
0.49304911955514363
0.49323447636700646
0.49341983317886934
0.519740500463392
0.5210379981464318
0.5212233549582947
0.5214087117701576
0.5215940685820204
0.5217794253938832
0.521964782205746
0.5221501390176089
0.5223354958294717
0.5225208526413345
0.5227062094531975
0.5228915662650603
0.5230769230769231
0.5232622798887859
0.5234476367006488
0.5236329935125116
0.5247451343836885
0.5249304911955514
0.5251158480074143
0.5253012048192771
0.5254865616311399
0.5256719184430028
0.5258572752548657
0.5260426320667284
0.5262279888785912
0.5264133456904541
0.5410565338276181
0.541241890639481
0.6696941612604264
0.6698795180722892
0.670064874884152
0.6997219647822058
0.70064874884152
0.7008341056533828
0.7010194624652456
0.7012048192771084
0.7156626506024096
0.7158480074142725
0.7160333642261353
0.7162187210379981
0.7590361445783133
0.7592215013901761
0.8244670991658944
0.8246524559777573
0.82483781278962
0.8250231696014828
0.8252085264133456
0.8253938832252085
0.8255792400370713
0.8257645968489342
0.825949953660797
0.8300278035217795
0.8302131603336422
0.830398517145505
0.8305838739573679
0.8307692307692307
0.8309545875810935
0.8311399443929565
0.8313253012048193
0.8315106580166821
0.8316960148285449
0.8318813716404078
0.8320667284522707
0.8322520852641335
0.8326227988878592
0.8337349397590361
0.8370713623725672
0.83725671918443
0.837442075996293
0.3694161260426321
0.3696014828544949
0.3697868396663577
0.36997219647822055
0.3701575532900834
0.37034291010194625
0.3705282669138091
0.3707136237256719
0.37089898053753473
0.3710843373493976
0.3712696941612604
0.37145505097312326
0.3716404077849861
0.37182576459684896
0.37201112140871173
0.3721964782205746
0.37238183503243744
0.3725671918443003
0.4389249304911956
0.43911028730305834
0.43929564411492117
0.43948100092678405
0.4396663577386469
0.43985171455050975
0.4400370713623726
0.4402224281742354
0.4404077849860983
0.4533827618164968
0.4535681186283596
0.4537534754402225
0.4539388322520852
0.4559777571825765
0.46024096385542174
0.46042632066728456
0.46061167747914733
0.46079703429101015
0.47006487488415194
0.4709916589434662
0.4810009267840593
0.48118628359592214
0.481371640407785
0.48155699721964784
0.48174235403151067
0.48192771084337344
0.4821130676552363
0.48229842446709914
0.482483781278962
0.48266913809082485
0.48285449490268767
0.48303985171455055
0.49508804448563487
0.49527340129749764
0.49545875810936046
0.49564411492122334
0.49582947173308617
0.49601482854494905
0.4962001853568119
0.4963855421686747
0.49657089898053747
0.49675625579240035
0.49694161260426317
0.49712696941612605
0.4973123262279889
0.4974976830398517
0.4976830398517146
0.4978683966635774
0.4980537534754402
0.49823911028730306
0.4984244670991659
0.4986098239110287
0.4987951807228916
0.4989805375347544
0.4991658943466173
0.49935125115848006
0.4995366079703429
0.4997219647822057
0.4999073215940686
0.5000926784059314
0.5002780352177942
0.5004633920296572
0.5013901760889713
0.5045412418906395
0.5047265987025022
0.5049119555143651
0.5052826691380908
0.5054680259499537
0.5056533827618165
0.5058387395736794
0.5060240963855421
0.506209453197405
0.5254865616311399
0.5256719184430028
0.5258572752548657
0.5519925857275255
0.5521779425393883
0.5523632993512512
0.552548656163114
0.5527340129749768
0.5529193697868396
0.5531047265987025
0.5532900834105653
0.5534754402224282
0.553660797034291
0.5538461538461539
0.5540315106580167
0.5542168674698795
0.5544022242817424
0.5545875810936052
0.554772937905468
0.5549582947173308
0.5551436515291938
0.5553290083410566
0.5555143651529193
0.5556997219647821
0.5558850787766451
0.5560704355885079
0.5562557924003707
0.5564411492122335
0.5566265060240965
0.5568118628359592
0.556997219647822
0.5571825764596848
0.5573679332715478
0.5575532900834106
0.5577386468952734
0.5579240037071362
0.5581093605189991
0.5582947173308619
0.5584800741427247
0.5586654309545875
0.5588507877664505
0.5590361445783133
0.5592215013901761
0.5594068582020388
0.5595922150139018
0.5597775718257646
0.5599629286376274
0.5601482854494902
0.5603336422613531
0.5797961075069509
0.5799814643188137
0.5801668211306765
0.5803521779425393
0.5805375347544023
0.5807228915662651
0.5809082483781278
0.5810936051899908
0.5812789620018536
0.5814643188137164
0.5816496756255792
0.5818350324374421
0.582020389249305
0.5822057460611677
0.5823911028730305
0.5825764596848934
0.5827618164967563
0.5829471733086191
0.5831325301204819
0.5833178869323448
0.5835032437442076
0.5836886005560704
0.5838739573679332
0.5840593141797961
0.584244670991659
0.5844300278035218
0.5846153846153846
0.5848007414272474
0.5849860982391103
0.5851714550509731
0.585356811862836
0.5855421686746988
0.5857275254865616
0.8183503243744208
0.9369786839666359
0.9371640407784986
0.9373493975903614
0.9375347544022242
0.937720111214087
0.9379054680259499
0.9380908248378128
0.9382761816496756
0.9384615384615385
0.9386468952734013
0.9388322520852641
0.939017608897127
0.9540315106580166
0.9542168674698795
0.9544022242817424
0.9545875810936052
0.954772937905468
0.9549582947173308
0.42428174235403154
0.4244670991658943
0.43354958294717333
0.4337349397590362
0.4339202965708989
0.4341056533827618
0.4378127896200185
0.43799814643188134
0.44967562557924007
0.44986098239110284
0.4556070435588508
0.4557924003707136
0.4559777571825765
0.4561631139944393
0.45634847080630214
0.4698795180722891
0.4973123262279889
0.4974976830398517
0.4976830398517146
0.4978683966635774
0.4980537534754402
0.49823911028730306
0.4984244670991659
0.4986098239110287
0.4987951807228916
0.5036144578313253
0.5037998146431881
0.503985171455051
0.5041705282669138
0.5043558850787767
0.5045412418906395
0.5047265987025022
0.5049119555143651
0.505097312326228
0.5052826691380908
0.5054680259499537
0.5056533827618165
0.5058387395736794
0.5143651529193698
0.5145505097312326
0.5147358665430954
0.5542168674698795
0.5544022242817424
0.5545875810936052
0.554772937905468
0.5549582947173308
0.5551436515291938
0.5553290083410566
0.5555143651529193
0.5556997219647821
0.5558850787766451
0.5560704355885079
0.5562557924003707
0.5564411492122335
0.5566265060240965
0.5568118628359592
0.556997219647822
0.5571825764596848
0.5573679332715478
0.5575532900834106
0.5577386468952734
0.5579240037071362
0.5581093605189991
0.5582947173308619
0.5584800741427247
0.5586654309545875
0.5588507877664505
0.5590361445783133
0.5592215013901761
0.5594068582020388
0.5595922150139018
0.5597775718257646
0.5599629286376274
0.5601482854494902
0.5603336422613531
0.560518999073216
0.5607043558850788
0.5608897126969415
0.5610750695088044
0.5612604263206673
0.5614457831325301
0.561631139944393
0.5618164967562558
0.5620018535681187
0.5621872103799814
0.5623725671918443
0.5625579240037071
0.56274328081557
0.5629286376274328
0.5631139944392957
0.5632993512511585
0.5634847080630213
0.5636700648748841
0.563855421686747
0.5640407784986098
0.5642261353104726
0.5644114921223355
0.5645968489341984
0.5647822057460611
0.564967562557924
0.5651529193697868
0.5653382761816497
0.5655236329935125
0.5657089898053753
0.5658943466172383
0.566079703429101
0.5662650602409638
0.5664504170528266
0.5666357738646896
0.5668211306765524
0.5670064874884152
0.567191844300278
0.5673772011121408
0.5675625579240037
0.5723818350324374
0.5725671918443003
0.5727525486561631
0.5729379054680259
0.5731232622798887
0.5788693234476368
0.5790546802594996
0.5792400370713624
0.5794253938832252
0.579610750695088
0.5797961075069509
0.5799814643188137
0.5801668211306765
0.5803521779425393
0.5805375347544023
0.582020389249305
0.5822057460611677
0.7592215013901761
0.7594068582020389
0.7595922150139017
0.7597775718257647
0.7599629286376275
0.8680259499536608
0.8682113067655236
0.8685820203892493
0.8687673772011121
0.8698795180722892
0.8722891566265061
0.8845227062094532
0.884708063021316
0.8848934198331788
0.8850787766450418
0.8852641334569046
0.8856348470806302
0.8962001853568119
0.8963855421686747
0.9134383688600556
0.9136237256719184
0.9139944392956441
0.3959221501390176
0.3961075069508805
0.3962928637627433
0.3964782205746061
0.3966635773864689
0.3968489341983318
0.423725671918443
0.42391102873030584
0.4240963855421687
0.42428174235403154
0.4244670991658943
0.42465245597775714
0.42483781278962
0.42650602409638555
0.4266913809082484
0.42687673772011125
0.427062094531974
0.4278035217794254
0.42798887859128826
0.4342910101946246
0.4344763670064875
0.43466172381835033
0.45041705282669137
0.45060240963855425
0.45078776645041707
0.4524559777571826
0.4526413345690454
0.4528266913809082
0.4530120481927711
0.4531974050046339
0.45634847080630214
0.4565338276181649
0.4567191844300278
0.4569045412418906
0.4989805375347544
0.4991658943466173
0.49935125115848006
0.5041705282669138
0.5043558850787767
0.5045412418906395
0.5047265987025022
0.5049119555143651
0.505097312326228
0.5152919369786839
0.5645968489341984
0.5647822057460611
0.564967562557924
0.5651529193697868
0.5653382761816497
0.5731232622798887
0.5733086190917516
0.5734939759036145
0.5736793327154773
0.5738646895273402
0.5807228915662651
0.5809082483781278
0.5810936051899908
0.5812789620018536
0.5814643188137164
0.5816496756255792
0.5818350324374421
0.582020389249305
0.5822057460611677
0.5823911028730305
0.8309545875810935
0.8311399443929565
0.8524559777571825
0.8526413345690453
0.8528266913809083
0.8619091751621872
0.8674698795180724
0.867655236329935
0.8678405931417978
0.8680259499536608
0.8682113067655236
0.8683966635773864
0.8685820203892493
0.8687673772011121
0.868952734012975
0.8691380908248378
0.8693234476367007
0.8695088044485635
0.8843373493975903
0.884708063021316
0.8848934198331788
0.8850787766450418
0.8852641334569046
0.8854494902687674
0.8856348470806302
0.886005560704356
0.8867469879518072
0.88693234476367
0.8871177015755328
0.8873030583873958
0.8874884151992586
0.8876737720111214
0.8947173308619091
0.894902687673772
0.8950880444856348
0.8952734012974977
0.8954587581093605
0.8956441149212233
0.8958294717330862
0.8960148285449491
0.8962001853568119
0.8963855421686747
0.8965708989805375
0.8967562557924005
0.8969416126042631
0.8971269694161259
0.8973123262279888
0.8974976830398517
0.8976830398517145
0.8978683966635773
0.8980537534754403
0.8982391102873031
0.8984244670991659
0.8986098239110287
0.8987951807228916
0.8989805375347545
0.8991658943466173
0.8993512511584801
0.899536607970343
0.8997219647822057
0.8999073215940685
0.9000926784059313
0.9082483781278962
0.908433734939759
0.9086190917516218
0.9088044485634846
0.9104726598702502
0.910658016682113
0.9108433734939758
0.9110287303058386
0.9112140871177016
0.9113994439295644
0.9115848007414272
0.91177015755329
0.911955514365153
0.9121408711770158
0.9123262279888786
0.9125115848007415
0.9126969416126043
0.9128822984244672
0.9130676552363298
0.9132530120481926
0.9134383688600556
0.9136237256719184
0.9138090824837812
0.9139944392956441
0.9141797961075069
0.9143651529193698
0.9208526413345691
0.9210379981464318
0.9212233549582947
0.9214087117701575
0.9215940685820203
0.9217794253938831
0.9219647822057461
0.9221501390176089
0.9223354958294717
0.9225208526413345
0.9227062094531974
0.9228915662650603
0.9230769230769231
0.923262279888786
0.9234476367006488
0.9236329935125115
0.9238183503243743
0.9240037071362371
0.9241890639481001
0.9243744207599629
0.9245597775718257
0.9247451343836885
0.9249304911955514
0.9251158480074143
0.9253012048192771
0.92548656163114
0.9260426320667285
0.9262279888785914
0.9264133456904541
0.9265987025023169
0.9308619091751622
0.931047265987025
0.9312326227988879
0.9314179796107508
0.9316033364226136
0.9317886932344763
0.9319740500463392
0.932159406858202
0.936793327154773
0.9369786839666359
0.9371640407784986
0.9373493975903614
0.9375347544022242
0.937720111214087
0.9379054680259499
0.9380908248378128
0.9382761816496756
0.9384615384615385
0.9386468952734013
0.9388322520852641
0.939017608897127
0.9392029657089899
0.9393883225208527
0.9395736793327155
0.9397590361445782
0.939944392956441
0.9401297497683039
0.9403151065801668
0.9430954587581093
0.9432808155699721
0.943466172381835
0.9436515291936979
0.9438368860055607
0.9440222428174235
0.9442075996292864
0.9443929564411493
0.9445783132530121
0.9447636700648749
0.9449490268767378
0.9451343836886005
0.9453197405004633
0.9455050973123261
0.9456904541241891
0.9458758109360519
0.9460611677479147
0.9462465245597775
0.9464318813716404
0.9466172381835033
0.9468025949953661
0.946987951807229
0.9471733086190918
0.9473586654309546
0.9475440222428175
0.9477293790546801
0.9479147358665431
0.9481000926784059
0.9482854494902687
0.9484708063021315
0.9486561631139944
0.9544022242817424
0.9545875810936052
0.954772937905468
0.9549582947173308
0.9551436515291938
0.9553290083410566
0.9555143651529194
0.9556997219647823
0.955885078776645
0.9560704355885078
0.9562557924003706
0.9564411492122336
0.9566265060240964
0.9568118628359592
0.956997219647822
0.9571825764596849
0.9573679332715478
0.9575532900834106
0.9577386468952734
0.9579240037071363
0.9581093605189991
0.958294717330862
0.9584800741427246
0.9586654309545874
0.9588507877664504
0.9590361445783132
0.9599629286376274
0.9601482854494903
0.9603336422613531
0.960518999073216
0.9607043558850789
0.9608897126969417
0.9610750695088044
0.9612604263206672
0.96144578313253
0.9616311399443929
0.9618164967562557
0.9620018535681186
0.9621872103799815
0.9623725671918443
0.9625579240037071
0.96274328081557
0.9629286376274329
0.9631139944392957
0.9632993512511585
0.9634847080630213
0.9636700648748843
0.9638554216867469
0.9640407784986097
0.9642261353104726
0.9647822057460611
0.964967562557924
0.9651529193697869
0.9653382761816497
0.9655236329935125
0.9657089898053753
0.9658943466172383
0.9660797034291011
0.9662650602409639
0.9664504170528266
0.9666357738646895
0.9668211306765523
0.9670064874884151
0.9671918443002779
0.9673772011121409
0.9675625579240037
0.9677479147358665
0.9679332715477293
0.9681186283595923
0.9683039851714551
0.9684893419833179
0.9686746987951808
0.9688600556070436
0.9690454124189065
0.9692307692307691
0.9694161260426319
0.9696014828544949
0.9697868396663577
0.9699721964782205
0.9701575532900834
0.9703429101019462
0.9705282669138091
0.9707136237256719
0.9708989805375348
0.9710843373493976
0.9712696941612605
0.9714550509731233
0.97516218721038
0.9753475440222428
0.9755329008341056
0.9757182576459684
0.9759036144578314
0.9760889712696942
0.976274328081557
0.9764596848934198
0.9766450417052828
0.9768303985171456
0.9770157553290084
0.9772011121408711
0.977386468952734
0.9775718257645968
0.9777571825764596
0.9779425393883224
0.9781278962001854
0.9783132530120482
0.978498609823911
0.9786839666357738
0.9812789620018536
0.9814643188137164
0.9816496756255793
0.9818350324374421
0.9820203892493049
0.9822057460611678
0.37201112140871173
0.3725671918443003
0.3966635773864689
0.3968489341983318
0.3970342910101946
0.3972196478220575
0.3974050046339203
0.3975903614457832
0.3977757182576459
0.3979610750695088
0.3981464318813716
0.3983317886932345
0.3985171455050973
0.3987025023169602
0.398887859128823
0.3990732159406858
0.3992585727525486
0.40444856348470803
0.40463392029657086
0.40481927710843374
0.40500463392029656
0.4051899907321594
0.40537534754402227
0.4055607043558851
0.40574606116774786
0.40593141797961074
0.40611677479147357
0.4170528266913809
0.41723818350324376
0.4174235403151066
0.41760889712696947
0.41779425393883224
0.41797961075069506
0.4181649675625579
0.41835032437442077
0.4185356811862836
0.4187210379981465
0.4207599629286376
0.4209453197405005
0.4211306765523633
0.423725671918443
0.42391102873030584
0.4240963855421687
0.42632066728452267
0.42650602409638555
0.4266913809082484
0.42687673772011125
0.427062094531974
0.42724745134383685
0.4274328081556997
0.42761816496756255
0.4285449490268767
0.45171455050973125
0.4518999073215941
0.4520852641334569
0.4522706209453198
0.4565338276181649
0.4567191844300278
0.4569045412418906
0.45708989805375344
0.4572752548656163
0.45746061167747915
0.457645968489342
0.4578313253012048
0.49935125115848006
0.4995366079703429
0.4997219647822057
0.4999073215940686
0.5000926784059314
0.5002780352177942
0.5004633920296572
0.5006487488415199
0.6246524559777572
0.627062094531974
0.6272474513438369
0.6274328081556998
0.8090824837812789
0.8092678405931417
0.8094531974050045
0.8533827618164967
0.8535681186283597
0.8537534754402225
0.8539388322520853
0.8582020389249305
0.8583873957367933
0.8585727525486562
0.8670991658943467
0.8672845227062095
0.8674698795180724
0.867655236329935
0.8680259499536608
0.8682113067655236
0.8735866543095459
0.8737720111214087
0.8765523632993513
0.8767377201112141
0.8769230769230769
0.8771084337349397
0.8772937905468026
0.8774791473586655
0.8776645041705283
0.8778498609823912
0.878035217794254
0.8782205746061167
0.8784059314179795
0.8785912882298423
0.8787766450417053
0.8789620018535681
0.8791473586654309
0.8793327154772937
0.8795180722891566
0.8797034291010195
0.8798887859128823
0.8800741427247452
0.880259499536608
0.8804448563484708
0.8806302131603337
0.8808155699721966
0.8810009267840593
0.8811862835959221
0.8813716404077849
0.8815569972196478
0.8817423540315106
0.8819277108433735
0.8821130676552363
0.8822984244670992
0.882483781278962
0.8826691380908248
0.8828544949026877
0.8830398517145506
0.8832252085264134
0.8834105653382762
0.8835959221501389
0.8837812789620018
0.8839666357738646
0.8841519925857275
0.8843373493975903
0.8845227062094532
0.884708063021316
0.8848934198331788
0.8850787766450418
0.8852641334569046
0.8854494902687674
0.8856348470806302
0.885820203892493
0.886005560704356
0.8861909175162188
0.8863762743280815
0.8865616311399444
0.8867469879518072
0.88693234476367
0.8871177015755328
0.8873030583873958
0.8874884151992586
0.8876737720111214
0.8880444856348471
0.88822984244671
0.8884151992585728
0.8886005560704356
0.8887859128822985
0.8889712696941612
0.889156626506024
0.8893419833178868
0.8936051899907322
0.8937905468025951
0.8939759036144579
0.8941612604263207
0.8943466172381834
0.8945319740500463
0.8947173308619091
0.894902687673772
0.8950880444856348
0.8952734012974977
0.8954587581093605
0.8956441149212233
0.8958294717330862
0.8960148285449491
0.8962001853568119
0.8963855421686747
0.8965708989805375
0.8967562557924005
0.8969416126042631
0.8971269694161259
0.8973123262279888
0.8974976830398517
0.8976830398517145
0.8978683966635773
0.8980537534754403
0.8982391102873031
0.8984244670991659
0.8986098239110287
0.8987951807228916
0.8989805375347545
0.8991658943466173
0.8993512511584801
0.899536607970343
0.8997219647822057
0.8999073215940685
0.9000926784059313
0.9002780352177943
0.9004633920296571
0.9006487488415199
0.9008341056533827
0.9010194624652456
0.9012048192771085
0.9013901760889713
0.9015755329008341
0.901760889712697
0.9019462465245598
0.9021316033364227
0.9023169601482853
0.9025023169601482
0.9026876737720111
0.9028730305838739
0.9030583873957367
0.9032437442075996
0.9034291010194625
0.9036144578313253
0.9037998146431881
0.903985171455051
0.9041705282669138
0.9043558850787767
0.9045412418906396
0.9047265987025024
0.9049119555143652
0.9050973123262279
0.9052826691380907
0.9063948100092678
0.9065801668211307
0.9067655236329936
0.9069508804448564
0.9071362372567192
0.907321594068582
0.907506950880445
0.9076923076923076
0.9078776645041704
0.9080630213160333
0.9082483781278962
0.908433734939759
0.9086190917516218
0.9088044485634846
0.9089898053753476
0.9091751621872104
0.9093605189990732
0.909545875810936
0.9101019462465246
0.9102873030583873
0.9104726598702502
0.910658016682113
0.9108433734939758
0.9110287303058386
0.9112140871177016
0.9113994439295644
0.9115848007414272
0.91177015755329
0.911955514365153
0.9121408711770158
0.9123262279888786
0.9125115848007415
0.9126969416126043
0.9128822984244672
0.9130676552363298
0.9132530120481926
0.9134383688600556
0.9177015755329009
0.9178869323447637
0.9180722891566265
0.9182576459684895
0.9249304911955514
0.9251158480074143
0.9253012048192771
0.92548656163114
0.9256719184430028
0.9258572752548656
0.9260426320667285
0.9262279888785914
0.9264133456904541
0.9265987025023169
0.9267840593141797
0.9293790546802594
0.9295644114921223
0.9297497683039851
0.929935125115848
0.9301204819277108
0.9303058387395736
0.9304911955514366
0.9349397590361446
0.9351251158480074
0.9353104726598702
0.935495829471733
0.9356811862835959
0.9386468952734013
0.9388322520852641
0.939017608897127
0.9392029657089899
0.9393883225208527
0.9395736793327155
0.9397590361445782
0.939944392956441
0.9401297497683039
0.9403151065801668
0.9405004633920296
0.9406858202038925
0.9408711770157553
0.9410565338276181
0.9417979610750695
0.9419833178869323
0.9421686746987953
0.9423540315106579
0.9425393883225208
0.9427247451343836
0.9429101019462465
0.9430954587581093
0.9432808155699721
0.943466172381835
0.9436515291936979
0.9438368860055607
0.9440222428174235
0.9442075996292864
0.9443929564411493
0.9445783132530121
0.9447636700648749
0.9449490268767378
0.9451343836886005
0.9453197405004633
0.9455050973123261
0.9456904541241891
0.9458758109360519
0.9460611677479147
0.9462465245597775
0.9464318813716404
0.9466172381835033
0.9468025949953661
0.946987951807229
0.9471733086190918
0.9473586654309546
0.9475440222428175
0.9477293790546801
0.9479147358665431
0.9481000926784059
0.9482854494902687
0.9484708063021315
0.9486561631139944
0.9488415199258573
0.9490268767377201
0.949212233549583
0.9493975903614458
0.9495829471733086
0.9544022242817424
0.9545875810936052
0.954772937905468
0.9549582947173308
0.9551436515291938
0.9553290083410566
0.9555143651529194
0.9556997219647823
0.955885078776645
0.9560704355885078
0.9562557924003706
0.9564411492122336
0.9566265060240964
0.9568118628359592
0.956997219647822
0.9571825764596849
0.9573679332715478
0.9575532900834106
0.9577386468952734
0.9579240037071363
0.9581093605189991
0.958294717330862
0.9584800741427246
0.9586654309545874
0.9588507877664504
0.9590361445783132
0.959221501390176
0.9594068582020389
0.9595922150139018
0.9597775718257646
0.9599629286376274
0.9601482854494903
0.9603336422613531
0.960518999073216
0.9607043558850789
0.9608897126969417
0.9610750695088044
0.9612604263206672
0.96144578313253
0.9616311399443929
0.9618164967562557
0.9620018535681186
0.9621872103799815
0.9623725671918443
0.9625579240037071
0.96274328081557
0.9629286376274329
0.9631139944392957
0.9632993512511585
0.9634847080630213
0.9636700648748843
0.9638554216867469
0.9640407784986097
0.9642261353104726
0.9644114921223355
0.9645968489341983
0.9647822057460611
0.964967562557924
0.9714550509731233
0.9716404077849862
0.9718257645968489
0.9720111214087117
0.9721964782205745
0.9723818350324374
0.9725671918443002
0.9727525486561631
0.9729379054680259
0.9731232622798888
0.9733086190917516
0.9734939759036145
0.9736793327154774
0.9738646895273402
0.974050046339203
0.9742354031510658
0.9744207599629288
0.9746061167747914
0.9803521779425394
0.9805375347544022
0.980722891566265
0.36404077849860983
0.36422613531047265
0.3644114921223355
0.3645968489341983
0.3647822057460612
0.364967562557924
0.36515291936978683
0.36533827618164966
0.3655236329935125
0.36570898980537536
0.3658943466172382
0.366079703429101
0.36626506024096384
0.3664504170528267
0.3666357738646895
0.36682113067655236
0.3670064874884152
0.36719184430027807
0.36737720111214084
0.3675625579240037
0.3696014828544949
0.3697868396663577
0.3725671918443003
0.3727525486561631
0.37293790546802597
0.3731232622798888
0.3733086190917516
0.37349397590361444
0.3736793327154773
0.37386468952734014
0.37405004633920297
0.3742354031510658
0.3744207599629286
0.37460611677479144
0.3747914735866543
0.37497683039851715
0.37516218721037997
0.3753475440222428
0.3755329008341056
0.37757182576459686
0.3777571825764597
0.3779425393883225
0.37812789620018533
0.3783132530120482
0.37849860982391104
0.37868396663577386
0.3788693234476367
0.37905468025949957
0.3816496756255792
0.38331788693234475
0.3835032437442076
0.38368860055607046
0.3838739573679333
0.3840593141797961
0.384244670991659
0.38443002780352176
0.3846153846153846
0.38480074142724746
0.3849860982391103
0.3851714550509731
0.385356811862836
0.3855421686746988
0.3857275254865616
0.38591288229842446
0.3860982391102873
0.3862835959221501
0.386468952734013
0.3866543095458758
0.3868396663577387
0.38702502316960147
0.3872103799814643
0.3873957367933271
0.38758109360519
0.39073215940685824
0.39091751621872106
0.39110287303058383
0.3912882298424467
0.39147358665430954
0.39165894346617236
0.39184430027803524
0.39202965708989806
0.39221501390176094
0.39240037071362366
0.39258572752548654
0.39277108433734936
0.39295644114921224
0.39314179796107507
0.39332715477293795
0.3935125115848008
0.39369786839666354
0.39388322520852637
0.39406858202038925
0.39425393883225207
0.39443929564411495
0.3946246524559778
0.3948100092678406
0.39499536607970337
0.39518072289156625
0.3953660797034291
0.3955514365152919
0.3957367933271548
0.3959221501390176
0.3961075069508805
0.3962928637627433
0.3964782205746061
0.3966635773864689
0.3968489341983318
0.3970342910101946
0.3972196478220575
0.3974050046339203
0.3975903614457832
0.3977757182576459
0.3979610750695088
0.3981464318813716
0.3983317886932345
0.3985171455050973
0.3987025023169602
0.398887859128823
0.3990732159406858
0.3992585727525486
0.3994439295644115
0.3996292863762743
0.40018535681186285
0.4003707136237256
0.4005560704355885
0.4007414272474513
0.40092678405931415
0.401112140871177
0.40129749768303985
0.40148285449490273
0.4051899907321594
0.40537534754402227
0.4055607043558851
0.40574606116774786
0.40593141797961074
0.40611677479147357
0.4063021316033364
0.40648748841519927
0.4066728452270621
0.406858202038925
0.40704355885078775
0.4163113994439296
0.41649675625579236
0.41668211306765524
0.41686746987951806
0.4170528266913809
0.4192771084337349
0.41946246524559777
0.4196478220574606
0.4198331788693235
0.4200185356811863
0.4202038924930491
0.4203892493049119
0.4205746061167748
0.4207599629286376
0.4209453197405005
0.4211306765523633
0.42168674698795183
0.4218721037998146
0.4220574606116774
0.4222428174235403
0.42242817423540313
0.422613531047266
0.42279888785912884
0.4229842446709917
0.42316960148285443
0.4233549582947173
0.42354031510658013
0.423725671918443
0.42391102873030584
0.4240963855421687
0.42428174235403154
0.4244670991658943
0.42465245597775714
0.42483781278962
0.42502316960148284
0.4252085264133457
0.42539388322520855
0.42557924003707137
0.42576459684893414
0.425949953660797
0.42613531047265985
0.42632066728452267
0.4333642261353105
0.43354958294717333
0.4337349397590362
0.4339202965708989
0.4341056533827618
0.4342910101946246
0.4344763670064875
0.43466172381835033
0.43484708063021316
0.43503243744207604
0.4352177942539388
0.43540315106580163
0.4355885078776645
0.43577386468952733
0.43595922150139016
0.43614457831325304
0.43632993512511586
0.43651529193697863
0.4367006487488415
0.43688600556070434
0.43707136237256716
0.43725671918443004
0.43744207599629287
0.43762743280815575
0.4378127896200185
0.43799814643188134
0.43818350324374417
0.43836886005560705
0.43855421686746987
0.43873957367933275
0.4389249304911956
0.43911028730305834
0.4454124189063948
0.44559777571825765
0.4457831325301204
0.4459684893419833
0.4461538461538461
0.446339202965709
0.44652455977757183
0.44670991658943465
0.44689527340129753
0.44708063021316036
0.4472659870250231
0.447451343836886
0.44763670064874883
0.44782205746061166
0.44800741427247454
0.44819277108433736
0.44837812789620024
0.44856348470806295
0.44874884151992583
0.44893419833178866
0.44911955514365154
0.44930491195551436
0.44949026876737724
0.44967562557924007
0.44986098239110284
0.45004633920296566
0.45023169601482854
0.45041705282669137
0.45060240963855425
0.45078776645041707
0.4509731232622799
0.45115848007414266
0.4765523632993512
0.47673772011121407
0.4769230769230769
0.4771084337349398
0.4772937905468026
0.4774791473586654
0.4776645041705283
0.47784986098239113
0.4780352177942539
0.4782205746061168
0.4784059314179796
0.4785912882298424
0.4787766450417053
0.47896200185356813
0.479147358665431
0.4793327154772937
0.4795180722891566
0.6348470806302131
0.635032437442076
0.6352177942539389
0.6354031510658017
0.636144578313253
0.8265060240963855
0.8266913809082485
0.8268767377201113
0.8272474513438369
0.8274328081556996
0.8278035217794253
0.8279888785912882
0.8520852641334569
0.8522706209453197
0.8524559777571825
0.8526413345690453
0.8528266913809083
0.8530120481927711
0.8531974050046339
0.8533827618164967
0.8535681186283597
0.8537534754402225
0.8539388322520853
0.854124189063948
0.8543095458758109
0.8544949026876737
0.8546802594995365
0.8548656163113993
0.8550509731232623
0.8552363299351251
0.8554216867469879
0.8556070435588508
0.8557924003707136
0.8559777571825765
0.8561631139944393
0.8563484708063022
0.856533827618165
0.8570898980537534
0.8865616311399444
0.9556997219647823
0.36163113994439294
0.3618164967562558
0.3620018535681186
0.3621872103799815
0.3623725671918443
0.3625579240037072
0.36274328081556995
0.3629286376274328
0.36311399443929565
0.36626506024096384
0.3664504170528267
0.38016682113067657
0.38035217794253934
0.3805375347544022
0.38072289156626504
0.38090824837812787
0.38109360518999075
0.38127896200185357
0.38146431881371645
0.3816496756255792
0.38183503243744205
0.38202038924930487
0.38220574606116775
0.3823911028730306
0.38257645968489346
0.3827618164967563
0.3829471733086191
0.3831325301204819
0.38331788693234475
0.3835032437442076
0.38368860055607046
0.3838739573679333
0.3840593141797961
0.384244670991659
0.38443002780352176
0.3846153846153846
0.38480074142724746
0.3849860982391103
0.3851714550509731
0.385356811862836
0.3855421686746988
0.3857275254865616
0.38591288229842446
0.3860982391102873
0.3862835959221501
0.386468952734013
0.3866543095458758
0.3868396663577387
0.38702502316960147
0.3872103799814643
0.3873957367933271
0.38758109360519
0.3877664504170528
0.3879518072289157
0.3881371640407785
0.3883225208526413
0.3885078776645041
0.388693234476367
0.3888785912882298
0.3890639481000927
0.38924930491195553
0.38943466172381835
0.38962001853568123
0.389805375347544
0.3899907321594068
0.3901760889712697
0.39036144578313253
0.39054680259499536
0.39073215940685824
0.39091751621872106
0.39110287303058383
0.3912882298424467
0.39147358665430954
0.39165894346617236
0.39184430027803524
0.39202965708989806
0.39221501390176094
0.39240037071362366
0.39258572752548654
0.39277108433734936
0.3968489341983318
0.3970342910101946
0.3972196478220575
0.3974050046339203
0.3975903614457832
0.3977757182576459
0.3979610750695088
0.3981464318813716
0.3983317886932345
0.3985171455050973
0.3987025023169602
0.398887859128823
0.3990732159406858
0.3992585727525486
0.3994439295644115
0.3996292863762743
0.39981464318813714
0.4
0.40018535681186285
0.4003707136237256
0.4005560704355885
0.4159406858202039
0.41612604263206676
0.4163113994439296
0.41649675625579236
0.41668211306765524
0.41686746987951806
0.4170528266913809
0.41723818350324376
0.4174235403151066
0.41760889712696947
0.41779425393883224
0.41797961075069506
0.4185356811862836
0.4189063948100093
0.41909175162187207
0.4192771084337349
0.41946246524559777
0.4196478220574606
0.4198331788693235
0.4200185356811863
0.4209453197405005
0.4211306765523633
0.42131603336422613
0.421501390176089
0.42168674698795183
0.4218721037998146
0.4220574606116774
0.4222428174235403
0.42242817423540313
0.422613531047266
0.42279888785912884
0.4229842446709917
0.42316960148285443
0.4233549582947173
0.42354031510658013
0.423725671918443
0.42391102873030584
0.4240963855421687
0.42428174235403154
0.44652455977757183
0.44670991658943465
0.44689527340129753
0.44763670064874883
0.44819277108433736
0.44837812789620024
0.44856348470806295
0.44874884151992583
0.44893419833178866
0.44911955514365154
0.44930491195551436
0.44949026876737724
0.48452270620945326
0.48470806302131597
0.48489341983317885
0.4850787766450417
0.8292863762743281
0.8294717330861909
0.8296570898980538
0.8298424467099167
0.8300278035217795
0.8302131603336422
0.830398517145505
0.8305838739573679
0.8307692307692307
0.8309545875810935
0.8443002780352178
0.8498609823911029
0.8500463392029657
0.8502316960148285
0.8504170528266914
0.8506024096385543
0.8507877664504171
0.8509731232622799
0.8511584800741427
0.35940685820203894
0.35959221501390176
0.3597775718257646
0.3599629286376274
0.36014828544949024
0.3603336422613531
0.36051899907321594
0.3614457831325301
0.36163113994439294
0.3618164967562558
0.3620018535681186
0.3621872103799815
0.3623725671918443
0.3625579240037072
0.36274328081556995
0.3629286376274328
0.36311399443929565
0.36570898980537536
0.3658943466172382
0.3759036144578313
0.37608897126969415
0.376274328081557
0.37645968489341985
0.3766450417052826
0.3768303985171455
0.37701575532900833
0.3772011121408712
0.377386468952734
0.37757182576459686
0.3777571825764597
0.3779425393883225
0.37812789620018533
0.3783132530120482
0.37849860982391104
0.37868396663577386
0.3788693234476367
0.37905468025949957
0.3792400370713624
0.3794253938832252
0.37961075069508804
0.37979610750695086
0.37998146431881374
0.38016682113067657
0.38035217794253934
0.3805375347544022
0.38072289156626504
0.38090824837812787
0.38109360518999075
0.38127896200185357
0.38146431881371645
0.3816496756255792
0.38183503243744205
0.38202038924930487
0.38220574606116775
0.3823911028730306
0.38257645968489346
0.3827618164967563
0.3829471733086191
0.3831325301204819
0.38331788693234475
0.3835032437442076
0.38368860055607046
0.3838739573679333
0.3857275254865616
0.38591288229842446
0.3860982391102873
0.3862835959221501
0.386468952734013
0.3866543095458758
0.3868396663577387
0.38702502316960147
0.3872103799814643
0.3873957367933271
0.38758109360519
0.3877664504170528
0.3879518072289157
0.3881371640407785
0.3883225208526413
0.3885078776645041
0.388693234476367
0.3888785912882298
0.3890639481000927
0.38924930491195553
0.38943466172381835
0.38962001853568123
0.389805375347544
0.3899907321594068
0.3901760889712697
0.39036144578313253
0.39054680259499536
0.3970342910101946
0.3972196478220575
0.3974050046339203
0.4107506950880445
0.41445783132530123
0.8289156626506025
0.8291010194624653
0.8302131603336422
0.8420759962928638
0.8422613531047266
0.8424467099165894
0.8426320667284523
0.8428174235403152
0.843002780352178
0.8431881371640408
0.8433734939759037
0.8435588507877664
0.8437442075996292
0.8491195551436514
0.8493049119555143
0.8494902687673771
0.84967562557924
0.8498609823911029
-0.04022242817423541
-0.352548656163114
-0.3529193697868397
-0.37293790546802597
-0.3731232622798888
-0.3733086190917516
-0.3736793327154773
-0.37497683039851715
-0.37516218721037997
-0.3753475440222428
-0.3755329008341056
-0.3757182576459685
-0.37757182576459686
-0.3777571825764597
-0.3779425393883225
-0.3788693234476367
-0.37905468025949957
-0.3792400370713624
-0.3794253938832252
-0.37961075069508804
-0.37979610750695086
-0.37998146431881374
-0.38016682113067657
-0.38035217794253934
-0.3805375347544022
-0.38072289156626504
-0.38090824837812787
-0.38109360518999075
-0.38127896200185357
-0.38146431881371645
-0.3816496756255792
-0.38183503243744205
-0.38202038924930487
-0.38220574606116775
-0.38331788693234475
-0.3835032437442076
-0.38368860055607046
-0.3838739573679333
-0.3840593141797961
-0.384244670991659
-0.38443002780352176
-0.3846153846153846
-0.38480074142724746
-0.3849860982391103
-0.3851714550509731
-0.385356811862836
-0.3855421686746988
-0.3857275254865616
-0.38591288229842446
-0.3860982391102873
-0.3862835959221501
-0.386468952734013
-0.3866543095458758
-0.3868396663577387
-0.38702502316960147
-0.3872103799814643
-0.3873957367933271
-0.38758109360519
-0.3877664504170528
-0.3879518072289157
-0.3881371640407785
-0.3883225208526413
-0.3885078776645041
-0.388693234476367
-0.3888785912882298
-0.3890639481000927
-0.38924930491195553
-0.38943466172381835
-0.39258572752548654
-0.39277108433734936
-0.39295644114921224
-0.39314179796107507
-0.39332715477293795
-0.3935125115848008
-0.39369786839666354
-0.39388322520852637
-0.39406858202038925
-0.39425393883225207
-0.39443929564411495
-0.3946246524559778
-0.3948100092678406
-0.39499536607970337
-0.39518072289156625
-0.3953660797034291
-0.3955514365152919
-0.3957367933271548
-0.3959221501390176
-0.3961075069508805
-0.3962928637627433
-0.3964782205746061
-0.41167747914735864
-0.4118628359592215
-0.41501390176088976
-0.4151992585727525
-0.41779425393883224
-0.4624652455977757
-0.47340129749768306
-0.4735866543095459
-0.47377201112140876
-0.47395736793327153
-0.47414272474513436
-0.4743280815569972
-0.47451343836886006
-0.4746987951807229
-0.47488415199258577
-0.4750695088044486
-0.47525486561631136
-0.4754402224281742
-0.47562557924003707
-0.4758109360518999
-0.47599629286376277
-0.4761816496756256
-0.4763670064874884
-0.4765523632993512
-0.47673772011121407
-0.4769230769230769
-0.4771084337349398
-0.4772937905468026
-0.4774791473586654
-0.4776645041705283
-0.47784986098239113
-0.4780352177942539
-0.4782205746061168
-0.4784059314179796
-0.4785912882298424
-0.4787766450417053
-0.47896200185356813
-0.479147358665431
-0.4793327154772937
-0.4795180722891566
-0.47970342910101943
-0.4798887859128823
-0.48007414272474513
-0.480259499536608
-0.48044485634847084
-0.4806302131603336
-0.48081556997219643
-0.4810009267840593
-0.48118628359592214
-0.481371640407785
-0.48155699721964784
-0.48174235403151067
-0.48192771084337344
-0.4821130676552363
-0.48229842446709914
-0.482483781278962
-0.48452270620945326
-0.48470806302131597
-0.48489341983317885
-0.4850787766450417
-0.48526413345690456
-0.4854494902687674
-0.48563484708063026
-0.4858202038924931
-0.48600556070435585
-0.4861909175162187
-0.48637627432808156
-0.4865616311399444
-0.48674698795180726
-0.4869323447636701
-0.4871177015755329
-0.4873030583873957
-0.48748841519925856
-0.4876737720111214
-0.4878591288229842
-0.4880444856348471
-0.4882298424467099
-0.4884151992585728
-0.48860055607043557
-0.4887859128822984
-0.4889712696941612
-0.4891566265060241
-0.4893419833178869
-0.4895273401297498
-0.4897126969416126
-0.4898980537534754
-0.4900834105653382
-0.4902687673772011
-0.4904541241890639
-0.4906394810009268
-0.4908248378127896
-0.49101019462465245
-0.49119555143651533
-0.4913809082483781
-0.4915662650602409
-0.4917516218721038
-0.49193697868396663
-0.49212233549582945
-0.49230769230769234
-0.49249304911955516
-0.49267840593141793
-0.4928637627432808
-0.49304911955514363
-0.49323447636700646
-0.49341983317886934
-0.49360518999073216
-0.49379054680259504
-0.4939759036144578
-0.49416126042632064
-0.49434661723818346
-0.49453197405004634
-0.49471733086190917
-0.49490268767377205
-0.49508804448563487
-0.49527340129749764
-0.49545875810936046
-0.49564411492122334
-0.49582947173308617
-0.49601482854494905
-0.4962001853568119
-0.4963855421686747
-0.49657089898053747
-0.49675625579240035
-0.49694161260426317
-0.49712696941612605
-0.4973123262279889
-0.4974976830398517
-0.4976830398517146
-0.4978683966635774
-0.4980537534754402
-0.49823911028730306
-0.4984244670991659
-0.4986098239110287
-0.4987951807228916
-0.4989805375347544
-0.4991658943466173
-0.49935125115848006
-0.4995366079703429
-0.4997219647822057
-0.4999073215940686
-0.5000926784059314
-0.5002780352177942
-0.5004633920296572
-0.5006487488415199
-0.5008341056533827
-0.5010194624652455
-0.5012048192771085
-0.5013901760889713
-0.5015755329008341
-0.501760889712697
-0.5047265987025022
-0.5049119555143651
-0.505097312326228
-0.5052826691380908
-0.5054680259499537
-0.5056533827618165
-0.5058387395736794
-0.5060240963855421
-0.506209453197405
-0.5063948100092678
-0.5065801668211307
-0.5067655236329935
-0.5069508804448564
-0.5071362372567192
-0.507321594068582
-0.5075069508804448
-0.633920296570899
-0.6341056533827618
-0.6342910101946246
-0.6344763670064875
-0.6346617238183503
-0.6348470806302131
-0.635032437442076
-0.6352177942539389
-0.6354031510658017
-0.6355885078776644
-0.6357738646895273
-0.6359592215013902
-0.8313253012048193
-0.8315106580166821
-0.8316960148285449
-0.8318813716404078
-0.8320667284522707
-0.8322520852641335
-0.8324374420759963
-0.8326227988878592
-0.841890639481001
-0.8420759962928638
-0.1710843373493976
-0.17126969416126042
-0.17145505097312327
-0.17201112140871178
-0.1721964782205746
-0.17238183503243742
-0.34291010194624655
-0.35199258572752545
-0.35217794253938833
-0.35236329935125116
-0.352548656163114
-0.3527340129749768
-0.3531047265987025
-0.35329008341056534
-0.35347544022242816
-0.353660797034291
-0.35384615384615387
-0.3575532900834106
-0.3577386468952734
-0.35792400370713623
-0.35810936051899905
-0.35829471733086193
-0.35848007414272476
-0.3586654309545876
-0.3588507877664504
-0.35903614457831323
-0.3592215013901761
-0.35940685820203894
-0.35959221501390176
-0.3597775718257646
-0.3599629286376274
-0.36014828544949024
-0.3603336422613531
-0.36051899907321594
-0.36070435588507876
-0.3608897126969416
-0.36682113067655236
-0.3670064874884152
-0.36719184430027807
-0.3681186283595922
-0.3683039851714551
-0.3684893419833179
-0.3686746987951807
-0.36886005560704355
-0.36904541241890637
-0.36923076923076925
-0.3694161260426321
-0.3710843373493976
-0.37145505097312326
-0.3716404077849861
-0.37182576459684896
-0.37201112140871173
-0.3721964782205746
-0.37238183503243744
-0.3725671918443003
-0.3727525486561631
-0.37293790546802597
-0.3731232622798888
-0.3733086190917516
-0.37386468952734014
-0.37405004633920297
-0.3742354031510658
-0.3744207599629286
-0.37460611677479144
-0.3747914735866543
-0.37497683039851715
-0.37516218721037997
-0.3753475440222428
-0.3755329008341056
-0.3757182576459685
-0.3759036144578313
-0.37608897126969415
-0.376274328081557
-0.37645968489341985
-0.3766450417052826
-0.3768303985171455
-0.37701575532900833
-0.3772011121408712
-0.377386468952734
-0.37757182576459686
-0.3777571825764597
-0.3779425393883225
-0.37812789620018533
-0.3783132530120482
-0.37849860982391104
-0.37868396663577386
-0.3788693234476367
-0.37905468025949957
-0.3792400370713624
-0.3794253938832252
-0.37961075069508804
-0.37979610750695086
-0.37998146431881374
-0.38016682113067657
-0.38035217794253934
-0.3805375347544022
-0.38072289156626504
-0.38090824837812787
-0.38109360518999075
-0.38127896200185357
-0.38146431881371645
-0.3816496756255792
-0.38183503243744205
-0.38202038924930487
-0.38220574606116775
-0.3823911028730306
-0.38257645968489346
-0.3827618164967563
-0.3829471733086191
-0.3831325301204819
-0.38331788693234475
-0.3835032437442076
-0.38368860055607046
-0.3838739573679333
-0.3840593141797961
-0.384244670991659
-0.38443002780352176
-0.3846153846153846
-0.38480074142724746
-0.3849860982391103
-0.3851714550509731
-0.385356811862836
-0.3855421686746988
-0.3857275254865616
-0.38591288229842446
-0.3860982391102873
-0.3862835959221501
-0.386468952734013
-0.3866543095458758
-0.3868396663577387
-0.38702502316960147
-0.3872103799814643
-0.3873957367933271
-0.38758109360519
-0.3877664504170528
-0.3879518072289157
-0.3881371640407785
-0.3883225208526413
-0.3885078776645041
-0.388693234476367
-0.3888785912882298
-0.3890639481000927
-0.38924930491195553
-0.38943466172381835
-0.39277108433734936
-0.39295644114921224
-0.39314179796107507
-0.39332715477293795
-0.3935125115848008
-0.39369786839666354
-0.39388322520852637
-0.39406858202038925
-0.39425393883225207
-0.39443929564411495
-0.3946246524559778
-0.3948100092678406
-0.3957367933271548
-0.3961075069508805
-0.3962928637627433
-0.4096385542168675
-0.4098239110287303
-0.4100092678405931
-0.410194624652456
-0.41556997219647823
-0.41575532900834106
-0.4159406858202039
-0.41612604263206676
-0.4163113994439296
-0.41649675625579236
-0.4672845227062094
-0.4706209453197405
-0.47080630213160335
-0.4709916589434662
-0.47117701575532894
-0.4713623725671918
-0.47154772937905465
-0.4717330861909175
-0.47191844300278035
-0.4721037998146432
-0.47228915662650606
-0.4724745134383689
-0.47265987025023165
-0.47284522706209453
-0.47303058387395736
-0.4732159406858202
-0.47340129749768306
-0.4735866543095459
-0.47377201112140876
-0.47395736793327153
-0.47414272474513436
-0.4743280815569972
-0.47451343836886006
-0.4746987951807229
-0.47488415199258577
-0.4750695088044486
-0.48118628359592214
-0.481371640407785
-0.48155699721964784
-0.48174235403151067
-0.48192771084337344
-0.4850787766450417
-0.48563484708063026
-0.4858202038924931
-0.48600556070435585
-0.4861909175162187
-0.48637627432808156
-0.4865616311399444
-0.48674698795180726
-0.4869323447636701
-0.4871177015755329
-0.4873030583873957
-0.48748841519925856
-0.4876737720111214
-0.4878591288229842
-0.4880444856348471
-0.4882298424467099
-0.4884151992585728
-0.48860055607043557
-0.4887859128822984
-0.4889712696941612
-0.4891566265060241
-0.4893419833178869
-0.4895273401297498
-0.4897126969416126
-0.4898980537534754
-0.4900834105653382
-0.4902687673772011
-0.4904541241890639
-0.4906394810009268
-0.4908248378127896
-0.49101019462465245
-0.49119555143651533
-0.4913809082483781
-0.4915662650602409
-0.4917516218721038
-0.49193697868396663
-0.49212233549582945
-0.49230769230769234
-0.49249304911955516
-0.49267840593141793
-0.4928637627432808
-0.49304911955514363
-0.49323447636700646
-0.49341983317886934
-0.49360518999073216
-0.49379054680259504
-0.4939759036144578
-0.49416126042632064
-0.49434661723818346
-0.49453197405004634
-0.49471733086190917
-0.49490268767377205
-0.49508804448563487
-0.49527340129749764
-0.49545875810936046
-0.49564411492122334
-0.49582947173308617
-0.49601482854494905
-0.4962001853568119
-0.4963855421686747
-0.49657089898053747
-0.49675625579240035
-0.49694161260426317
-0.49712696941612605
-0.4973123262279889
-0.4974976830398517
-0.4976830398517146
-0.4978683966635774
-0.4980537534754402
-0.49823911028730306
-0.4984244670991659
-0.4986098239110287
-0.4987951807228916
-0.4989805375347544
-0.4991658943466173
-0.49935125115848006
-0.4995366079703429
-0.4997219647822057
-0.4999073215940686
-0.5000926784059314
-0.6344763670064875
-0.6346617238183503
-0.6348470806302131
-0.635032437442076
-0.6352177942539389
-0.6354031510658017
-0.6355885078776644
-0.6357738646895273
-0.6359592215013902
-0.636144578313253
-0.6363299351251158
-0.0329935125115848
-0.033178869323447636
-0.033364226135310475
-0.04003707136237257
-0.04022242817423541
-0.04040778498609824
-0.04059314179796107
-0.04151992585727526
-0.0448563484708063
-0.16237256719184429
-0.16255792400370714
-0.1629286376274328
-0.1670064874884152
-0.16719184430027803
-0.16737720111214086
-0.1675625579240037
-0.16774791473586653
-0.16793327154772936
-0.16978683966635774
-0.35347544022242816
-0.35588507877664505
-0.35607043558850787
-0.3562557924003707
-0.3564411492122336
-0.35662650602409635
-0.3568118628359592
-0.35699721964782205
-0.35718257645968493
-0.3577386468952734
-0.35792400370713623
-0.35810936051899905
-0.35829471733086193
-0.35848007414272476
-0.3586654309545876
-0.3588507877664504
-0.3599629286376274
-0.36014828544949024
-0.3603336422613531
-0.36051899907321594
-0.36070435588507876
-0.3608897126969416
-0.36274328081556995
-0.36774791473586654
-0.36793327154772937
-0.36997219647822055
-0.3701575532900834
-0.37034291010194625
-0.3705282669138091
-0.3707136237256719
-0.37089898053753473
-0.3710843373493976
-0.3712696941612604
-0.37145505097312326
-0.37386468952734014
-0.37405004633920297
-0.3742354031510658
-0.3744207599629286
-0.37460611677479144
-0.3747914735866543
-0.37497683039851715
-0.37516218721037997
-0.3753475440222428
-0.3755329008341056
-0.3757182576459685
-0.3759036144578313
-0.37608897126969415
-0.376274328081557
-0.37645968489341985
-0.3766450417052826
-0.3768303985171455
-0.37701575532900833
-0.3772011121408712
-0.377386468952734
-0.37757182576459686
-0.3777571825764597
-0.3779425393883225
-0.37812789620018533
-0.3783132530120482
-0.37849860982391104
-0.37868396663577386
-0.3788693234476367
-0.37905468025949957
-0.3792400370713624
-0.3794253938832252
-0.37961075069508804
-0.37979610750695086
-0.37998146431881374
-0.38127896200185357
-0.38146431881371645
-0.38183503243744205
-0.3831325301204819
-0.38331788693234475
-0.3835032437442076
-0.38368860055607046
-0.3838739573679333
-0.3840593141797961
-0.384244670991659
-0.38443002780352176
-0.3846153846153846
-0.38480074142724746
-0.3849860982391103
-0.3851714550509731
-0.385356811862836
-0.3855421686746988
-0.3857275254865616
-0.38591288229842446
-0.3860982391102873
-0.3862835959221501
-0.386468952734013
-0.3866543095458758
-0.3868396663577387
-0.38702502316960147
-0.3872103799814643
-0.3873957367933271
-0.38758109360519
-0.3877664504170528
-0.3879518072289157
-0.3881371640407785
-0.3955514365152919
-0.3957367933271548
-0.4654309545875811
-0.4656163113994439
-0.4659870250231696
-0.4661723818350324
-0.4663577386468953
-0.4665430954587581
-0.46672845227062093
-0.4669138090824838
-0.46709916589434664
-0.4672845227062094
-0.4706209453197405
-0.47080630213160335
-0.4709916589434662
-0.47117701575532894
-0.4713623725671918
-0.47154772937905465
-0.4717330861909175
-0.47191844300278035
-0.4721037998146432
-0.47228915662650606
-0.4724745134383689
-0.47265987025023165
-0.47284522706209453
-0.47303058387395736
-0.4732159406858202
-0.47340129749768306
-0.4735866543095459
-0.47377201112140876
-0.47395736793327153
-0.47414272474513436
-0.4743280815569972
-0.47451343836886006
-0.4746987951807229
-0.47488415199258577
-0.4750695088044486
-0.47525486561631136
-0.4754402224281742
-0.4913809082483781
-0.4915662650602409
-0.4917516218721038
-0.49193697868396663
-0.49212233549582945
-0.49230769230769234
-0.49249304911955516
-0.49267840593141793
-0.4928637627432808
-0.49304911955514363
-0.49323447636700646
-0.49341983317886934
-0.49360518999073216
-0.49379054680259504
-0.4939759036144578
-0.49416126042632064
-0.49434661723818346
-0.49453197405004634
-0.49471733086190917
-0.49490268767377205
-0.49508804448563487
-0.49527340129749764
-0.49545875810936046
-0.49564411492122334
-0.49582947173308617
-0.49601482854494905
-0.4962001853568119
-0.4963855421686747
-0.49657089898053747
-0.49675625579240035
-0.49694161260426317
-0.49712696941612605
-0.4973123262279889
-0.4974976830398517
-0.4976830398517146
-0.4978683966635774
-0.4980537534754402
-0.49823911028730306
-0.4984244670991659
-0.4986098239110287
-0.4987951807228916
-0.4989805375347544
-0.4991658943466173
-0.49935125115848006
-0.6202038924930491
-0.8728452270620944
-0.8767377201112141
-0.8769230769230769
-0.8772937905468026
-0.22576459684893418
-0.35236329935125116
-0.352548656163114
-0.3527340129749768
-0.3540315106580167
-0.3542168674698795
-0.35495829471733087
-0.35551436515291934
-0.3701575532900834
-0.37034291010194625
-0.3705282669138091
-0.3707136237256719
-0.3712696941612604
-0.37201112140871173
-0.3721964782205746
-0.37238183503243744
-0.3725671918443003
-0.3727525486561631
-0.37349397590361444
-0.3744207599629286
-0.37460611677479144
-0.3747914735866543
-0.3757182576459685
-0.3759036144578313
-0.37608897126969415
-0.376274328081557
-0.37645968489341985
-0.3766450417052826
-0.3768303985171455
-0.37701575532900833
-0.3772011121408712
-0.377386468952734
-0.37849860982391104
-0.3955514365152919
-0.3957367933271548
-0.3959221501390176
-0.3961075069508805
-0.3962928637627433
-0.3964782205746061
-0.4007414272474513
-0.40092678405931415
-0.401112140871177
-0.40129749768303985
-0.40148285449490273
-0.4016682113067655
-0.4018535681186283
-0.40203892493049115
-0.4063021316033364
-0.40648748841519927
-0.4066728452270621
-0.406858202038925
-0.40704355885078775
-0.40722891566265057
-0.4074142724745134
-0.4075996292863763
-0.4077849860982391
-0.40834105653382763
-0.4085264133456904
-0.4087117701575533
-0.4088971269694161
-0.409082483781279
-0.4092678405931418
-0.40945319740500463
-0.4096385542168675
-0.4159406858202039
-0.41612604263206676
-0.4367006487488415
-0.43688600556070434
-0.43707136237256716
-0.43725671918443004
-0.43744207599629287
-0.4378127896200185
-0.43799814643188134
-0.43818350324374417
-0.43836886005560705
-0.43855421686746987
-0.43929564411492117
-0.43948100092678405
-0.4396663577386469
-0.43985171455050975
-0.4400370713623726
-0.4402224281742354
-0.4404077849860983
-0.44059314179796105
-0.4407784986098239
-0.44096385542168676
-0.4411492122335496
-0.4413345690454124
-0.4415199258572753
-0.4417052826691381
-0.4418906394810009
-0.44207599629286376
-0.4422613531047266
-0.4424467099165894
-0.4426320667284523
-0.4428174235403151
-0.443002780352178
-0.44318813716404076
-0.4433734939759036
-0.4435588507877664
-0.4437442075996293
-0.4439295644114921
-0.444114921223355
-0.4443002780352178
-0.4444856348470806
-0.4446709916589434
-0.4448563484708063
-0.4450417052826691
-0.445227062094532
-0.4454124189063948
-0.44559777571825765
-0.4457831325301204
-0.4459684893419833
-0.4461538461538461
-0.446339202965709
-0.44652455977757183
-0.44670991658943465
-0.44689527340129753
-0.44708063021316036
-0.4472659870250231
-0.447451343836886
-0.44763670064874883
-0.44782205746061166
-0.44800741427247454
-0.44819277108433736
-0.44837812789620024
-0.44856348470806295
-0.44874884151992583
-0.44893419833178866
-0.44911955514365154
-0.44930491195551436
-0.44949026876737724
-0.44967562557924007
-0.44986098239110284
-0.45004633920296566
-0.45023169601482854
-0.45041705282669137
-0.45060240963855425
-0.45078776645041707
-0.4509731232622799
-0.45115848007414266
-0.45134383688600554
-0.45152919369786837
-0.4526413345690454
-0.4528266913809082
-0.4530120481927711
-0.4531974050046339
-0.4533827618164968
-0.4535681186283596
-0.4537534754402225
-0.4539388322520852
-0.4658016682113068
-0.6153846153846154
-0.6155699721964781
-0.6157553290083411
-0.6163113994439295
-0.6213160333642261
-0.621501390176089
-0.6216867469879518
-0.6400370713623725
-0.6402224281742354
-0.6404077849860983
-0.6405931417979611
-0.6407784986098239
-0.6409638554216867
-0.6411492122335496
-0.6413345690454124
-0.6415199258572752
-0.6417052826691381
-0.6418906394810009
-0.6420759962928638
-0.6422613531047267
-0.6424467099165894
-0.6426320667284522
-0.6428174235403151
-0.643002780352178
-0.6431881371640408
-0.6433734939759036
-0.6435588507877665
-0.6437442075996292
-0.6439295644114921
-0.6441149212233549
-0.6443002780352178
-0.6444856348470807
-0.6446709916589435
-0.6448563484708063
-0.8090824837812789
-0.8092678405931417
-0.8094531974050045
-0.8096385542168675
-0.8098239110287303
-0.8100092678405931
-0.810194624652456
-0.8103799814643188
-0.8200185356811862
-0.820389249304912
-0.8205746061167748
-0.8207599629286376
-0.8209453197405004
-0.8211306765523633
-0.8213160333642262
-0.821501390176089
-0.8216867469879519
-0.8218721037998147
-0.8220574606116774
-0.8222428174235402
-0.822428174235403
-0.822613531047266
-0.8227988878591288
-0.8229842446709916
-0.8231696014828545
-0.8233549582947173
-0.8235403151065802
-0.823725671918443
-0.8239110287303059
-0.8240963855421687
-0.8242817423540315
-0.8984244670991659
-0.8986098239110287
-0.8987951807228916
-0.8989805375347545
-0.8991658943466173
-0.8993512511584801
-0.899536607970343
-0.8997219647822057
-0.8999073215940685
-0.9123262279888786
-0.9238183503243743
-0.9240037071362371
-0.9241890639481001
-0.9243744207599629
-0.9245597775718257
-0.9258572752548656
-0.9269694161260426
-0.9271547729379054
-0.9275254865616311
-0.9282669138090826
-0.22446709916589433
-0.22465245597775718
-0.22483781278962003
-0.22502316960148283
-0.27340129749768305
-0.2735866543095459
-0.2737720111214087
-0.2956441149212234
-0.29601482854494904
-0.29620018535681186
-0.3696014828544949
-0.3697868396663577
-0.36997219647822055
-0.3701575532900834
-0.37034291010194625
-0.3705282669138091
-0.3707136237256719
-0.37089898053753473
-0.3710843373493976
-0.3712696941612604
-0.37145505097312326
-0.3716404077849861
-0.37182576459684896
-0.37201112140871173
-0.3721964782205746
-0.37238183503243744
-0.3725671918443003
-0.3727525486561631
-0.37293790546802597
-0.3731232622798888
-0.3733086190917516
-0.37349397590361444
-0.3736793327154773
-0.37386468952734014
-0.37405004633920297
-0.3757182576459685
-0.3759036144578313
-0.37608897126969415
-0.376274328081557
-0.37645968489341985
-0.3766450417052826
-0.3768303985171455
-0.37701575532900833
-0.3772011121408712
-0.377386468952734
-0.37757182576459686
-0.3777571825764597
-0.3779425393883225
-0.37812789620018533
-0.3783132530120482
-0.37849860982391104
-0.37868396663577386
-0.3788693234476367
-0.37905468025949957
-0.3792400370713624
-0.3794253938832252
-0.37961075069508804
-0.37979610750695086
-0.38257645968489346
-0.3855421686746988
-0.3857275254865616
-0.38591288229842446
-0.3873957367933271
-0.38758109360519
-0.3877664504170528
-0.3879518072289157
-0.3881371640407785
-0.3883225208526413
-0.3885078776645041
-0.388693234476367
-0.3888785912882298
-0.389805375347544
-0.3899907321594068
-0.39036144578313253
-0.39147358665430954
-0.39165894346617236
-0.39184430027803524
-0.39202965708989806
-0.39221501390176094
-0.39240037071362366
-0.39258572752548654
-0.4055607043558851
-0.40574606116774786
-0.40593141797961074
-0.4063021316033364
-0.407970342910102
-0.4085264133456904
-0.4087117701575533
-0.4088971269694161
-0.409082483781279
-0.4126042632066728
-0.4148285449490269
-0.41501390176088976
-0.4151992585727525
-0.41538461538461535
-0.41556997219647823
-0.41575532900834106
-0.4159406858202039
-0.41612604263206676
-0.4418906394810009
-0.44207599629286376
-0.4435588507877664
-0.4437442075996293
-0.4439295644114921
-0.444114921223355
-0.4450417052826691
-0.445227062094532
-0.4454124189063948
-0.44559777571825765
-0.4457831325301204
-0.4459684893419833
-0.4461538461538461
-0.446339202965709
-0.44652455977757183
-0.44670991658943465
-0.44689527340129753
-0.51177015755329
-0.8333642261353105
-0.8335495829471733
-0.8467099165894346
-0.8468952734012974
-0.8470806302131603
-0.8472659870250232
-0.847451343836886
-0.8476367006487489
-0.8478220574606117
-0.8480074142724745
-0.8481927710843374
-0.8483781278962003
-0.8485634847080631
-0.8487488415199259
-0.8489341983317886
-0.8491195551436514
-0.8493049119555143
-0.8494902687673771
-0.84967562557924
-0.8498609823911029
-0.8500463392029657
-0.8502316960148285
-0.8504170528266914
-0.8506024096385543
-0.8507877664504171
-0.8509731232622799
-0.8511584800741427
-0.8513438368860057
-0.8515291936978683
-0.8517145505097311
-0.851899907321594
-0.8520852641334569
-0.8522706209453197
-0.8524559777571825
-0.8526413345690453
-0.8528266913809083
-0.8530120481927711
-0.8531974050046339
-0.8533827618164967
-0.8535681186283597
-0.8537534754402225
-0.8539388322520853
-0.854124189063948
-0.8550509731232623
-0.8619091751621872
-0.8620945319740502
-0.8622798887859128
-0.8650602409638554
-0.8652455977757182
-0.865430954587581
-0.8656163113994438
-0.8658016682113068
-0.8659870250231696
-0.8661723818350324
-0.8663577386468952
-0.8665430954587581
-0.866728452270621
-0.8669138090824838
-0.8670991658943467
-0.8672845227062095
-0.8674698795180724
-0.867655236329935
-0.8678405931417978
-0.8680259499536608
-0.8682113067655236
-0.8871177015755328
-0.8873030583873958
-0.8874884151992586
-0.8876737720111214
-0.8878591288229842
-0.8880444856348471
-0.23744207599629288
-0.23762743280815568
-0.23781278962001853
-0.23799814643188139
-0.2381835032437442
-0.23836886005560703
-0.2387395736793327
-0.28507877664504166
-0.28526413345690455
-0.28544949026876737
-0.3212233549582947
-0.34754402224281744
-0.3490268767377201
-0.3495829471733086
-0.35848007414272476
-0.3586654309545876
-0.3588507877664504
-0.35903614457831323
-0.3592215013901761
-0.35940685820203894
-0.35959221501390176
-0.3597775718257646
-0.36126042632066724
-0.3614457831325301
-0.36163113994439294
-0.3618164967562558
-0.3620018535681186
-0.3621872103799815
-0.3623725671918443
-0.3625579240037072
-0.36274328081556995
-0.3629286376274328
-0.36311399443929565
-0.3632993512511585
-0.3634847080630213
-0.3636700648748842
-0.363855421686747
-0.36404077849860983
-0.3647822057460612
-0.3658943466172382
-0.366079703429101
-0.36626506024096384
-0.3664504170528267
-0.3666357738646895
-0.36682113067655236
-0.3675625579240037
-0.36774791473586654
-0.36793327154772937
-0.3681186283595922
-0.3683039851714551
-0.3684893419833179
-0.3686746987951807
-0.36886005560704355
-0.36904541241890637
-0.36923076923076925
-0.3694161260426321
-0.3701575532900834
-0.3705282669138091
-0.37349397590361444
-0.3736793327154773
-0.37386468952734014
-0.3755329008341056
-0.3757182576459685
-0.3759036144578313
-0.37608897126969415
-0.376274328081557
-0.37645968489341985
-0.3766450417052826
-0.3768303985171455
-0.37868396663577386
-0.3788693234476367
-0.37905468025949957
-0.3792400370713624
-0.3794253938832252
-0.37961075069508804
-0.3872103799814643
-0.3883225208526413
-0.3885078776645041
-0.388693234476367
-0.3888785912882298
-0.3890639481000927
-0.38924930491195553
-0.38943466172381835
-0.38962001853568123
-0.389805375347544
-0.3899907321594068
-0.3901760889712697
-0.39036144578313253
-0.39054680259499536
-0.39073215940685824
-0.39091751621872106
-0.39110287303058383
-0.3912882298424467
-0.39147358665430954
-0.39165894346617236
-0.39184430027803524
-0.39202965708989806
-0.39221501390176094
-0.39240037071362366
-0.39258572752548654
-0.39277108433734936
-0.4137164040778498
-0.41390176088971264
-0.4140871177015755
-0.41427247451343835
-0.41445783132530123
-0.41464318813716405
-0.4148285449490269
-0.41501390176088976
-0.4151992585727525
-0.41538461538461535
-0.41556997219647823
-0.41575532900834106
-0.4159406858202039
-0.41612604263206676
-0.4163113994439296
-0.41649675625579236
-0.41668211306765524
-0.41686746987951806
-0.4170528266913809
-0.41723818350324376
-0.4174235403151066
-0.41760889712696947
-0.41779425393883224
-0.41797961075069506
-0.4181649675625579
-0.41835032437442077
-0.4185356811862836
-0.4187210379981465
-0.4189063948100093
-0.41909175162187207
-0.4192771084337349
-0.41946246524559777
-0.4594995366079703
-0.4750695088044486
-0.4754402224281742
-0.47562557924003707
-0.4758109360518999
-0.47599629286376277
-0.4763670064874884
-0.4769230769230769
-0.47784986098239113
-0.4780352177942539
-0.4782205746061168
-0.4784059314179796
-0.4785912882298424
-0.4787766450417053
-0.47896200185356813
-0.479147358665431
-0.4793327154772937
-0.4795180722891566
-0.47970342910101943
-0.4798887859128823
-0.48007414272474513
-0.480259499536608
-0.48044485634847084
-0.4806302131603336
-0.48081556997219643
-0.4810009267840593
-0.48118628359592214
-0.481371640407785
-0.48155699721964784
-0.48174235403151067
-0.48192771084337344
-0.4821130676552363
-0.48229842446709914
-0.482483781278962
-0.48266913809082485
-0.48285449490268767
-0.48303985171455055
-0.4832252085264133
-0.48341056533827614
-0.48359592215013897
-0.48378127896200185
-0.4839666357738647
-0.48415199258572755
-0.4843373493975904
-0.48452270620945326
-0.48470806302131597
-0.48489341983317885
-0.4850787766450417
-0.48526413345690456
-0.4854494902687674
-0.48563484708063026
-0.4858202038924931
-0.48600556070435585
-0.8127896200185357
-0.8129749768303985
-0.8131603336422614
-0.8166821130676553
-0.816867469879518
-0.8170528266913808
-0.8172381835032437
-0.8174235403151066
-0.8177942539388322
-0.8189063948100093
-0.833920296570899
-0.8341056533827618
-0.8437442075996292
-0.8441149212233549
-0.8476367006487489
-0.8478220574606117
-0.8493049119555143
-0.8494902687673771
-0.8504170528266914
-0.8506024096385543
-0.8507877664504171
-0.8509731232622799
-0.8511584800741427
-0.8513438368860057
-0.8515291936978683
-0.8517145505097311
-0.851899907321594
-0.8520852641334569
-0.8522706209453197
-0.8524559777571825
-0.8526413345690453
-0.8528266913809083
-0.8530120481927711
-0.8531974050046339
-0.8533827618164967
-0.8535681186283597
-0.8537534754402225
-0.8539388322520853
-0.854124189063948
-0.8543095458758109
-0.8544949026876737
-0.8546802594995365
-0.8548656163113993
-0.8550509731232623
-0.860982391102873
-0.8611677479147358
-0.8613531047265988
-0.8615384615384616
-0.8617238183503244
-0.8619091751621872
-0.8620945319740502
-0.8622798887859128
-0.8624652455977756
-0.8626506024096385
-0.8628359592215014
-0.8670991658943467
-0.8672845227062095
-0.8674698795180724
-0.867655236329935
-0.8678405931417978
-0.8680259499536608
-0.8682113067655236
-0.8683966635773864
-0.8685820203892493
-0.8687673772011121
-0.868952734012975
-0.8691380908248378
-0.8693234476367007
-0.8695088044485635
-0.8696941612604263
-0.8793327154772937
-0.8795180722891566
-0.8797034291010195
-0.8798887859128823
-0.880259499536608
-0.8804448563484708
-0.8806302131603337
-0.8808155699721966
-0.8810009267840593
-0.8811862835959221
-0.8813716404077849
-0.8815569972196478
-0.8819277108433735
-0.8821130676552363
-0.8822984244670992
-0.8828544949026877
-0.8830398517145506
-0.8832252085264134
-0.8880444856348471
-0.88822984244671
-0.8884151992585728
-0.8886005560704356
-0.8887859128822985
-0.8889712696941612
-0.889156626506024
-0.2155699721964782
-0.21575532900834105
-0.2159406858202039
-0.21612604263206675
-0.21631139944392955
-0.2164967562557924
-0.22094531974050044
-0.2211306765523633
-0.22131603336422614
-0.221501390176089
-0.222613531047266
-0.22279888785912882
-0.22298424467099165
-0.2231696014828545
-0.22335495829471733
-0.22354031510658018
-0.223725671918443
-0.22391102873030583
-0.22409638554216868
-0.22428174235403148
-0.22446709916589433
-0.22465245597775718
-0.22483781278962003
-0.22502316960148283
-0.22520852641334568
-0.22539388322520854
-0.22557924003707133
-0.22576459684893418
-0.22594995366079704
-0.2261353104726599
-0.2263206672845227
-0.22650602409638554
-0.2266913809082484
-0.22687673772011124
-0.22706209453197404
-0.2272474513438369
-0.22743280815569974
-0.22761816496756254
-0.2278035217794254
-0.22798887859128825
-0.22817423540315107
-0.2283595922150139
-0.22854494902687672
-0.22873030583873957
-0.23744207599629288
-0.23762743280815568
-0.23781278962001853
-0.2381835032437442
-0.23836886005560703
-0.23892493049119556
-0.2391102873030584
-0.2392956441149212
-0.24003707136237257
-0.24022242817423542
-0.24040778498609822
-0.2691380908248378
-0.26932344763670063
-0.2695088044485635
-0.2696941612604263
-0.27136237256719187
-0.2845227062094532
-0.284708063021316
-0.2848934198331789
-0.28507877664504166
-0.28526413345690455
-0.28544949026876737
-0.31158480074142725
-0.31177015755329013
-0.3119555143651529
-0.3128822984244671
-0.31306765523632996
-0.3132530120481928
-0.3134383688600556
-0.31362372567191843
-0.31380908248378125
-0.3149212233549583
-0.31510658016682114
-0.31621872103799814
-0.316404077849861
-0.3165894346617238
-0.31677479147358667
-0.3395736793327155
-0.33994439295644113
-0.34012974976830396
-0.34031510658016684
-0.34050046339202966
-0.3406858202038925
-0.342354031510658
-0.34253938832252084
-0.34272474513438367
-0.34291010194624655
-0.3430954587581094
-0.3432808155699722
-0.343466172381835
-0.34365152919369785
-0.344578313253012
-0.34476367006487485
-0.34494902687673773
-0.34587581093605185
-0.34624652455977756
-0.3466172381835032
-0.34735866543095456
-0.3481000926784059
-0.3482854494902688
-0.34884151992585727
-0.3490268767377201
-0.34995366079703427
-0.3501390176088971
-0.35032437442076
-0.3505097312326228
-0.3506950880444856
-0.35088044485634845
-0.35106580166821133
-0.3518072289156627
-0.35199258572752545
-0.35217794253938833
-0.35236329935125116
-0.3527340129749768
-0.3531047265987025
-0.35329008341056534
-0.35347544022242816
-0.3568118628359592
-0.35699721964782205
-0.35718257645968493
-0.3573679332715477
-0.3575532900834106
-0.3577386468952734
-0.35792400370713623
-0.35810936051899905
-0.35829471733086193
-0.35848007414272476
-0.3586654309545876
-0.3588507877664504
-0.35903614457831323
-0.3592215013901761
-0.35940685820203894
-0.35959221501390176
-0.3597775718257646
-0.3599629286376274
-0.36014828544949024
-0.3603336422613531
-0.36051899907321594
-0.36070435588507876
-0.3608897126969416
-0.36107506950880447
-0.36126042632066724
-0.3614457831325301
-0.36163113994439294
-0.3618164967562558
-0.3620018535681186
-0.3621872103799815
-0.3623725671918443
-0.3625579240037072
-0.36274328081556995
-0.3629286376274328
-0.3632993512511585
-0.3634847080630213
-0.3636700648748842
-0.363855421686747
-0.36404077849860983
-0.3644114921223355
-0.3645968489341983
-0.3647822057460612
-0.364967562557924
-0.36515291936978683
-0.36533827618164966
-0.366079703429101
-0.36626506024096384
-0.3664504170528267
-0.3666357738646895
-0.36682113067655236
-0.36719184430027807
-0.36737720111214084
-0.3675625579240037
-0.36774791473586654
-0.37979610750695086
-0.3840593141797961
-0.384244670991659
-0.38443002780352176
-0.3846153846153846
-0.38480074142724746
-0.3849860982391103
-0.3851714550509731
-0.385356811862836
-0.3855421686746988
-0.3857275254865616
-0.38591288229842446
-0.3860982391102873
-0.3862835959221501
-0.386468952734013
-0.3866543095458758
-0.3868396663577387
-0.38702502316960147
-0.3872103799814643
-0.3873957367933271
-0.38758109360519
-0.3877664504170528
-0.3879518072289157
-0.3881371640407785
-0.3883225208526413
-0.3885078776645041
-0.388693234476367
-0.3888785912882298
-0.3890639481000927
-0.38924930491195553
-0.38943466172381835
-0.38962001853568123
-0.389805375347544
-0.3899907321594068
-0.3901760889712697
-0.39036144578313253
-0.39054680259499536
-0.39073215940685824
-0.39091751621872106
-0.39110287303058383
-0.3912882298424467
-0.39147358665430954
-0.39165894346617236
-0.39184430027803524
-0.39202965708989806
-0.39221501390176094
-0.39240037071362366
-0.39258572752548654
-0.39277108433734936
-0.39295644114921224
-0.39314179796107507
-0.39332715477293795
-0.3935125115848008
-0.39369786839666354
-0.39388322520852637
-0.39406858202038925
-0.39425393883225207
-0.39443929564411495
-0.3946246524559778
-0.3948100092678406
-0.39499536607970337
-0.39518072289156625
-0.40092678405931415
-0.401112140871177
-0.40129749768303985
-0.4016682113067655
-0.4018535681186283
-0.40834105653382763
-0.4085264133456904
-0.409082483781279
-0.41427247451343835
-0.41445783132530123
-0.41464318813716405
-0.4148285449490269
-0.41501390176088976
-0.4151992585727525
-0.41538461538461535
-0.41556997219647823
-0.4170528266913809
-0.41723818350324376
-0.4311399443929564
-0.4329935125115848
-0.4331788693234476
-0.4333642261353105
-0.43354958294717333
-0.4337349397590362
-0.4339202965708989
-0.4341056533827618
-0.4342910101946246
-0.4344763670064875
-0.43466172381835033
-0.43484708063021316
-0.4352177942539388
-0.4417052826691381
-0.4418906394810009
-0.44207599629286376
-0.4422613531047266
-0.4424467099165894
-0.4428174235403151
-0.4435588507877664
-0.4437442075996293
-0.4439295644114921
-0.444114921223355
-0.4443002780352178
-0.4444856348470806
-0.4446709916589434
-0.44652455977757183
-0.44670991658943465
-0.44689527340129753
-0.44708063021316036
-0.4472659870250231
-0.447451343836886
-0.44763670064874883
-0.44782205746061166
-0.44800741427247454
-0.44819277108433736
-0.4509731232622799
-0.45115848007414266
-0.45134383688600554
-0.45152919369786837
-0.45171455050973125
-0.4518999073215941
-0.4520852641334569
-0.4522706209453198
-0.4524559777571826
-0.4526413345690454
-0.4528266913809082
-0.46042632066728456
-0.46061167747914733
-0.46079703429101015
-0.46098239110287303
-0.46116774791473586
-0.4613531047265987
-0.46153846153846156
-0.46821130676552364
-0.47414272474513436
-0.4743280815569972
-0.4750695088044486
-0.48452270620945326
-0.48470806302131597
-0.48489341983317885
-0.4850787766450417
-0.48526413345690456
-0.6911955514365153
-0.6913809082483782
-0.691566265060241
-0.6917516218721037
-0.8535681186283597
-0.8537534754402225
-0.8539388322520853
-0.854124189063948
-0.8543095458758109
-0.8556070435588508
-0.8557924003707136
-0.8559777571825765
-0.8561631139944393
-0.8563484708063022
-0.856533827618165
-0.8578313253012048
-0.8596848934198331
-0.8598702502316959
-0.8602409638554216
-0.8683966635773864
-0.8685820203892493
-0.8687673772011121
-0.868952734012975
-0.8691380908248378
-0.8693234476367007
-0.9456904541241891
-0.2148285449490269
-0.2150139017608897
-0.21575532900834105
-0.22075996292863764
-0.22131603336422614
-0.221501390176089
-0.22539388322520854
-0.22557924003707133
-0.22576459684893418
-0.22984244670991658
-0.23002780352177943
-0.23021316033364228
-0.23039851714550508
-0.23058387395736793
-0.23076923076923078
-0.23095458758109358
-0.2387395736793327
-0.23892493049119556
-0.2391102873030584
-0.2392956441149212
-0.23948100092678407
-0.23966635773864686
-0.23985171455050971
-0.2439295644114921
-0.24411492122335496
-0.26005560704355885
-0.26728452270620945
-0.2674698795180723
-0.26765523632993515
-0.2678405931417979
-0.26876737720111216
-0.268952734012975
-0.2691380908248378
-0.26932344763670063
-0.2695088044485635
-0.2696941612604263
-0.26987951807228916
-0.270064874884152
-0.27025023169601486
-0.27043558850787763
-0.2706209453197405
-0.27080630213160334
-0.27099165894346616
-0.271177015755329
-0.27136237256719187
-0.28433734939759037
-0.2845227062094532
-0.2848934198331789
-0.3139944392956441
-0.31417979610750696
-0.3143651529193698
-0.3145505097312326
-0.31473586654309543
-0.3149212233549583
-0.31510658016682114
-0.31529193697868396
-0.3154772937905468
-0.31566265060240967
-0.31621872103799814
-0.316404077849861
-0.342354031510658
-0.34253938832252084
-0.34272474513438367
-0.344578313253012
-0.34476367006487485
-0.34494902687673773
-0.34513438368860055
-0.3453197405004634
-0.3455050973123262
-0.3456904541241891
-0.34587581093605185
-0.34606116774791473
-0.353660797034291
-0.3542168674698795
-0.35458758109360516
-0.3564411492122336
-0.35662650602409635
-0.3568118628359592
-0.35699721964782205
-0.35718257645968493
-0.3573679332715477
-0.3575532900834106
-0.3577386468952734
-0.35792400370713623
-0.35810936051899905
-0.35829471733086193
-0.35848007414272476
-0.3586654309545876
-0.3588507877664504
-0.35903614457831323
-0.3592215013901761
-0.35940685820203894
-0.35959221501390176
-0.3597775718257646
-0.3599629286376274
-0.36014828544949024
-0.3603336422613531
-0.36051899907321594
-0.36070435588507876
-0.3608897126969416
-0.36107506950880447
-0.36126042632066724
-0.3614457831325301
-0.36163113994439294
-0.3618164967562558
-0.3620018535681186
-0.3621872103799815
-0.3623725671918443
-0.36570898980537536
-0.3681186283595922
-0.37979610750695086
-0.37998146431881374
-0.38016682113067657
-0.38035217794253934
-0.3805375347544022
-0.38183503243744205
-0.38257645968489346
-0.3827618164967563
-0.3829471733086191
-0.3831325301204819
-0.38331788693234475
-0.3835032437442076
-0.3879518072289157
-0.3881371640407785
-0.3883225208526413
-0.3885078776645041
-0.388693234476367
-0.3888785912882298
-0.3890639481000927
-0.38924930491195553
-0.38943466172381835
-0.38962001853568123
-0.389805375347544
-0.3899907321594068
-0.3901760889712697
-0.39036144578313253
-0.39054680259499536
-0.39277108433734936
-0.39295644114921224
-0.39314179796107507
-0.39332715477293795
-0.3935125115848008
-0.39369786839666354
-0.39388322520852637
-0.39406858202038925
-0.39425393883225207
-0.39443929564411495
-0.3946246524559778
-0.3948100092678406
-0.39499536607970337
-0.39518072289156625
-0.3953660797034291
-0.3955514365152919
-0.3957367933271548
-0.3959221501390176
-0.3961075069508805
-0.3962928637627433
-0.3964782205746061
-0.40018535681186285
-0.4003707136237256
-0.4005560704355885
-0.401112140871177
-0.40129749768303985
-0.40148285449490273
-0.4016682113067655
-0.4018535681186283
-0.40203892493049115
-0.40222428174235403
-0.40240963855421685
-0.40259499536607973
-0.40278035217794256
-0.40296570898980544
-0.40315106580166815
-0.40333642261353103
-0.40352177942539386
-0.40370713623725674
-0.40389249304911956
-0.4309545875810936
-0.4443002780352178
-0.4444856348470806
-0.4446709916589434
-0.4448563484708063
-0.4450417052826691
-0.445227062094532
-0.4454124189063948
-0.44559777571825765
-0.4457831325301204
-0.4459684893419833
-0.4461538461538461
-0.446339202965709
-0.44652455977757183
-0.44670991658943465
-0.44689527340129753
-0.44708063021316036
-0.4472659870250231
-0.447451343836886
-0.44763670064874883
-0.44800741427247454
-0.44819277108433736
-0.44837812789620024
-0.44856348470806295
-0.45060240963855425
-0.45078776645041707
-0.4509731232622799
-0.45134383688600554
-0.45152919369786837
-0.45171455050973125
-0.4518999073215941
-0.4524559777571826
-0.4526413345690454
-0.4528266913809082
-0.4530120481927711
-0.4531974050046339
-0.4533827618164968
-0.4535681186283596
-0.4537534754402225
-0.4539388322520852
-0.4541241890639481
-0.4543095458758109
-0.4544949026876738
-0.4546802594995366
-0.4548656163113995
-0.4550509731232623
-0.4552363299351251
-0.4554216867469879
-0.4556070435588508
-0.4557924003707136
-0.4559777571825765
-0.4561631139944393
-0.45634847080630214
-0.4565338276181649
-0.4567191844300278
-0.4569045412418906
-0.45708989805375344
-0.4572752548656163
-0.45746061167747915
-0.457645968489342
-0.46024096385542174
-0.46042632066728456
-0.46061167747914733
-0.46079703429101015
-0.46098239110287303
-0.46116774791473586
-0.4613531047265987
-0.46153846153846156
-0.4617238183503244
-0.4654309545875811
-0.4656163113994439
-0.4658016682113068
-0.6904541241890639
-0.6906394810009268
-0.6908248378127896
-0.6910101946246524
-0.6911955514365153
-0.6913809082483782
-0.691566265060241
-0.7110287303058387
-0.7112140871177016
-0.7113994439295644
-0.7119555143651529
-0.7138090824837813
-0.7141797961075069
-0.7143651529193699
-0.7145505097312326
-0.7147358665430954
-0.7149212233549582
-0.7151065801668212
-0.715291936978684
-0.7154772937905468
-0.7156626506024096
-0.7180722891566265
-0.8578313253012048
-0.8580166821130676
-0.8582020389249305
-0.8583873957367933
-0.8585727525486562
-0.8593141797961076
-0.8594995366079703
-0.24059314179796107
-0.24077849860982392
-0.24096385542168672
-0.24114921223354957
-0.24133456904541242
-0.24151992585727527
-0.24170528266913807
-0.24189063948100092
-0.24207599629286378
-0.24226135310472663
-0.24244670991658943
-0.24263206672845228
-0.24281742354031513
-0.24300278035217793
-0.24318813716404078
-0.24337349397590363
-0.24355885078776646
-0.24374420759962928
-0.2439295644114921
-0.24411492122335496
-0.24430027803521778
-0.2444856348470806
-0.24467099165894346
-0.2448563484708063
-0.2450417052826691
-0.24522706209453196
-0.24559777571825767
-0.24578313253012046
-0.24596848934198332
-0.24615384615384617
-0.24633920296570896
-0.24652455977757182
-0.24670991658943467
-0.24689527340129752
-0.24708063021316032
-0.24726598702502317
-0.2489341983317887
-0.24911955514365153
-0.24930491195551435
-0.2494902687673772
-0.25301204819277107
-0.2531974050046339
-0.25338276181649677
-0.2535681186283596
-0.2537534754402224
-0.25393883225208524
-0.2541241890639481
-0.2543095458758109
-0.2544949026876738
-0.2546802594995366
-0.2548656163113995
-0.25505097312326225
-0.25523632993512513
-0.25542168674698795
-0.2556070435588508
-0.2557924003707136
-0.2559777571825765
-0.2561631139944393
-0.25634847080630213
-0.25653382761816496
-0.2567191844300278
-0.25690454124189066
-0.2570898980537535
-0.2572752548656163
-0.25746061167747913
-0.25764596848934196
-0.2578313253012048
-0.25801668211306766
-0.2582020389249305
-0.2583873957367933
-0.2593141797961075
-0.25949953660797037
-0.25968489341983314
-0.259870250231696
-0.26005560704355885
-0.2602409638554217
-0.2604263206672845
-0.2606116774791474
-0.2607970342910102
-0.260982391102873
-0.26116774791473585
-0.26135310472659873
-0.26153846153846155
-0.2617238183503244
-0.2619091751621872
-0.26209453197405
-0.2622798887859129
-0.2654309545875811
-0.26561631139944397
-0.26580166821130674
-0.2659870250231696
-0.26617238183503245
-0.26635773864689527
-0.2665430954587581
-0.2667284522706209
-0.2669138090824838
-0.2670991658943466
-0.26728452270620945
-0.2674698795180723
-0.27228915662650605
-0.2728452270620945
-0.27303058387395734
-0.27321594068582017
-0.27340129749768305
-0.2735866543095459
-0.3421686746987952
-0.3453197405004634
-0.3456904541241891
-0.34587581093605185
-0.3466172381835032
-0.3495829471733086
-0.3540315106580167
-0.3542168674698795
-0.35440222428174234
-0.35458758109360516
-0.354772937905468
-0.35495829471733087
-0.3551436515291937
-0.3553290083410565
-0.35551436515291934
-0.3556997219647822
-0.35588507877664505
-0.35607043558850787
-0.3562557924003707
-0.3564411492122336
-0.35662650602409635
-0.3568118628359592
-0.35699721964782205
-0.35718257645968493
