0.4836336888561971
0.4838175799926443
0.5954394998161088
0.595623390952556
0.8766090474439132
0.8767929385803602
0.8769768297168076
0.9086061051857299
0.9087899963221772
0.9126517101875689
0.9128356013240161
0.9130194924604633
0.9132033835969106
0.9133872747333577
0.9135711658698049
0.9137550570062523
0.9139389481426995
0.9141228392791466
0.9143067304155938
0.9144906215520411
0.9146745126884883
0.9148584038249357
0.9150422949613827
0.91522618609783
0.9154100772342773
0.9155939683707245
0.9157778595071716
0.9159617506436188
0.9161456417800661
0.9163295329165134
0.9165134240529604
0.9166973151894078
0.916881206325855
0.9170650974623022
0.9172489885987495
0.9174328797351966
0.9176167708716438
0.9178006620080912
0.9179845531445384
0.9181684442809855
0.9196395733725634
0.9455682236116218
0.9457521147480691
0.9459360058845162
0.9461198970209634
0.9604634056638469
0.9606472968002941
0.9608311879367414
0.9610150790731885
0.9611989702096357
0.9749908054431775
0.770319970577418
0.7708716439867598
0.7721588819418903
0.814821625597646
0.8150055167340933
0.8297168076498712
0.8569326958440602
0.8571165869805074
0.8573004781169546
0.8767929385803602
0.8769768297168076
0.8771607208532548
0.877344611989702
0.9089738874586244
0.9091577785950716
0.909525560867966
0.9100772342773078
0.9102611254137549
0.9104450165502022
0.9106289076866494
0.9108127988230967
0.9109966899595437
0.9111805810959911
0.9113644722324383
0.9115483633688856
0.9117322545053327
0.9119161456417799
0.9121000367782272
0.9122839279146745
0.9124678190511217
0.9126517101875689
0.9128356013240161
0.9130194924604633
0.9132033835969106
0.9133872747333577
0.9135711658698049
0.9137550570062523
0.9139389481426995
0.9141228392791466
0.9143067304155938
0.9144906215520411
0.9146745126884883
0.9148584038249357
0.9150422949613827
0.91522618609783
0.9154100772342773
0.9155939683707245
0.9157778595071716
0.9159617506436188
0.9161456417800661
0.9163295329165134
0.9165134240529604
0.9166973151894078
0.916881206325855
0.9170650974623022
0.9172489885987495
0.9174328797351966
0.9176167708716438
0.9178006620080912
0.9179845531445384
0.9181684442809855
0.9183523354174328
0.91853622655388
0.9187201176903272
0.9189040088267744
0.9190878999632216
0.919271791099669
0.9196395733725634
0.9198234645090105
0.9200073556454578
0.9461198970209634
0.9463037881574107
0.946487679293858
0.9466715704303053
0.9468554615667524
0.9606472968002941
0.9608311879367414
0.9610150790731885
0.9611989702096357
0.9722324383964691
0.9724163295329163
0.9726002206693637
0.9727841118058109
0.9738874586244941
0.9740713497609415
0.9742552408973887
0.7695844060316291
0.7697682971680764
0.7699521883045236
0.770136079440971
0.770319970577418
0.7705038617138653
0.7706877528503125
0.7708716439867598
0.771055535123207
0.7712394262596541
0.7714233173961014
0.7716072085325487
0.771791099668996
0.7719749908054431
0.7721588819418903
0.7723427730783375
0.7725266642147848
0.7727105553512319
0.7728944464876791
0.7730783376241265
0.7732622287605737
0.773446119897021
0.7736300110334681
0.7738139021699153
0.7739977933063625
0.7741816844428099
0.7743655755792569
0.7745494667157042
0.7747333578521515
0.7749172489885987
0.7751011401250458
0.7752850312614931
0.7754689223979403
0.7852151526296433
0.7853990437660903
0.7855829349025376
0.7857668260389848
0.7859507171754321
0.7861346083118793
0.7863184994483264
0.7877896285399042
0.7879735196763514
0.7881574108127988
0.8036042662743655
0.8037881574108127
0.8039720485472599
0.8041559396837071
0.8043398308201545
0.8045237219566015
0.8184994483265906
0.8286134608311878
0.828797351967635
0.8493931592497241
0.8495770503861714
0.8497609415226185
0.8499448326590657
0.919271791099669
0.9194556822361162
0.9196395733725634
0.9354542111070246
0.9356381022434717
0.935821993379919
0.9360058845163662
0.9361897756528135
0.961382861346083
0.9615667524825303
0.9617506436189776
0.9619345347554247
0.9621184258918719
0.9623023170283191
0.9624862081647664
0.9626700993012135
0.9628539904376607
0.9630378815741081
0.9632217727105553
0.9634056638470024
0.9635895549834497
0.9637734461198969
0.9639573372563441
0.9641412283927915
0.9643251195292385
0.9771974990805442
0.9773813902169914
0.9775652813534387
0.9808753218094886
0.9867598381757998
0.986943729312247
0.9871276204486943
0.9873115115851414
0.9884148584038248
0.988598749540272
0.9911732254505332
0.9913571165869803
0.9915410077234276
0.9917248988598749
0.9930121368150053
0.9931960279514527
0.9933799190878999
0.26259654284663475
0.769400514895182
0.7695844060316291
0.7697682971680764
0.7699521883045236
0.770136079440971
0.770319970577418
0.7705038617138653
0.7706877528503125
0.7708716439867598
0.771055535123207
0.7712394262596541
0.7714233173961014
0.7716072085325487
0.771791099668996
0.7719749908054431
0.7721588819418903
0.7723427730783375
0.7725266642147848
0.7727105553512319
0.7728944464876791
0.7730783376241265
0.7732622287605737
0.773446119897021
0.7736300110334681
0.7738139021699153
0.7739977933063625
0.7741816844428099
0.7743655755792569
0.7745494667157042
0.7833762412651709
0.7835601324016181
0.7837440235380655
0.7839279146745125
0.7841118058109598
0.7848473703567487
0.7850312614931959
0.7852151526296433
0.7853990437660903
0.7855829349025376
0.7857668260389848
0.7859507171754321
0.7861346083118793
0.7863184994483264
0.7865023905847737
0.786686281721221
0.7868701728576682
0.7870540639941154
0.7872379551305626
0.7874218462670098
0.7876057374034571
0.7877896285399042
0.7879735196763514
0.8037881574108127
0.8039720485472599
0.8041559396837071
0.8043398308201545
0.8045237219566015
0.8047076130930488
0.8048915042294961
0.8050753953659433
0.8052592865023905
0.8054431776388377
0.82714233173961
0.8273262228760573
0.8275101140125044
0.8400147112909158
0.840198602427363
0.8403824935638101
0.8405663847002574
0.8407502758367046
0.8409341669731519
0.8411180581095989
0.8413019492460463
0.8414858403824935
0.8416697315189408
0.8418536226553879
0.8420375137918351
0.8473703567488047
0.8475542478852518
0.8802868701728576
0.8865391688120632
0.9273630011033468
0.927546892239794
0.9646929018021331
0.9661640308937108
0.9663479220301581
0.9665318131666053
0.9667157043030524
0.9668995954394997
0.967083486575947
0.9766458256712026
0.9768297168076499
0.977013607944097
0.9771974990805442
0.9773813902169914
0.9775652813534387
0.9777491724898858
0.977933063626333
0.9781169547627804
0.9783008458992276
0.9784847370356747
0.978668628172122
0.9790364104450164
0.9794041927179108
0.9801397572636997
0.980323648400147
0.9805075395365942
0.9806914306730415
0.9808753218094886
0.9810592129459359
0.9812431040823831
0.9814269952188304
0.9816108863552776
0.9817947774917247
0.981978668628172
0.9873115115851414
0.9874954027215886
0.987679293858036
0.9878631849944832
0.9965060684075027
0.9966899595439499
0.996873850680397
0.997609415226186
0.771055535123207
0.7712394262596541
0.7723427730783375
0.7725266642147848
0.7727105553512319
0.7728944464876791
0.7730783376241265
0.7732622287605737
0.773446119897021
0.7736300110334681
0.7738139021699153
0.7808017653549097
0.780985656491357
0.7811695476278043
0.7844795880838543
0.7846634792203014
0.7865023905847737
0.786686281721221
0.7868701728576682
0.7870540639941154
0.7872379551305626
0.82052225082751
0.8258550937844795
0.8260389849209266
0.8262228760573739
0.8264067671938212
0.8265906583302685
0.8267745494667156
0.8269584406031628
0.82714233173961
0.8273262228760573
0.8275101140125044
0.8276940051489516
0.827877896285399
0.828797351967635
0.8387274733357851
0.8416697315189408
0.8418536226553879
0.8438764251563075
0.8440603162927547
0.8442442074292018
0.844428098565649
0.8446119897020963
0.8447958808385435
0.8449797719749909
0.8451636631114379
0.8453475542478852
0.9656123574843692
0.9657962486208163
0.9672673777123942
0.9674512688488414
0.9676351599852886
0.9678190511217358
0.9680029422581831
0.9681868333946302
0.9683707245310774
0.9685546156675248
0.968738506803972
0.9689223979404192
0.9691062890768664
0.9692901802133136
0.9694740713497608
0.9696579624862082
0.9698418536226552
0.9700257447591025
0.9790364104450164
0.9794041927179108
0.9795880838543581
0.9797719749908054
0.9799558661272526
0.9801397572636997
0.980323648400147
0.9805075395365942
0.9806914306730415
0.9808753218094886
0.9810592129459359
0.9812431040823831
0.9814269952188304
0.9816108863552776
0.9817947774917247
0.981978668628172
0.9821625597646193
0.9823464509010665
0.9825303420375137
0.9827142331739609
0.9828981243104081
0.9830820154468554
0.9832659065833025
0.9834497977197497
0.9836336888561971
0.9862081647664582
0.9863920559029055
0.9865759470393526
0.9915410077234276
0.9917248988598749
0.9919087899963221
0.9920926811327693
0.996873850680397
0.9970577418168443
0.9972416329532916
0.9974255240897388
0.6905112173593232
0.6906951084957704
0.7129459360058844
0.7131298271423316
0.7212210371460095
0.786686281721221
0.8256712026480323
0.8258550937844795
0.8260389849209266
0.8262228760573739
0.8267745494667156
0.8269584406031628
0.82714233173961
0.8273262228760573
0.8275101140125044
0.8276940051489516
0.827877896285399
0.829532916513424
0.8297168076498712
0.8299006987863183
0.8300845899227656
0.8302684810592128
0.8304523721956601
0.8306362633321074
0.8322912835601323
0.840198602427363
0.980323648400147
0.9805075395365942
0.9806914306730415
0.9808753218094886
0.9810592129459359
0.9812431040823831
0.9814269952188304
0.9816108863552776
0.9817947774917247
0.981978668628172
0.9821625597646193
0.9823464509010665
0.9825303420375137
0.9827142331739609
0.9828981243104081
0.9830820154468554
0.9832659065833025
0.9838175799926443
0.9915410077234276
0.9917248988598749
0.9919087899963221
0.9920926811327693
0.9959543949981609
0.9970577418168443
0.9972416329532916
0.9974255240897388
0.22784111805810958
0.22839279146745123
0.7204854726002206
0.8142699521883044
0.8144538433247517
0.8146377344611989
0.814821625597646
0.8150055167340933
0.8151894078705405
0.8153732990069879
0.8155571901434351
0.8157410812798822
0.8159249724163294
0.8161088635527767
0.8168444280985656
0.8170283192350128
0.8256712026480323
0.8258550937844795
0.8260389849209266
0.8262228760573739
0.8264067671938212
0.8613460831187936
0.8615299742552409
0.8617138653916879
0.8618977565281353
0.8620816476645825
0.8628172122103713
0.9816108863552776
0.9817947774917247
0.981978668628172
0.9821625597646193
0.9823464509010665
0.9825303420375137
0.9827142331739609
0.9828981243104081
0.9830820154468554
0.5696947407134976
0.5698786318499448
0.6881206325855094
0.6883045237219565
0.6884884148584037
0.688672305994851
0.6905112173593232
0.6906951084957704
0.6908789996322177
0.7039352703199705
0.7041191614564177
0.704303052592865
0.7044869437293122
0.7046708348657594
0.7048547260022067
0.8159249724163294
0.8161088635527767
0.8162927546892239
0.8613460831187936
0.981978668628172
0.9821625597646193
0.9823464509010665
0.9825303420375137
0.9827142331739609
0.9828981243104081
0.9830820154468554
0.7699521883045236
0.770136079440971
0.770319970577418
0.7705038617138653
0.7706877528503125
0.7708716439867598
0.771055535123207
0.7712394262596541
0.7714233173961014
0.7716072085325487
0.771791099668996
0.7719749908054431
0.7721588819418903
0.7723427730783375
0.7725266642147848
0.7727105553512319
0.7730783376241265
0.773446119897021
0.7736300110334681
0.7738139021699153
0.7739977933063625
0.7741816844428099
0.7743655755792569
0.7745494667157042
0.7853990437660903
0.7855829349025376
0.7857668260389848
0.7859507171754321
0.7861346083118793
0.7863184994483264
0.7865023905847737
0.786686281721221
0.7868701728576682
0.7870540639941154
0.7872379551305626
0.7874218462670098
0.7876057374034571
0.7877896285399042
0.7879735196763514
0.7881574108127988
0.8041559396837071
0.8043398308201545
0.8045237219566015
0.8047076130930488
0.8048915042294961
0.8050753953659433
0.8052592865023905
0.8273262228760573
0.8275101140125044
0.8276940051489516
0.827877896285399
0.8280617874218462
0.8282456785582935
0.840198602427363
0.8403824935638101
0.8405663847002574
0.8407502758367046
0.8409341669731519
0.8411180581095989
0.8413019492460463
0.8414858403824935
0.8416697315189408
0.8418536226553879
0.8420375137918351
0.8422214049282823
0.8799190878999632
0.8801029790364103
0.8802868701728576
0.8865391688120632
0.8867230599485104
0.8869069510849577
0.9354542111070246
0.9496138286134608
0.949797719749908
0.9641412283927915
0.9643251195292385
0.9657962486208163
0.9659801397572636
0.9661640308937108
0.9663479220301581
0.9764619345347553
0.9766458256712026
0.9806914306730415
0.9808753218094886
0.9810592129459359
0.9812431040823831
0.9814269952188304
0.9880470761309303
0.9924604634056637
0.992644354542111
0.9928282456785581
0.9935638102243471
0.9937477013607943
0.9939315924972415
0.9941154836336887
0.9942993747701361
0.9944832659065831
0.9946671570430304
0.9948510481794777
0.9950349393159249
0.995218830452372
0.9954027215888193
0.9955866127252665
0.9957705038617138
0.9959543949981609
0.9961382861346082
0.9963221772710554
0.9965060684075027
0.9966899595439499
0.996873850680397
0.9970577418168443
0.9972416329532916
0.9974255240897388
0.997609415226186
0.9977933063626332
0.9979771974990804
0.5676719382125781
0.5678558293490253
0.5680397204854726
0.8767929385803602
0.8775285031261493
0.8777123942625964
0.8778962853990436
0.878080176535491
0.9086061051857299
0.9087899963221772
0.9132033835969106
0.9133872747333577
0.9135711658698049
0.9137550570062523
0.9139389481426995
0.9141228392791466
0.9143067304155938
0.9144906215520411
0.9146745126884883
0.9148584038249357
0.9150422949613827
0.91522618609783
0.9154100772342773
0.9155939683707245
0.9157778595071716
0.9159617506436188
0.9161456417800661
0.9163295329165134
0.9165134240529604
0.9166973151894078
0.916881206325855
0.9170650974623022
0.9172489885987495
0.9174328797351966
0.9176167708716438
0.9178006620080912
0.9179845531445384
0.9181684442809855
0.9183523354174328
0.91853622655388
0.9190878999632216
0.9446487679293857
0.9448326590658329
0.9450165502022803
0.9452004413387273
0.9453843324751746
0.9459360058845162
0.9461198970209634
0.9463037881574107
0.946487679293858
0.9606472968002941
0.9608311879367414
0.9610150790731885
0.972968002942258
0.9731518940787053
0.9733357852151525
0.9735196763515997
0.9737035674880469
0.9742552408973887
0.9744391320338359
0.974623023170283
0.6956601691798455
0.6958440603162926
0.8300845899227656
0.8302684810592128
0.8304523721956601
0.8306362633321074
0.8424052960647297
0.8425891872011769
0.842773078337624
0.8429569694740713
0.8431408606105185
0.8433247517469658
0.8503126149319602
0.8504965060684075
0.8506803972048546
0.8508642883413019
0.8510481794777491
0.8512320706141964
0.8514159617506435
0.8515998528870907
0.851783744023538
0.8519676351599853
0.8521515262964323
0.8523354174328797
0.8525193085693269
0.8527031997057741
0.8528870908422214
0.8530709819786685
0.8532548731151157
0.8534387642515631
0.8536226553880103
0.8538065465244574
0.8539904376609047
0.8541743287973519
0.8543582199337991
0.8545421110702462
0.8547260022066935
0.8549098933431408
0.8550937844795881
0.8552776756160353
-0.5695108495770503
-0.5696947407134976
-0.5698786318499448
-0.9293858036042661
-0.9295696947407134
-0.9297535858771606
-0.929937477013608
-0.930121368150055
-0.9303052592865023
-0.9304891504229496
-0.9306730415593968
-0.9308569326958439
-0.9310408238322911
-0.9312247149687384
-0.9314086061051857
-0.9315924972416327
-0.9317763883780801
-0.9319602795145273
-0.9321441706509745
-0.9323280617874218
-0.9349025376976828
-0.9350864288341301
-0.9352703199705773
-0.9354542111070246
-0.9356381022434717
-0.935821993379919
-0.9360058845163662
-0.9361897756528135
-0.9363736667892606
-0.9365575579257078
-0.9367414490621551
-0.9369253401986024
-0.9371092313350496
-0.9372931224714968
-0.937477013607944
-0.8878264067671938
-0.8880102979036409
-0.8881941890400882
-0.9097094520044133
-0.9098933431408606
-0.9100772342773078
-0.9102611254137549
-0.9104450165502022
-0.9106289076866494
-0.9108127988230967
-0.9109966899595437
-0.9111805810959911
-0.9113644722324383
-0.9115483633688856
-0.9117322545053327
-0.9119161456417799
-0.9139389481426995
-0.9141228392791466
-0.9143067304155938
-0.9144906215520411
-0.9146745126884883
-0.9148584038249357
-0.9150422949613827
-0.91522618609783
-0.9154100772342773
-0.9155939683707245
-0.9157778595071716
-0.9159617506436188
-0.9161456417800661
-0.9163295329165134
-0.9165134240529604
-0.9166973151894078
-0.916881206325855
-0.9170650974623022
-0.9172489885987495
-0.9174328797351966
-0.9176167708716438
-0.9178006620080912
-0.9255240897388745
-0.9257079808753217
-0.925891872011769
-0.926075763148216
-0.9262596542846634
-0.9264435454211106
-0.9266274365575579
-0.9268113276940051
-0.9269952188304522
-0.9271791099668995
-0.9273630011033468
-0.927546892239794
-0.9277307833762412
-0.8749540272158881
-0.8751379183523355
-0.8753218094887825
-0.8755057006252298
-0.875689591761677
-0.8758734828981243
-0.8760573740345714
-0.8762412651710186
-0.8764251563074659
-0.8766090474439132
-0.8767929385803602
-0.8769768297168076
-0.8771607208532548
-0.877344611989702
-0.8823096726737771
-0.8824935638102243
-0.8826774549466715
-0.8828613460831187
-0.883045237219566
-0.8832291283560131
-0.8834130194924603
-0.8835969106289077
-0.8837808017653549
-0.883964692901802
-0.8841485840382493
-0.8843324751746965
-0.8845163663111437
-0.8847002574475911
-0.8848841485840381
-0.8850680397204854
-0.8852519308569327
-0.8854358219933799
-0.885619713129827
-0.8858036042662742
-0.8859874954027215
-0.8861713865391688
-0.8863552776756158
-0.8865391688120632
-0.8867230599485104
-0.8869069510849577
-0.8870908422214049
-0.887274733357852
-0.8874586244942992
-0.8876425156307466
-0.8878264067671938
-0.8880102979036409
-0.8881941890400882
-0.8883780801765354
-0.8885619713129826
-0.8887458624494298
-0.888929753585877
-0.8891136447223243
-0.8892975358587716
-0.8894814269952187
-0.8896653181316659
-0.8898492092681132
-0.8900331004045604
-0.8902169915410078
-0.8904008826774548
-0.8905847738139021
-0.8907686649503493
-0.8909525560867966
-0.8911364472232437
-0.8913203383596909
-0.8915042294961382
-0.8916881206325855
-0.8918720117690325
-0.8920559029054799
-0.8922397940419271
-0.8924236851783743
-0.8926075763148216
-0.9102611254137549
-0.9104450165502022
-0.9106289076866494
-0.9108127988230967
-0.9109966899595437
-0.9111805810959911
-0.9146745126884883
-0.9148584038249357
-0.9150422949613827
-0.91522618609783
-0.9154100772342773
-0.9155939683707245
-0.9157778595071716
-0.9159617506436188
-0.9161456417800661
-0.9163295329165134
-0.9165134240529604
-0.9166973151894078
-0.916881206325855
-0.9170650974623022
-0.9172489885987495
-0.9174328797351966
-0.9176167708716438
-0.9178006620080912
-0.9179845531445384
-0.9181684442809855
-0.9183523354174328
-0.91853622655388
-0.9617506436189776
-0.9619345347554247
-0.9621184258918719
-0.9623023170283191
-0.9624862081647664
-0.8885619713129826
-0.8887458624494298
-0.909525560867966
-0.9097094520044133
-0.9098933431408606
-0.9100772342773078
-0.9102611254137549
-0.9104450165502022
-0.9106289076866494
-0.9108127988230967
-0.9109966899595437
-0.9111805810959911
-0.9113644722324383
-0.9115483633688856
-0.9117322545053327
-0.9119161456417799
-0.9121000367782272
-0.9122839279146745
-0.9124678190511217
-0.9126517101875689
-0.9128356013240161
-0.9130194924604633
-0.9132033835969106
-0.9133872747333577
-0.9135711658698049
-0.9137550570062523
-0.9139389481426995
-0.9141228392791466
-0.9143067304155938
-0.9144906215520411
-0.9146745126884883
-0.9148584038249357
-0.9150422949613827
-0.91522618609783
-0.9154100772342773
-0.9155939683707245
-0.9157778595071716
-0.9159617506436188
-0.9161456417800661
-0.9163295329165134
-0.9165134240529604
-0.9166973151894078
-0.916881206325855
-0.9170650974623022
-0.9172489885987495
-0.9174328797351966
-0.9176167708716438
-0.9251563074659801
-0.9253401986024272
-0.9255240897388745
-0.9257079808753217
-0.925891872011769
-0.926075763148216
-0.9262596542846634
-0.4808753218094888
-0.9516366311143801
-0.9518205222508274
-0.9520044133872747
-0.9509010665685913
-0.951452739977933
-0.2164398675983817
-0.21662375873482895
-0.2168076498712762
-0.21699154100772342
-0.21717543214417065
-0.21735932328061786
-0.2175432144170651
-0.2177271055535123
-0.21791099668995953
-0.21809488782640674
-0.21827877896285397
-0.21846267009930118
-0.2186465612357484
-0.21883045237219562
-0.21901434350864285
-0.21919823464509006
-0.21938212578153732
-0.21956601691798455
-0.21974990805443176
-0.219933799190879
-0.2201176903273262
-0.22030158146377343
-0.22048547260022064
-0.22066936373666787
-0.22085325487311508
-0.2210371460095623
-0.22122103714600952
-0.22140492828245675
-0.22158881941890396
-0.22177271055535122
-0.22195660169179846
-0.22214049282824566
-0.2223243839646929
-0.2225082751011401
-0.22269216623758734
-0.22287605737403454
-0.22305994851048178
-0.22324383964692898
-0.22342773078337622
-0.22361162191982342
-0.22379551305627066
-0.22397940419271786
-0.2241632953291651
-0.22434718646561236
-0.22453107760205956
-0.2247149687385068
-0.2291283560132401
-0.22931224714968737
-0.2294961382861346
-0.2296800294225818
-0.22986392055902904
-0.4505332842956969
-0.45071717543214407
-0.45255608679661635
-0.45273997793306353
-0.4529238690695108
-0.453107760205958
-0.45329165134240523
-0.4534755424788525
-0.4536594336152997
-0.9510849577050385
-0.9512688488414858
-0.005516734093416697
-0.0057006252298639195
-0.007723427730783375
-0.007907318867230598
-0.008091210003677822
-0.008275101140125045
-0.008642883413019492
-0.17598381757999262
-0.17616770871643986
-0.17635159985288706
-0.1765354909893343
-0.17671938212578153
-0.17690327326222874
-0.17708716439867597
-0.17727105553512318
-0.1923501287237955
-0.19253401986024274
-0.19271791099668995
-0.19290180213313718
-0.4862081647664582
-0.48639205590290546
