0.3645276292335116
0.364654952890247
0.3647822765469824
0.3649096002037178
0.3652915711739241
0.36707410236821997
0.512095747389865
0.5122230710466005
0.5123503947033359
0.535650623885918
0.5431627196333079
0.5432900432900433
0.5434173669467787
0.5435446906035141
0.5436720142602495
0.543799337916985
0.5439266615737204
0.5440539852304559
0.5441813088871913
0.5443086325439267
0.5444359562006621
0.5445632798573975
0.6431117901706136
0.6432391138273491
0.6595365418894831
0.6596638655462185
0.659791189202954
0.6599185128596894
0.6600458365164248
0.6601731601731602
0.673414820473644
0.6735421441303794
0.6736694677871148
0.6740514387573211
0.6741787624140565
0.674306086070792
0.6744334097275274
0.6745607333842628
0.6992615227909346
0.69938884644767
0.6995161701044054
0.6996434937611408
0.6997708174178762
0.6998981410746116
0.7000254647313471
0.7001527883880825
0.7002801120448179
0.7004074357015534
0.7052457346574993
0.7053730583142347
0.7055003819709702
0.7161955691367455
0.7163228927934809
0.7164502164502164
0.7165775401069518
0.7167048637636874
0.7168321874204228
0.7169595110771582
0.7170868347338936
0.717214158390629
0.7173414820473644
0.7174688057040998
0.7178507766743061
0.7179781003310415
0.7181054239877769
0.7182327476445124
0.7183600713012478
0.7184873949579832
0.7186147186147186
0.718742042271454
0.7188693659281895
0.7189966895849249
0.7191240132416603
0.7192513368983957
0.7193786605551311
0.7195059842118665
0.7196333078686019
0.7197606315253373
0.7198879551820727
0.7200152788388083
0.7201426024955437
0.7202699261522791
0.7203972498090145
0.7205245734657499
0.7206518971224853
0.7207792207792207
0.7209065444359561
0.7210338680926915
0.722052457346575
0.7252355487649604
0.725362872421696
0.7254901960784315
0.7256175197351669
0.7257448433919023
0.7258721670486377
0.7259994907053731
0.7261268143621085
0.7262541380188439
0.7263814616755793
0.7265087853323147
0.7266361089890502
0.7267634326457856
0.726890756302521
0.7270180799592564
0.7271454036159919
0.7272727272727273
0.7274000509294627
0.7275273745861981
0.7276546982429335
0.727782021899669
0.7279093455564044
0.7280366692131398
0.7281639928698752
0.7282913165266106
0.728418640183346
0.7285459638400814
0.7286732874968168
0.7288006111535522
0.7289279348102878
0.7290552584670232
0.7291825821237586
0.729309905780494
0.7294372294372294
0.7295645530939648
0.7296918767507002
0.7298192004074356
0.729946524064171
0.7300738477209066
0.730201171377642
0.7303284950343774
0.7304558186911128
0.7305831423478482
0.7307104660045837
0.7308377896613191
0.7309651133180545
0.73109243697479
0.7312197606315254
0.7313470842882608
0.9960529666412019
0.9961802902979374
0.9963076139546728
0.9964349376114082
0.511204481792717
0.5113318054494526
0.511459129106188
0.5115864527629234
0.5117137764196588
0.5215176979882862
0.5216450216450216
0.5241914947797301
0.5243188184364656
0.524446142093201
0.5245734657499364
0.5247007894066718
0.5296664120193533
0.5297937356760887
0.5299210593328241
0.5300483829895595
0.5301757066462949
0.5303030303030303
0.5304303539597657
0.5305576776165011
0.5306850012732366
0.530812324929972
0.5309396485867074
0.5310669722434428
0.5311942959001782
0.5313216195569137
0.5314489432136491
0.5315762668703845
0.5317035905271199
0.5318309141838554
0.5425261013496308
0.5426534250063662
0.5427807486631016
0.5429080723198371
0.5430353959765725
0.5431627196333079
0.5432900432900433
0.5434173669467787
0.5435446906035141
0.5436720142602495
0.5454545454545454
0.5455818691112809
0.5458365164247517
0.5459638400814871
0.5460911637382225
0.5488922841864018
0.5490196078431372
0.5491469314998727
0.5492742551566081
0.5494015788133435
0.5670995670995671
0.5672268907563025
0.5673542144130379
0.5674815380697734
0.5676088617265088
0.5677361853832442
0.5678635090399796
0.567990832696715
0.6050420168067226
0.6415839062897886
0.6417112299465241
0.6418385536032595
0.6419658772599949
0.6420932009167304
0.6422205245734658
0.6423478482302012
0.6424751718869366
0.642602495543672
0.6431117901706136
0.6432391138273491
0.6433664374840845
0.64349376114082
0.6436210847975554
0.6437484084542908
0.6438757321110262
0.6440030557677616
0.644130379424497
0.6442577030812325
0.6443850267379679
0.6445123503947033
0.6446396740514387
0.6447669977081741
0.6448943213649095
0.6450216450216449
0.6451489686783803
0.6452762923351159
0.6454036159918514
0.6455309396485868
0.6456582633053222
0.6457855869620576
0.645912910618793
0.6460402342755284
0.6461675579322638
0.6462948815889992
0.6464222052457346
0.6465495289024701
0.6466768525592055
0.6468041762159409
0.6469314998726763
0.6470588235294118
0.6471861471861472
0.6592818945760122
0.6603004838298956
0.6605551311433664
0.6606824548001018
0.6995161701044054
0.6996434937611408
0.6997708174178762
0.6998981410746116
0.7000254647313471
0.7001527883880825
0.7002801120448179
0.7004074357015534
0.7005347593582888
0.7006620830150242
0.7030812324929971
0.7032085561497325
0.7033358798064681
0.7034632034632035
0.7035905271199389
0.7037178507766743
0.7047364400305577
0.7048637636872931
0.7175961293608352
0.7177234530175707
0.7178507766743061
0.7203972498090145
0.7205245734657499
0.7206518971224853
0.7207792207792207
0.7209065444359561
0.7210338680926915
0.721161191749427
0.7212885154061625
0.7214158390628979
0.7215431627196333
0.7216704863763687
0.7217978100331042
0.7219251336898396
0.722052457346575
0.7221797810033105
0.7223071046600459
0.7224344283167813
0.7225617519735167
0.7226890756302521
0.7228163992869875
0.7235803412274001
0.7242169595110771
0.7243442831678125
0.724471606824548
0.7245989304812834
0.7247262541380188
0.7248535777947542
0.7249809014514896
0.725108225108225
0.7308377896613191
0.7309651133180545
0.73109243697479
0.7312197606315254
0.7313470842882608
0.7314744079449962
0.7316017316017316
0.731729055258467
0.7318563789152024
0.7319837025719378
0.7321110262286732
0.7322383498854087
0.7323656735421441
0.7324929971988796
0.732620320855615
0.7327476445123504
0.7328749681690858
0.7330022918258212
0.7331296154825566
0.733256939139292
0.7415329768270945
0.7416603004838299
0.7417876241405653
0.7419149477973007
0.7420422714540361
0.7421695951107715
0.742296918767507
0.40094219505984213
0.40106951871657753
0.401196842373313
0.511204481792717
0.5113318054494526
0.511459129106188
0.5115864527629234
0.5117137764196588
0.5118411000763942
0.5134963076139547
0.5136236312706901
0.5137509549274255
0.5138782785841609
0.5171886936592819
0.5173160173160173
0.5174433409727527
0.5175706646294882
0.5176979882862236
0.517825311942959
0.5179526355996944
0.5180799592564298
0.5182072829131652
0.5183346065699006
0.5184619302266361
0.5185892538833715
0.5199898141074611
0.5201171377641965
0.5202444614209321
0.5203717850776675
0.5204991087344029
0.5206264323911383
0.5207537560478737
0.5234275528393175
0.5235548764960529
0.5236822001527883
0.5238095238095237
0.5239368474662591
0.5240641711229946
0.5241914947797301
0.5243188184364656
0.524446142093201
0.5247007894066718
0.5248281130634072
0.5249554367201426
0.5250827603768781
0.5252100840336135
0.5253374076903489
0.5254647313470843
0.5255920550038197
0.5257193786605551
0.5263559969442323
0.5269926152279093
0.5271199388846447
0.5272472625413801
0.5273745861981156
0.527501909854851
0.5276292335115864
0.5277565571683219
0.5278838808250573
0.5280112044817927
0.5281385281385281
0.5282658517952635
0.5283931754519989
0.5285204991087344
0.5286478227654698
0.5287751464222052
0.5289024700789406
0.529029793735676
0.5291571173924114
0.5292844410491468
0.5294117647058822
0.5295390883626179
0.5296664120193533
0.5297937356760887
0.5299210593328241
0.5300483829895595
0.5301757066462949
0.5303030303030303
0.5304303539597657
0.5305576776165011
0.5306850012732366
0.530812324929972
0.5309396485867074
0.5310669722434428
0.5311942959001782
0.5313216195569137
0.5314489432136491
0.5315762668703845
0.5317035905271199
0.5318309141838554
0.5319582378405908
0.5320855614973262
0.5322128851540616
0.532340208810797
0.537178507766743
0.5373058314234785
0.5374331550802139
0.5375604787369493
0.5376878023936847
0.5378151260504201
0.5379424497071555
0.538069773363891
0.5381970970206263
0.5398523045581869
0.5399796282149223
0.5401069518716577
0.5402342755283932
0.5409982174688057
0.5411255411255411
0.5412528647822765
0.5413801884390119
0.5415075120957473
0.5416348357524827
0.5417621594092181
0.5418894830659536
0.5420168067226891
0.5421441303794245
0.54227145403616
0.5423987776928954
0.5425261013496308
0.5426534250063662
0.5427807486631016
0.5429080723198371
0.5430353959765725
0.5431627196333079
0.5432900432900433
0.5434173669467787
0.5435446906035141
0.5436720142602495
0.543799337916985
0.5439266615737204
0.5440539852304559
0.5441813088871913
0.5443086325439267
0.5444359562006621
0.5445632798573975
0.5446906035141329
0.5448179271708683
0.5449452508276037
0.5450725744843391
0.5451998981410746
0.54532722179781
0.5454545454545454
0.5455818691112809
0.5457091927680163
0.5458365164247517
0.5459638400814871
0.5460911637382225
0.546218487394958
0.5463458110516934
0.5464731347084288
0.5466004583651642
0.5467277820218996
0.546855105678635
0.5469824293353704
0.5471097529921058
0.5472370766488412
0.5474917239623123
0.5476190476190477
0.5477463712757831
0.5478736949325185
0.5483829895594601
0.5485103132161956
0.548637636872931
0.5487649605296664
0.5488922841864018
0.5490196078431372
0.5491469314998727
0.5492742551566081
0.5494015788133435
0.5495289024700789
0.5496562261268144
0.5497835497835498
0.5499108734402852
0.5500381970970206
0.550165520753756
0.5502928444104914
0.5504201680672268
0.5505474917239622
0.5506748153806976
0.5578049401578813
0.5579322638146167
0.5580595874713522
0.5581869111280876
0.558314234784823
0.5584415584415584
0.5585688820982939
0.5586962057550293
0.5604787369493252
0.5606060606060606
0.5607333842627961
0.5608607079195315
0.5609880315762669
0.561624649859944
0.5663356251591546
0.56646294881589
0.5665902724726254
0.5667175961293608
0.5668449197860962
0.5669722434428317
0.5670995670995671
0.5672268907563025
0.5673542144130379
0.5674815380697734
0.5676088617265088
0.5677361853832442
0.5678635090399796
0.567990832696715
0.5681181563534504
0.5682454800101858
0.5683728036669212
0.5685001273236566
0.5686274509803921
0.5687547746371276
0.568882098293863
0.5690094219505984
0.5691367456073338
0.5692640692640693
0.5693913929208047
0.56951871657754
0.5696460402342756
0.569773363891011
0.5699006875477464
0.5700280112044818
0.5701553348612172
0.5702826585179526
0.570409982174688
0.5981665393430099
0.5982938629997453
0.5984211866564807
0.5985485103132161
0.5986758339699516
0.598803157626687
0.5989304812834224
0.599694423223835
0.5998217468805704
0.5999490705373058
0.6000763941940412
0.6002037178507766
0.6008403361344539
0.6009676597911893
0.6010949834479247
0.6012223071046601
0.6013496307613955
0.6014769544181309
0.6016042780748663
0.6017316017316017
0.6018589253883371
0.6019862490450726
0.602113572701808
0.6022408963585434
0.6023682200152788
0.6024955436720142
0.6026228673287497
0.6027501909854851
0.6028775146422205
0.603004838298956
0.6031321619556914
0.6032594856124268
0.6033868092691622
0.6035141329258976
0.603641456582633
0.6037687802393684
0.6038961038961038
0.6040234275528392
0.6041507512095747
0.6042780748663101
0.6044053985230456
0.604532722179781
0.6046600458365164
0.6047873694932518
0.6049146931499872
0.6050420168067226
0.605169340463458
0.6052966641201936
0.605423987776929
0.6152279093455564
0.6162464985994397
0.6163738222561751
0.6165011459129106
0.616628469569646
0.6167557932263815
0.6168831168831169
0.6170104405398523
0.6171377641965877
0.6231219760631526
0.623249299719888
0.6233766233766234
0.6235039470333588
0.6236312706900942
0.6417112299465241
0.6418385536032595
0.6419658772599949
0.6420932009167304
0.6428571428571428
0.6429844665138782
0.6431117901706136
0.6432391138273491
0.6433664374840845
0.64349376114082
0.6460402342755284
0.6461675579322638
0.6462948815889992
0.6464222052457346
0.6465495289024701
0.6466768525592055
0.6470588235294118
0.6632289279348104
0.6633562515915458
0.6634835752482812
0.6698497580850522
0.6699770817417876
0.670104405398523
0.6702317290552585
0.6703590527119939
0.6704863763687293
0.6706137000254647
0.6707410236822001
0.6708683473389355
0.670995670995671
0.6711229946524064
0.6712503183091418
0.6713776419658772
0.6715049656226126
0.671632289279348
0.6717596129360834
0.6718869365928188
0.6720142602495544
0.6721415839062899
0.6722689075630253
0.6723962312197607
0.6725235548764961
0.6726508785332315
0.6727782021899669
0.6729055258467023
0.6730328495034377
0.6731601731601731
0.6732874968169086
0.673414820473644
0.6735421441303794
0.6736694677871148
0.6737967914438503
0.6739241151005857
0.6740514387573211
0.6741787624140565
0.674306086070792
0.6744334097275274
0.6745607333842628
0.6746880570409982
0.6748153806977336
0.6772345301757066
0.6773618538324421
0.6774891774891775
0.677616501145913
0.6777438248026484
0.6778711484593838
0.6783804430863254
0.6785077667430608
0.6786350903997962
0.6787624140565317
0.6788897377132671
0.6790170613700025
0.679144385026738
0.6792717086834734
0.6793990323402088
0.6795263559969442
0.6796536796536796
0.679781003310415
0.6799083269671505
0.6800356506238859
0.6801629742806213
0.6802902979373567
0.6804176215940921
0.6805449452508275
0.6806722689075629
0.6807995925642983
0.6809269162210339
0.6810542398777694
0.6811815635345048
0.6890756302521008
0.6940412528647822
0.6941685765215176
0.694295900178253
0.6944232238349886
0.694550547491724
0.6946778711484594
0.6948051948051948
0.6949325184619302
0.697606315253374
0.6984975808505219
0.6986249045072574
0.6987522281639929
0.7005347593582888
0.7006620830150242
0.7033358798064681
0.7034632034632035
0.7035905271199389
0.7037178507766743
0.7038451744334097
0.7039724980901452
0.7040998217468806
0.704227145403616
0.7043544690603515
0.7044817927170869
0.7046091163738223
0.7070282658517952
0.712121212121212
0.721161191749427
0.7212885154061625
0.7214158390628979
0.7215431627196333
0.7216704863763687
0.7217978100331042
0.7219251336898396
0.722052457346575
0.7221797810033105
0.8742042271454036
0.9239877769289534
0.9241151005856888
0.9242424242424242
0.9243697478991596
0.9360835243188185
0.9407944996180291
0.9409218232747645
0.9410491469314999
0.9411764705882353
0.9413037942449707
0.9414311179017061
0.9415584415584416
0.941685765215177
0.9418130888719124
0.9419404125286478
0.9420677361853832
0.9421950598421186
0.942322383498854
0.9424497071555894
0.9425770308123249
0.9427043544690604
0.9457601222307104
0.9458874458874458
0.9460147695441812
0.9461420932009168
0.9462694168576522
0.9463967405143876
0.39865036923860453
0.39877769289533993
0.39890501655207533
0.511459129106188
0.5115864527629234
0.5117137764196588
0.5118411000763942
0.5119684237331296
0.512095747389865
0.5122230710466005
0.5123503947033359
0.5184619302266361
0.5185892538833715
0.5187165775401069
0.5188439011968423
0.5189712248535778
0.5190985485103132
0.5192258721670486
0.519353195823784
0.5194805194805194
0.5196078431372549
0.5197351667939903
0.5198624904507257
0.5199898141074611
0.5201171377641965
0.5202444614209321
0.5203717850776675
0.5204991087344029
0.5206264323911383
0.5207537560478737
0.5208810797046091
0.5210084033613445
0.52113572701808
0.5212630506748154
0.5213903743315508
0.5215176979882862
0.5216450216450216
0.5217723453017571
0.5218996689584925
0.5220269926152279
0.5221543162719633
0.5222816399286987
0.5224089635854342
0.5225362872421696
0.522663610898905
0.5227909345556404
0.5229182582123759
0.5230455818691113
0.5239368474662591
0.5240641711229946
0.5241914947797301
0.5243188184364656
0.524446142093201
0.5245734657499364
0.5247007894066718
0.5248281130634072
0.5249554367201426
0.5250827603768781
0.5252100840336135
0.5253374076903489
0.5254647313470843
0.5255920550038197
0.5257193786605551
0.5286478227654698
0.5287751464222052
0.5289024700789406
0.529029793735676
0.5304303539597657
0.5305576776165011
0.5306850012732366
0.530812324929972
0.5309396485867074
0.5310669722434428
0.5311942959001782
0.5313216195569137
0.5314489432136491
0.5315762668703845
0.5317035905271199
0.5318309141838554
0.5319582378405908
0.5320855614973262
0.5322128851540616
0.5353959765724472
0.5355233002291826
0.535650623885918
0.5364145658263305
0.5365418894830659
0.5366692131398014
0.5367965367965368
0.5369238604532722
0.5370511841100076
0.537178507766743
0.5373058314234785
0.5374331550802139
0.5375604787369493
0.5376878023936847
0.5378151260504201
0.5379424497071555
0.538069773363891
0.5381970970206263
0.5397249809014515
0.5398523045581869
0.5425261013496308
0.5430353959765725
0.5431627196333079
0.5432900432900433
0.5434173669467787
0.5435446906035141
0.5441813088871913
0.5443086325439267
0.5444359562006621
0.5445632798573975
0.5455818691112809
0.5457091927680163
0.5483829895594601
0.5485103132161956
0.548637636872931
0.5487649605296664
0.5488922841864018
0.5490196078431372
0.5494015788133435
0.5495289024700789
0.5496562261268144
0.5497835497835498
0.5499108734402852
0.5500381970970206
0.550165520753756
0.5502928444104914
0.5613700025464731
0.5635345047109753
0.5744843391902216
0.574611662846957
0.5747389865036924
0.5748663101604278
0.5749936338171632
0.5751209574738986
0.5752482811306341
0.5753756047873695
0.5755029284441049
0.5756302521008403
0.6157372039724981
0.6158645276292335
0.6159918512859689
0.6161191749427043
0.6162464985994397
0.6163738222561751
0.6165011459129106
0.616628469569646
0.6167557932263815
0.6168831168831169
0.6170104405398523
0.6171377641965877
0.6172650878533231
0.6173924115100585
0.617519735166794
0.6176470588235294
0.6177743824802648
0.6179017061370002
0.6180290297937356
0.618156353450471
0.6182836771072064
0.6184110007639418
0.6185383244206774
0.6186656480774129
0.6187929717341483
0.6189202953908837
0.6190476190476191
0.6191749427043545
0.6544435956200663
0.6545709192768017
0.6546982429335371
0.6548255665902725
0.6890756302521008
0.6892029539088362
0.6893302775655716
0.689457601222307
0.7004074357015534
0.7005347593582888
0.7006620830150242
0.7007894066717596
0.700916730328495
0.7010440539852305
0.7011713776419659
0.7037178507766743
0.7038451744334097
0.7039724980901452
0.7131398013750955
0.9143111790170614
0.9144385026737968
0.9145658263305322
0.9146931499872676
0.9148204736440031
0.9171122994652406
0.917239623121976
0.9173669467787114
0.9174942704354468
0.9176215940921824
0.9177489177489178
0.9178762414056532
0.9180035650623886
0.918130888719124
0.9182582123758595
0.9183855360325949
0.9185128596893303
0.9186401833460657
0.9187675070028011
0.9188948306595365
0.9190221543162719
0.9191494779730073
0.9192768016297427
0.9194041252864783
0.9195314489432137
0.9196587725999491
0.9197860962566845
0.9216959511077158
0.9218232747644513
0.9219505984211867
0.922077922077922
0.9222052457346575
0.9223325693913929
0.927170868347339
0.9272981920040744
0.9274255156608098
0.9275528393175452
0.9276801629742806
0.927807486631016
0.9279348102877514
0.9358288770053476
0.935956200662083
0.9360835243188185
0.9362108479755539
0.9363381716322893
0.9364654952890247
0.9365928189457601
0.9367201426024955
0.9368474662592309
0.9369747899159663
0.9371021135727017
0.9372294372294373
0.9373567608861727
0.9374840845429081
0.9376114081996435
0.9377387318563789
0.9378660555131143
0.9379933791698497
0.9391392920804685
0.9392666157372039
0.9429590017825312
0.9430863254392666
0.943213649096002
0.9433409727527374
0.9434682964094728
0.9435956200662082
0.9437229437229436
0.9438502673796791
0.9439775910364145
0.9441049146931499
0.9442322383498853
0.9443595620066209
0.9444868856633563
0.9446142093200917
0.9447415329768271
0.9448688566335625
0.944996180290298
0.9451235039470334
0.949834479246244
0.9499618029029794
0.9500891265597148
0.9502164502164502
0.9503437738731856
0.9504710975299211
0.9505984211866565
0.9507257448433919
0.9508530685001273
0.9509803921568627
0.9511077158135981
0.9512350394703335
0.9513623631270689
0.9514896867838044
0.9516170104405399
0.9517443340972753
0.960147695441813
0.9602750190985485
0.9604023427552839
0.9605296664120194
0.9606569900687548
0.9614209320091672
0.9615482556659026
0.9616755793226381
0.9618029029793735
0.9619302266361089
0.9620575502928445
0.9621848739495799
0.9623121976063153
0.9624395212630507
0.9625668449197861
0.9626941685765215
0.962821492233257
0.9629488158899924
0.9630761395467278
0.9638400814871404
0.9639674051438758
0.9640947288006112
0.9642220524573466
0.964349376114082
0.9644766997708174
0.9646040234275528
0.9647313470842882
0.9648586707410236
0.9649859943977591
0.9651133180544945
0.9652406417112299
0.9653679653679653
0.9654952890247007
0.9656226126814362
0.9657499363381716
0.965877259994907
0.9660045836516424
0.966131907308378
0.9662592309651133
0.9663865546218487
0.9665138782785841
0.9666412019353195
0.966768525592055
0.9668958492487904
0.9670231729055258
0.9671504965622612
0.9672778202189967
0.9684237331296155
0.9685510567863509
0.9686783804430863
0.9688057040998217
0.9689330277565571
0.9690603514132925
0.969187675070028
0.9693149987267634
0.9694423223834989
0.9695696460402343
0.9696969696969697
0.9698242933537051
0.9699516170104405
0.9700789406671759
0.9702062643239113
0.9750445632798574
0.9751718869365928
0.9752992105933282
0.9754265342500636
0.975553857906799
0.9756811815635344
0.9758085052202699
0.39521263050674815
0.39533995416348355
0.39546727782021895
0.39572192513368987
0.39584924879042527
0.39597657244716067
0.39865036923860453
0.39877769289533993
0.39890501655207533
0.3990323402088108
0.39915966386554624
0.39928698752228164
0.39941431117901705
0.3995416348357525
0.3996689584924879
0.3997962821492233
0.3999236058059587
0.5113318054494526
0.5183346065699006
0.5184619302266361
0.5185892538833715
0.5187165775401069
0.5188439011968423
0.5189712248535778
0.5190985485103132
0.5192258721670486
0.5197351667939903
0.5198624904507257
0.5199898141074611
0.5201171377641965
0.5202444614209321
0.5203717850776675
0.5204991087344029
0.5206264323911383
0.5207537560478737
0.5208810797046091
0.5210084033613445
0.52113572701808
0.5212630506748154
0.5213903743315508
0.5215176979882862
0.5216450216450216
0.5217723453017571
0.5220269926152279
0.5221543162719633
0.5222816399286987
0.5224089635854342
0.5225362872421696
0.522663610898905
0.5227909345556404
0.5238095238095237
0.5239368474662591
0.5240641711229946
0.5241914947797301
0.5243188184364656
0.524446142093201
0.5245734657499364
0.5247007894066718
0.5248281130634072
0.5249554367201426
0.5250827603768781
0.5252100840336135
0.5253374076903489
0.5304303539597657
0.5305576776165011
0.5306850012732366
0.530812324929972
0.5309396485867074
0.5310669722434428
0.5311942959001782
0.5313216195569137
0.5314489432136491
0.5315762668703845
0.5317035905271199
0.5318309141838554
0.5319582378405908
0.5320855614973262
0.5322128851540616
0.532340208810797
0.5355233002291826
0.535650623885918
0.5357779475426534
0.5359052711993888
0.5360325948561242
0.5362872421695951
0.5364145658263305
0.5365418894830659
0.5366692131398014
0.5367965367965368
0.5369238604532722
0.5370511841100076
0.5432900432900433
0.5434173669467787
0.5435446906035141
0.5436720142602495
0.543799337916985
0.5487649605296664
0.5488922841864018
0.5490196078431372
0.5491469314998727
0.5492742551566081
0.5494015788133435
0.5495289024700789
0.5496562261268144
0.5497835497835498
0.5499108734402852
0.5500381970970206
0.5739750445632797
0.5741023682200154
0.5742296918767508
0.5743570155334862
0.5744843391902216
0.574611662846957
0.5747389865036924
0.5748663101604278
0.5749936338171632
0.5751209574738986
0.5752482811306341
0.5753756047873695
0.5755029284441049
0.5756302521008403
0.5757575757575757
0.5758848994143112
0.5760122230710466
0.576139546727782
0.5762668703845174
0.5763941940412529
0.5765215176979883
0.5766488413547237
0.5767761650114591
0.6154825566590273
0.6156098803157627
0.6157372039724981
0.6158645276292335
0.6159918512859689
0.6161191749427043
0.6162464985994397
0.6163738222561751
0.6165011459129106
0.616628469569646
0.6167557932263815
0.6168831168831169
0.6170104405398523
0.6171377641965877
0.6172650878533231
0.6173924115100585
0.618156353450471
0.6182836771072064
0.6184110007639418
0.6185383244206774
0.6186656480774129
0.6187929717341483
0.6189202953908837
0.6190476190476191
0.6191749427043545
0.6193022663610899
0.6194295900178253
0.6385281385281385
0.638655462184874
0.6387827858416094
0.6389101094983448
0.6908581614463967
0.6909854851031321
0.6911128087598676
0.691240132416603
0.6913674560733384
0.6920040743570155
0.6998981410746116
0.7000254647313471
0.7001527883880825
0.7002801120448179
0.7007894066717596
0.700916730328495
0.7010440539852305
0.7011713776419659
0.7012987012987013
0.7014260249554367
0.7033358798064681
0.7034632034632035
0.7035905271199389
0.7037178507766743
0.7038451744334097
0.7039724980901452
0.7040998217468806
0.704227145403616
0.860707919531449
0.8608352431881844
0.8609625668449198
0.9139292080468551
0.9206773618538324
0.9208046855105678
0.9209320091673032
0.9210593328240386
0.9211866564807741
0.9213139801375095
0.9214413037942449
0.9215686274509804
0.9216959511077158
0.9218232747644513
0.9219505984211867
0.922077922077922
0.9222052457346575
0.9275528393175452
0.9276801629742806
0.927807486631016
0.9357015533486122
0.9358288770053476
0.935956200662083
0.9360835243188185
0.9362108479755539
0.9363381716322893
0.9364654952890247
0.9365928189457601
0.9367201426024955
0.9368474662592309
0.9369747899159663
0.9371021135727017
0.9372294372294373
0.9373567608861727
0.9374840845429081
0.9376114081996435
0.9377387318563789
0.9378660555131143
0.9427043544690604
0.9428316781257958
0.9429590017825312
0.9430863254392666
0.943213649096002
0.9433409727527374
0.9434682964094728
0.9435956200662082
0.9437229437229436
0.9438502673796791
0.9439775910364145
0.9441049146931499
0.9442322383498853
0.9443595620066209
0.9444868856633563
0.9446142093200917
0.9447415329768271
0.9497071555895086
0.949834479246244
0.9499618029029794
0.9500891265597148
0.9502164502164502
0.9503437738731856
0.9504710975299211
0.9505984211866565
0.9507257448433919
0.9508530685001273
0.9509803921568627
0.9511077158135981
0.9512350394703335
0.9513623631270689
0.9551820728291317
0.9553093964858671
0.9554367201426025
0.9555640437993379
0.9556913674560733
0.9558186911128087
0.9591291061879297
0.9609116373822256
0.961038961038961
0.9611662846956964
0.9612936083524318
0.9614209320091672
0.9615482556659026
0.9616755793226381
0.9618029029793735
0.9619302266361089
0.9620575502928445
0.9621848739495799
0.9623121976063153
0.9624395212630507
0.9625668449197861
0.9626941685765215
0.962821492233257
0.9629488158899924
0.9630761395467278
0.9632034632034632
0.9633307868601986
0.963458110516934
0.9635854341736694
0.9637127578304048
0.9638400814871404
0.9639674051438758
0.9640947288006112
0.9642220524573466
0.9647313470842882
0.9648586707410236
0.9649859943977591
0.9651133180544945
0.9652406417112299
0.9653679653679653
0.9654952890247007
0.9656226126814362
0.9657499363381716
0.965877259994907
0.9660045836516424
0.966131907308378
0.9662592309651133
0.9663865546218487
0.9665138782785841
0.9666412019353195
0.966768525592055
0.9668958492487904
0.9670231729055258
0.9671504965622612
0.9672778202189967
0.9674051438757322
0.9675324675324676
0.967659791189203
0.9677871148459384
0.9679144385026738
0.9680417621594092
0.9681690858161446
0.9682964094728801
0.9684237331296155
0.9685510567863509
0.9686783804430863
0.9688057040998217
0.9689330277565571
0.9690603514132925
0.969187675070028
0.9693149987267634
0.9694423223834989
0.9695696460402343
0.9696969696969697
0.37827858416093707
0.3784059078176725
0.380061115355233
0.3801884390119684
0.3803157626687038
0.3804430863254392
0.38057040998217473
0.38069773363891013
0.45989304812834225
0.46002037178507765
0.46014769544181305
0.4602750190985485
0.4604023427552839
0.5248281130634072
0.5324675324675324
0.5325948561242678
0.5327221797810032
0.5328495034377386
0.5329768270944741
0.5331041507512096
0.533231474407945
0.5376878023936847
0.5379424497071555
0.538069773363891
0.5381970970206263
0.5420168067226891
0.5421441303794245
0.54227145403616
0.5423987776928954
0.5425261013496308
0.5426534250063662
0.5427807486631016
0.5429080723198371
0.5430353959765725
0.5431627196333079
0.5432900432900433
0.5434173669467787
0.5435446906035141
0.5436720142602495
0.543799337916985
0.5439266615737204
0.5440539852304559
0.5441813088871913
0.5443086325439267
0.5444359562006621
0.5445632798573975
0.5446906035141329
0.5448179271708683
0.546855105678635
0.5469824293353704
0.5471097529921058
0.5472370766488412
0.5473644003055769
0.5474917239623123
0.5476190476190477
0.5477463712757831
0.5478736949325185
0.5480010185892539
0.5481283422459893
0.5482556659027247
0.5483829895594601
0.5485103132161956
0.548637636872931
0.5487649605296664
0.5488922841864018
0.5490196078431372
0.5491469314998727
0.5492742551566081
0.5494015788133435
0.5495289024700789
0.5496562261268144
0.5497835497835498
0.5499108734402852
0.5500381970970206
0.550165520753756
0.5502928444104914
0.5504201680672268
0.5505474917239622
0.5506748153806976
0.5508021390374331
0.5509294626941686
0.551056786350904
0.5511841100076394
0.5513114336643749
0.5514387573211103
0.5515660809778457
0.551693404634581
0.5518207282913166
0.551948051948052
0.5520753756047874
0.5522026992615228
0.552584670231729
0.5527119938884645
0.5528393175451999
0.5546218487394958
0.5547491723962312
0.5548764960529666
0.555003819709702
0.5551311433664375
0.5553857906799083
0.5555131143366437
0.5556404379933791
0.5557677616501145
0.55589508530685
0.5560224089635853
0.5561497326203207
0.5562770562770564
0.5564043799337918
0.5565317035905272
0.5566590272472626
0.556786350903998
0.5569136745607334
0.5570409982174688
0.5571683218742042
0.5572956455309396
0.5574229691876751
0.5575502928444105
0.5576776165011459
0.5617519735166794
0.5618792971734149
0.5620066208301503
0.5621339444868857
0.5622612681436211
0.5623885918003565
0.5648077412783294
0.5649350649350648
0.5650623885918002
0.5651897122485359
0.5653170359052713
0.5654443595620067
0.56646294881589
0.5665902724726254
0.5667175961293608
0.5676088617265088
0.5677361853832442
0.5678635090399796
0.567990832696715
0.5681181563534504
0.5682454800101858
0.5683728036669212
0.5685001273236566
0.5686274509803921
0.5687547746371276
0.568882098293863
0.5690094219505984
0.5691367456073338
0.5692640692640693
0.5693913929208047
0.56951871657754
0.5696460402342756
0.569773363891011
0.5699006875477464
0.5700280112044818
0.5701553348612172
0.5702826585179526
0.570409982174688
0.5705373058314235
0.5706646294881589
0.5707919531448944
0.5709192768016298
0.5710466004583652
0.5711739241151006
0.571301247771836
0.5714285714285714
0.5715558950853068
0.5716832187420422
0.5718105423987776
0.5719378660555131
0.5720651897122485
0.5749936338171632
0.5751209574738986
0.5752482811306341
0.5753756047873695
0.5755029284441049
0.5756302521008403
0.5757575757575757
0.5758848994143112
0.5760122230710466
0.576139546727782
0.5762668703845174
0.5763941940412529
0.5765215176979883
0.5766488413547237
0.5767761650114591
0.5769034886681945
0.6161191749427043
0.6163738222561751
0.6165011459129106
0.8548510313216195
0.854978354978355
0.8551056786350903
0.8552330022918258
0.3711484593837535
0.3712757830404889
0.3714031066972243
0.37751464222052455
0.37764196587725996
0.37776928953399536
0.37789661319073087
0.37802393684746627
0.37815126050420167
0.37827858416093707
0.3784059078176725
0.3785332314744079
0.37866055513114333
0.38069773363891013
0.38082505729564553
0.38095238095238093
0.5122230710466005
0.5123503947033359
0.5124777183600713
0.5126050420168067
0.5170613700025465
0.5171886936592819
0.5173160173160173
0.5182072829131652
0.5183346065699006
0.5184619302266361
0.5185892538833715
0.5187165775401069
0.5188439011968423
0.5189712248535778
0.5190985485103132
0.5218996689584925
0.5220269926152279
0.5221543162719633
0.5222816399286987
0.5224089635854342
0.5225362872421696
0.522663610898905
0.5227909345556404
0.5229182582123759
0.5230455818691113
0.5231729055258467
0.5233002291825821
0.5234275528393175
0.5235548764960529
0.5236822001527883
0.5238095238095237
0.5239368474662591
0.5240641711229946
0.5241914947797301
0.525974025974026
0.5289024700789406
0.529029793735676
0.5291571173924114
0.5292844410491468
0.5319582378405908
0.5320855614973262
0.5322128851540616
0.532340208810797
0.5324675324675324
0.5325948561242678
0.5327221797810032
0.5366692131398014
0.5367965367965368
0.5369238604532722
0.5370511841100076
0.537178507766743
0.5373058314234785
0.5374331550802139
0.5375604787369493
0.5376878023936847
0.5378151260504201
0.5379424497071555
0.538069773363891
0.5381970970206263
0.5383244206773617
0.5384517443340974
0.5385790679908328
0.5387063916475682
0.5388337153043036
0.538961038961039
0.5390883626177744
0.5392156862745098
0.5393430099312452
0.5409982174688057
0.5411255411255411
0.5412528647822765
0.5413801884390119
0.5415075120957473
0.5416348357524827
0.5417621594092181
0.5418894830659536
0.5427807486631016
0.5429080723198371
0.5430353959765725
0.5431627196333079
0.5432900432900433
0.5434173669467787
0.5435446906035141
0.5436720142602495
0.543799337916985
0.5439266615737204
0.5440539852304559
0.5441813088871913
0.5443086325439267
0.5469824293353704
0.5471097529921058
0.5472370766488412
0.5473644003055769
0.5496562261268144
0.5497835497835498
0.5499108734402852
0.5500381970970206
0.550165520753756
0.5502928444104914
0.5504201680672268
0.5505474917239622
0.5506748153806976
0.5508021390374331
0.5509294626941686
0.5518207282913166
0.551948051948052
0.5520753756047874
0.5522026992615228
0.5523300229182582
0.5524573465749936
0.552584670231729
0.5527119938884645
0.5528393175451999
0.5529666412019354
0.5530939648586708
0.5532212885154062
0.5533486121721416
0.553475935828877
0.5536032594856124
0.5537305831423478
0.5538579067990832
0.5539852304558186
0.5542398777692895
0.5543672014260249
0.5544945250827604
0.5546218487394958
0.5547491723962312
0.5548764960529666
0.555003819709702
0.5551311433664375
0.5552584670231729
0.5553857906799083
0.5555131143366437
0.5556404379933791
0.5557677616501145
0.55589508530685
0.5560224089635853
0.5561497326203207
0.5562770562770564
0.5564043799337918
0.5565317035905272
0.5566590272472626
0.556786350903998
0.5569136745607334
0.5620066208301503
0.5621339444868857
0.5622612681436211
0.5623885918003565
0.5625159154570919
0.5626432391138273
0.5627705627705627
0.5628978864272981
0.5635345047109753
0.5636618283677107
0.5653170359052713
0.5654443595620067
0.5655716832187421
0.5659536541889483
0.5677361853832442
0.5678635090399796
0.567990832696715
0.5681181563534504
0.5682454800101858
0.5683728036669212
0.5685001273236566
0.5686274509803921
0.5687547746371276
0.568882098293863
0.37573211102622867
0.37585943468296407
0.37598675833969947
0.3834988540870894
0.3836261777438248
0.3837535014005602
0.3838808250572956
0.38400814871403105
0.3841354723707665
0.5085306850012732
0.5086580086580087
0.5087853323147441
0.5089126559714795
0.5090399796282149
0.5091673032849503
0.5092946269416857
0.5094219505984211
0.5095492742551566
0.509676597911892
0.5098039215686274
0.5099312452253628
0.5100585688820983
0.5101858925388337
0.5103132161955691
0.5104405398523045
0.5105678635090399
0.5106951871657754
0.5108225108225108
0.5115864527629234
0.5119684237331296
0.512095747389865
0.5122230710466005
0.5123503947033359
0.5124777183600713
0.5126050420168067
0.5134963076139547
0.5136236312706901
0.5166793990323402
0.5168067226890757
0.5169340463458111
0.5170613700025465
0.5171886936592819
0.5173160173160173
0.5174433409727527
0.5175706646294882
0.5176979882862236
0.517825311942959
0.5179526355996944
0.5180799592564298
0.5182072829131652
0.5183346065699006
0.5184619302266361
0.5185892538833715
0.5187165775401069
0.5188439011968423
0.5189712248535778
0.5190985485103132
0.5192258721670486
0.519353195823784
0.5194805194805194
0.5196078431372549
0.5197351667939903
0.5198624904507257
0.5199898141074611
0.5201171377641965
0.5202444614209321
0.5203717850776675
0.5204991087344029
0.5206264323911383
0.5207537560478737
0.5208810797046091
0.5210084033613445
0.52113572701808
0.5212630506748154
0.5213903743315508
0.5215176979882862
0.5216450216450216
0.5217723453017571
0.5218996689584925
0.5220269926152279
0.5221543162719633
0.5222816399286987
0.5224089635854342
0.5225362872421696
0.522663610898905
0.5227909345556404
0.5229182582123759
0.5230455818691113
0.5231729055258467
0.5233002291825821
0.5234275528393175
0.5235548764960529
0.5236822001527883
0.5238095238095237
0.5239368474662591
0.5240641711229946
0.5253374076903489
0.5254647313470843
0.5255920550038197
0.5257193786605551
0.5258467023172905
0.5262286732874969
0.5263559969442323
0.5264833206009677
0.5266106442577031
0.5267379679144385
0.5268652915711739
0.5269926152279093
0.5271199388846447
0.5272472625413801
0.5273745861981156
0.527501909854851
0.5276292335115864
0.5277565571683219
0.5278838808250573
0.5280112044817927
0.5281385281385281
0.5282658517952635
0.5283931754519989
0.5285204991087344
0.5286478227654698
0.5287751464222052
0.5289024700789406
0.529029793735676
0.5291571173924114
0.5318309141838554
0.5319582378405908
0.5320855614973262
0.5322128851540616
0.532340208810797
0.5324675324675324
0.5325948561242678
0.5327221797810032
0.5345047109752992
0.5346320346320346
0.53475935828877
0.5348866819455055
0.5350140056022409
0.5351413292589764
0.5352686529157118
0.5353959765724472
0.5355233002291826
0.535650623885918
0.5357779475426534
0.5359052711993888
0.5360325948561242
0.5361599185128596
0.5362872421695951
0.5364145658263305
0.5365418894830659
0.5366692131398014
0.5367965367965368
0.5369238604532722
0.5370511841100076
0.537178507766743
0.5373058314234785
0.5393430099312452
0.5394703335879806
0.5395976572447161
0.5397249809014515
0.5398523045581869
0.5399796282149223
0.5401069518716577
0.5402342755283932
0.5403615991851286
0.540488922841864
0.5417621594092181
0.5418894830659536
0.5420168067226891
0.5421441303794245
0.54227145403616
0.5423987776928954
0.5425261013496308
0.5426534250063662
0.5427807486631016
0.5429080723198371
0.5430353959765725
0.5431627196333079
0.5432900432900433
0.5434173669467787
0.5435446906035141
0.5436720142602495
0.543799337916985
0.5439266615737204
0.5440539852304559
0.5441813088871913
0.5537305831423478
0.5538579067990832
0.5539852304558186
0.5541125541125541
0.5542398777692895
0.5543672014260249
0.5544945250827604
0.5546218487394958
0.5547491723962312
0.5548764960529666
0.555003819709702
0.5630252100840336
0.563152533740769
0.5632798573975044
0.5634071810542399
0.3753501400560224
0.37573211102622867
0.37585943468296407
0.37598675833969947
0.376114081996435
0.3762414056531704
0.3770053475935829
0.3771326712503183
0.37916984975808504
0.37929717341482044
0.37942449707155584
0.37980646804176216
0.37993379169849756
0.380061115355233
0.3801884390119684
0.3803157626687038
0.3827349121466768
0.3841354723707665
0.3842627960275019
0.3843901196842373
0.3854087089381207
0.3855360325948561
0.38566335625159154
0.38579067990832694
0.3859180035650624
0.3860453272217978
0.3875732111026228
0.3877005347593583
0.38782785841609374
0.38808250572956454
0.38820982938629994
0.38884644766997706
0.3889737713267125
0.3891010949834479
0.3892284186401833
0.3933027756557168
0.39343009931245226
0.39457601222307104
0.3947033358798065
0.39533995416348355
0.39928698752228164
0.3995416348357525
0.3996689584924879
0.3997962821492233
0.3999236058059587
0.410873440285205
0.4110007639419404
0.4111280875986758
0.41125541125541126
0.41138273491214666
0.5082760376878024
0.5084033613445378
0.5085306850012732
0.5086580086580087
0.5087853323147441
0.5089126559714795
0.5090399796282149
0.5091673032849503
0.5092946269416857
0.5094219505984211
0.5095492742551566
0.509676597911892
0.5098039215686274
0.5099312452253628
0.5100585688820983
0.5101858925388337
0.5103132161955691
0.5104405398523045
0.5105678635090399
0.5106951871657754
0.5108225108225108
0.5109498344792462
0.5110771581359816
0.511204481792717
0.5113318054494526
0.511459129106188
0.5115864527629234
0.5117137764196588
0.5118411000763942
0.5119684237331296
0.512095747389865
0.5122230710466005
0.5123503947033359
0.5124777183600713
0.5126050420168067
0.5127323656735421
0.5128596893302776
0.512987012987013
0.5131143366437484
0.5155334861217213
0.5156608097784569
0.5245734657499364
0.5247007894066718
0.5248281130634072
0.5249554367201426
0.5250827603768781
0.5285204991087344
0.5286478227654698
0.5287751464222052
0.5289024700789406
0.529029793735676
0.5291571173924114
0.5292844410491468
0.5294117647058822
0.5295390883626179
0.5296664120193533
0.5297937356760887
0.5299210593328241
0.5300483829895595
0.5301757066462949
0.5303030303030303
0.5304303539597657
0.5305576776165011
0.5306850012732366
0.530812324929972
0.5309396485867074
0.5310669722434428
0.5311942959001782
0.5313216195569137
0.5314489432136491
0.5315762668703845
0.5317035905271199
0.5318309141838554
0.5416348357524827
0.5421441303794245
0.54227145403616
0.5423987776928954
0.5425261013496308
0.5435446906035141
0.5436720142602495
0.543799337916985
0.5439266615737204
0.5440539852304559
0.5441813088871913
0.5443086325439267
0.5467277820218996
0.546855105678635
0.5469824293353704
0.5471097529921058
0.5472370766488412
0.5473644003055769
0.5474917239623123
0.5476190476190477
0.5477463712757831
0.5499108734402852
0.5500381970970206
0.550165520753756
0.5502928444104914
0.5504201680672268
0.5505474917239622
0.5506748153806976
0.5508021390374331
0.5509294626941686
0.551056786350904
0.5511841100076394
0.5513114336643749
0.5514387573211103
0.5515660809778457
0.551693404634581
0.5518207282913166
0.551948051948052
0.5520753756047874
0.5522026992615228
0.5523300229182582
0.5524573465749936
0.552584670231729
0.5527119938884645
0.5528393175451999
0.5529666412019354
0.5530939648586708
0.5532212885154062
0.5533486121721416
0.553475935828877
0.5536032594856124
0.5537305831423478
0.5538579067990832
0.5539852304558186
0.5541125541125541
0.5542398777692895
0.5543672014260249
0.5544945250827604
0.5546218487394958
0.5547491723962312
0.5548764960529666
0.555003819709702
0.5551311433664375
0.5552584670231729
0.5553857906799083
0.5555131143366437
0.5556404379933791
0.5557677616501145
0.55589508530685
0.5560224089635853
0.5561497326203207
0.5562770562770564
0.5564043799337918
0.5565317035905272
0.5566590272472626
0.556786350903998
0.5569136745607334
0.5570409982174688
0.5571683218742042
0.5572956455309396
0.5574229691876751
0.5575502928444105
0.5576776165011459
0.5578049401578813
0.5579322638146167
0.5580595874713522
0.5581869111280876
0.558314234784823
0.5584415584415584
0.5585688820982939
0.5586962057550293
0.5588235294117647
0.5589508530685001
0.5620066208301503
0.5621339444868857
0.5622612681436211
0.5623885918003565
0.5625159154570919
0.5626432391138273
0.5627705627705627
0.5628978864272981
0.5630252100840336
0.563152533740769
0.5632798573975044
0.5634071810542399
0.5635345047109753
0.5636618283677107
0.5637891520244461
0.5639164756811815
0.564043799337917
0.5641711229946524
0.5642984466513878
0.5644257703081232
0.5645530939648586
0.564680417621594
0.5648077412783294
0.5649350649350648
0.5650623885918002
0.5651897122485359
0.5653170359052713
0.5654443595620067
0.5655716832187421
0.5656990068754775
0.5658263305322129
0.5659536541889483
0.5660809778456837
0.5662083015024191
0.5663356251591546
0.56646294881589
0.5665902724726254
0.5668449197860962
0.5669722434428317
0.5670995670995671
0.5672268907563025
0.5673542144130379
0.5674815380697734
0.5676088617265088
0.5677361853832442
0.5678635090399796
0.567990832696715
0.5681181563534504
0.5682454800101858
0.5683728036669212
0.5685001273236566
0.5686274509803921
0.5687547746371276
0.568882098293863
0.5690094219505984
0.5691367456073338
0.5692640692640693
0.5693913929208047
0.56951871657754
0.5696460402342756
0.569773363891011
0.5699006875477464
0.5700280112044818
0.5701553348612172
0.5702826585179526
0.570409982174688
0.5705373058314235
0.5706646294881589
0.5707919531448944
0.5709192768016298
0.5710466004583652
0.5711739241151006
0.571301247771836
0.5714285714285714
0.5715558950853068
0.5716832187420422
0.5718105423987776
0.5719378660555131
0.5720651897122485
0.5721925133689839
0.5723198370257194
0.5724471606824548
0.5725744843391902
0.5727018079959256
0.572829131652661
0.5729564553093965
0.5730837789661319
0.5732111026228673
0.5733384262796027
0.5734657499363381
0.5735930735930735
0.5737203972498089
0.5738477209065443
0.5739750445632797
0.5741023682200154
0.5742296918767508
0.5743570155334862
0.5744843391902216
0.574611662846957
0.5747389865036924
0.5748663101604278
0.5749936338171632
0.5751209574738986
0.5752482811306341
0.5753756047873695
0.5755029284441049
0.5756302521008403
0.5757575757575757
0.5758848994143112
0.5760122230710466
0.576139546727782
0.5762668703845174
0.5763941940412529
0.5765215176979883
0.5766488413547237
0.5767761650114591
0.5769034886681945
0.5770308123249299
0.5771581359816653
0.5772854596384007
0.5774127832951361
0.5775401069518716
0.5776674306086071
0.5777947542653425
0.577922077922078
0.5780494015788133
0.5781767252355487
0.5783040488922842
0.5784313725490196
0.5785586962057551
0.5786860198624905
0.5788133435192259
0.5789406671759613
0.5790679908326967
0.5791953144894321
0.5793226381461675
0.579449961802903
0.5853068500127324
0.5854341736694678
0.5855614973262032
0.5856888209829386
0.585816144639674
0.5859434682964094
0.5860707919531448
0.5861981156098802
0.5863254392666156
0.5864527629233511
0.5865800865800866
0.586707410236822
0.5868347338935574
0.5869620575502928
0.5870893812070282
0.5872167048637636
0.587344028520499
0.5874713521772346
0.58759867583397
0.3766233766233766
0.37675070028011204
0.37687802393684744
0.3770053475935829
0.3771326712503183
0.37725999490705375
0.3838808250572956
0.38400814871403105
0.3841354723707665
0.3842627960275019
0.38464476699770817
0.38477209065444357
0.3901196842373313
0.3902470078940667
0.40463458110516937
0.40476190476190477
0.40488922841864017
0.4069264069264069
0.4070537305831423
0.40718105423987777
0.4073083778966132
0.40743570155334863
0.40756302521008403
0.40769034886681943
0.408454290807232
0.4085816144639674
0.4087089381207028
0.4088362617774382
0.4089635854341737
0.4090909090909091
0.4102368220015279
0.4103641456582633
0.4104914693149987
0.4106187929717341
0.4107461166284696
0.41392920804685507
0.4140565317035905
0.4141838553603259
0.4143111790170614
0.4144385026737968
0.41456582633053224
0.41469314998726764
0.41482047364400304
0.41494779730073844
0.41507512095747384
0.41520244461420935
0.41532976827094475
0.41545709192768016
0.4174942704354469
0.4176215940921823
0.4177489177489177
0.4178762414056532
0.4180035650623886
0.418130888719124
0.4182582123758594
0.4183855360325948
0.4185128596893303
0.4186401833460657
0.41876750700280113
0.4625668449197861
0.5095492742551566
0.509676597911892
0.5098039215686274
0.5099312452253628
0.5100585688820983
0.5101858925388337
0.5103132161955691
0.5141329258976318
0.5192258721670486
0.519353195823784
0.5194805194805194
0.5196078431372549
0.5197351667939903
0.5198624904507257
0.5199898141074611
0.5201171377641965
0.52113572701808
0.5212630506748154
0.5213903743315508
0.5215176979882862
0.5216450216450216
0.5217723453017571
0.5218996689584925
0.5220269926152279
0.5227909345556404
0.524446142093201
0.5245734657499364
0.5247007894066718
0.5249554367201426
0.5250827603768781
0.5252100840336135
0.5254647313470843
0.5255920550038197
0.5269926152279093
0.5271199388846447
0.5272472625413801
0.5273745861981156
0.527501909854851
0.5276292335115864
0.5325948561242678
0.5327221797810032
0.5328495034377386
0.5329768270944741
0.5331041507512096
0.533231474407945
0.5333587980646805
0.5334861217214159
0.5336134453781513
0.5361599185128596
0.5362872421695951
0.5364145658263305
0.5365418894830659
0.5366692131398014
0.5367965367965368
0.5369238604532722
0.5370511841100076
0.537178507766743
0.5373058314234785
0.5374331550802139
0.5375604787369493
0.5399796282149223
0.5401069518716577
0.5402342755283932
0.5403615991851286
0.5434173669467787
0.5443086325439267
0.5444359562006621
0.5445632798573975
0.5446906035141329
0.5448179271708683
0.5449452508276037
0.5450725744843391
0.5542398777692895
0.5543672014260249
0.5544945250827604
0.5546218487394958
0.5547491723962312
0.5548764960529666
0.555003819709702
0.5551311433664375
0.5552584670231729
0.5636618283677107
0.5637891520244461
0.5639164756811815
0.564043799337917
0.16182836771072065
0.16195569136745608
0.16208301502419148
0.16221033868092694
0.16233766233766234
0.17074102368220015
0.17086834733893558
0.17099567099567098
0.17112299465240643
0.17125031830914184
0.17137764196587726
0.17150496562261267
0.17163228927934812
0.17175961293608352
0.17188693659281892
0.17201426024955438
0.17214158390628978
0.1722689075630252
0.1723962312197606
0.17252355487649607
0.17265087853323147
0.1727782021899669
0.17290552584670232
0.17303284950343775
0.17316017316017315
0.17328749681690855
-0.16424751718869365
-0.16437484084542905
-0.17074102368220015
-0.17086834733893558
-0.17099567099567098
-0.17112299465240643
-0.17125031830914184
-0.17137764196587726
-0.17150496562261267
-0.17163228927934812
-0.17175961293608352
-0.17188693659281892
-0.17201426024955438
-0.17214158390628978
-0.1722689075630252
-0.1723962312197606
-0.17252355487649607
-0.17265087853323147
-0.1727782021899669
-0.17290552584670232
-0.17303284950343775
-0.17316017316017315
-0.15418894830659538
-0.15431627196333078
-0.1703590527119939
-0.1704863763687293
-0.17061370002546472
-0.17074102368220015
-0.17086834733893558
-0.17099567099567098
-0.17112299465240643
-0.17125031830914184
-0.17137764196587726
-0.17150496562261267
-0.17163228927934812
-0.17175961293608352
-0.17188693659281892
-0.17201426024955438
-0.1723962312197606
-0.36274509803921573
-0.36287242169595113
-0.36299974535268653
-0.369493251846193
-0.36962057550292843
-0.3714031066972243
-0.3715304303539597
-0.37165775401069523
-0.37178507766743063
-0.37216704863763683
-0.3722943722943723
-0.3724216959511077
-0.37254901960784315
-0.37267634326457855
-0.372803666921314
-0.3729309905780494
-0.3730583142347848
-0.3731856378915202
-0.3733129615482556
-0.3734402852049911
-0.3735676088617265
-0.3736949325184619
-0.3738222561751973
-0.3739495798319328
-0.3740769034886682
-0.3742042271454036
-0.37916984975808504
-0.37929717341482044
-0.37942449707155584
-0.3795518207282913
-0.37967914438502676
-0.37980646804176216
-0.380061115355233
-0.3801884390119684
-0.43239113827349124
-0.37254901960784315
-0.37267634326457855
-0.372803666921314
-0.3734402852049911
-0.3735676088617265
-0.3736949325184619
-0.3738222561751973
-0.3739495798319328
-0.3740769034886682
-0.3742042271454036
-0.37433155080213903
-0.3744588744588745
-0.37509549274255155
-0.375222816399287
-0.37789661319073087
-0.37802393684746627
-0.37815126050420167
-0.37827858416093707
-0.3784059078176725
-0.3785332314744079
-0.37866055513114333
-0.3787878787878788
-0.37929717341482044
-0.3962312197606315
-0.39763177998472116
-0.39775910364145656
-0.39865036923860453
-0.39877769289533993
-0.39890501655207533
-0.3990323402088108
-0.39915966386554624
-0.39928698752228164
-0.665266106442577
-0.3722943722943723
-0.37254901960784315
-0.37267634326457855
-0.372803666921314
-0.3729309905780494
-0.3730583142347848
-0.3733129615482556
-0.3734402852049911
-0.3735676088617265
-0.3736949325184619
-0.3738222561751973
-0.3739495798319328
-0.3740769034886682
-0.3742042271454036
-0.37433155080213903
-0.3744588744588745
-0.3745861981156099
-0.37509549274255155
-0.375222816399287
-0.3753501400560224
-0.37776928953399536
-0.37789661319073087
-0.37802393684746627
-0.37815126050420167
-0.37827858416093707
-0.3784059078176725
-0.3785332314744079
-0.37866055513114333
-0.3787878787878788
-0.37891520244461424
-0.37904252610134964
-0.37942449707155584
-0.3795518207282913
-0.39865036923860453
-0.39877769289533993
-0.39890501655207533
-0.3990323402088108
-0.39915966386554624
-0.39928698752228164
-0.39941431117901705
-0.3995416348357525
-0.11904761904761904
-0.11917494270435447
-0.11930226636108988
-0.11942959001782531
-0.11955691367456073
-0.11968423733129616
-0.11981156098803158
-0.12987012987012986
-0.1299974535268653
-0.16475681181563534
-0.30315762668703844
-0.3032849503437739
-0.3034122740005093
-0.30455818691112807
-0.30468551056786347
-0.3048128342245989
-0.3049401578813344
-0.3050674815380698
-0.3554876496052966
-0.3651642475171887
-0.3652915711739241
-0.36541889483065954
-0.365546218487395
-0.3656735421441304
-0.3658008658008658
-0.3659281894576012
-0.3660555131143366
-0.36618283677107205
-0.3664374840845429
-0.36681945505474917
-0.37789661319073087
-0.3784059078176725
-0.3785332314744079
-0.05258467023172906
-0.1074611662846957
-0.10758848994143112
-0.10771581359816654
-0.1473134708428826
-0.14744079449961803
-0.14756811815635346
-0.2393684746625923
-0.2394957983193277
-0.23962312197606317
-0.23975044563279857
-0.239877769289534
-0.2400050929462694
-0.24013241660300486
-0.24025974025974026
-0.24038706391647566
-0.2405143875732111
-0.24064171122994651
-0.24076903488668194
-0.24089635854341734
-0.2410236822001528
-0.2411510058568882
-0.24127832951362363
-0.24140565317035906
-0.2415329768270945
-0.2416603004838299
-0.2417876241405653
-0.24293353705118412
-0.24306086070791952
-0.24318818436465497
-0.24331550802139038
-0.24344283167812578
-0.2435701553348612
-0.24369747899159663
-0.24382480264833206
-0.24395212630506746
-0.24407944996180292
-0.24433409727527375
-0.24446142093200915
-0.2445887445887446
-0.24471606824548
-0.2448433919022154
-0.2452253628724217
-0.24598930481283424
-0.24611662846956964
-0.2464985994397759
-0.24662592309651132
-0.24675324675324675
-0.3748408454290807
-0.3749681690858161
-0.053603259485612426
-0.10466004583651642
-0.10478736949325185
-0.10491469314998728
-0.1063152533740769
-0.10644257703081232
-0.10656990068754775
-0.10669722434428318
-0.10682454800101858
-0.10720651897122485
-0.10733384262796027
-0.11981156098803158
-0.12554112554112554
-0.12566844919786097
-0.12796027501909854
-0.12808759867583397
-0.12936083524318817
-0.1294881588999236
-0.12961548255665903
-0.12974280621339446
-0.12987012987012986
-0.1299974535268653
-0.13037942449707154
-0.13050674815380697
-0.1306340718105424
-0.13152533740769035
-0.13165266106442577
-0.13216195569136746
-0.13228927934810286
-0.13241660300483832
-0.15240641711229946
-0.247135217723453
-0.24726254138018844
-0.24738986503692387
-0.24751718869365927
-0.24764451235039472
-0.24777183600713013
-0.24789915966386553
-0.053603259485612426
-0.05373058314234785
-0.05385790679908327
-0.05398523045581869
-0.05525846702317291
-0.10669722434428318
-0.10682454800101858
-0.1110262286732875
-0.11319073083778966
-0.11331805449452508
-0.1134453781512605
-0.11357270180799592
-0.1205755029284441
-0.12248535777947543
-0.12261268143621085
-0.12274000509294627
-0.12286732874968169
-0.12846956964604023
-0.13127069009421952
-0.13139801375095492
-0.13152533740769035
-0.13165266106442577
-0.13177998472116118
-0.1319073083778966
-0.13203463203463203
-0.13216195569136746
-0.13228927934810286
-0.13241660300483832
-0.13254392666157372
-0.13267125031830915
-0.13279857397504455
-0.13292589763177998
-0.1330532212885154
-0.1331805449452508
-0.13330786860198626
-0.13343519225872166
-0.13458110516934044
-0.15278838808250572
-0.17112299465240643
-0.17125031830914184
-0.17137764196587726
-0.17150496562261267
-0.17163228927934812
-0.17175961293608352
-0.17188693659281892
-0.18029029793735676
-0.18041762159409216
-0.18054494525082762
-0.2484084542908072
