0.11219910240718074
0.11485108119135047
0.11495308037535701
0.11505507955936353
0.1152590779273766
0.11536107711138312
0.11546307629538963
0.11556507547939618
0.11566707466340269
0.11576907384740921
0.11587107303141575
0.11597307221542227
0.11607507139942883
0.11831905344757242
0.11842105263157895
0.11852305181558548
0.118625050999592
0.11872705018359854
0.11882904936760506
0.11893104855161157
0.11903304773561812
0.11913504691962463
0.11923704610363119
0.12362301101591187
0.1237250101999184
0.12382700938392494
0.12392900856793146
0.1262749898000816
0.1263769889840881
0.12647898816809466
0.1265809873521012
0.1266829865361077
0.12678498572011423
0.12688698490412076
0.1269889840881273
0.12709098327213383
0.13055895552835578
0.1306609547123623
0.13504691962464302
0.1358629130966952
0.13596491228070176
0.13606691146470828
0.13667890656874745
0.13780089759281924
0.1379028967768258
0.13800489596083232
0.13810689514483884
0.1382088943288454
0.18625050999592002
0.18635250917992655
0.1864545083639331
0.18655650754793962
0.18665850673194617
0.18676050591595267
0.1868625050999592
0.18696450428396574
0.18706650346797227
0.1871685026519788
0.18727050183598531
0.18778049775601793
0.18788249694002448
0.21460628314973482
0.21470828233374134
0.21583027335781313
0.21593227254181968
0.21603427172582618
0.21634026927784575
0.2164422684618523
0.21736026111791104
0.2174622603019176
0.21756425948592414
0.21766625866993064
0.21776825785393716
0.24836801305589554
0.2488780089759282
0.2489800081599347
0.24918400652794778
0.1152590779273766
0.11536107711138312
0.11546307629538963
0.11617707058343534
0.11627906976744186
0.11668706650346798
0.1167890656874745
0.11923704610363119
0.11933904528763771
0.11944104447164422
0.11954304365565077
0.12321501427988575
0.1233170134638923
0.12341901264789881
0.12352101183190534
0.12362301101591187
0.1237250101999184
0.12688698490412076
0.1269889840881273
0.12709098327213383
0.12719298245614036
0.12729498164014688
0.1273969808241534
0.12749898000815993
0.12760097919216648
0.1353529171766626
0.13606691146470828
0.1382088943288454
0.1383108935128519
0.13841289269685841
0.13851489188086497
0.1386168910648715
0.138718890248878
0.13882088943288454
0.18155854753161976
0.1816605467156263
0.18278253773969808
0.1828845369237046
0.18706650346797227
0.1871685026519788
0.18727050183598531
0.187984496124031
0.1936964504283966
0.19379844961240308
0.19757241942064466
0.19767441860465118
0.19777641778865768
0.19787841697266423
0.19798041615667075
0.19808241534067728
0.19818441452468383
0.19828641370869032
0.19838841289269685
0.1984904120767034
0.19940840473276214
0.19951040391676866
0.19961240310077522
0.19971440228478174
0.19981640146878824
0.1999184006527948
0.20767033863729092
0.20777233782129742
0.21001631986944103
0.21011831905344758
0.12719298245614036
0.12729498164014688
0.1273969808241534
0.12749898000815993
0.12760097919216648
0.127702978376173
0.1278049775601795
0.12790697674418605
0.12800897592819258
0.1281109751121991
0.12821297429620565
0.12831497348021215
0.1284169726642187
0.12851897184822522
0.12862097103223175
0.12872297021623827
0.1288249694002448
0.12892696858425132
0.12902896776825787
0.1291309669522644
0.13300693594451246
0.13310893512851898
0.1332109343125255
0.13331293349653203
0.13341493268053856
0.13351693186454508
0.13453692370461037
0.1346389228886169
0.13494492044063647
0.13504691962464302
0.13514891880864954
0.14840881272949816
0.1485108119135047
0.14861281109751123
0.14871481028151776
0.5793553651570787
0.5794573643410853
0.5795593635250917
0.7766217870257038
0.7767237862097104
0.7768257853937169
0.7769277845777234
0.7770297837617299
0.7771317829457364
0.7772337821297429
0.7773357813137495
0.777437780497756
0.7775397796817626
0.7776417788657691
0.7777437780497756
0.7778457772337821
0.7779477764177887
0.7780497756017952
0.7781517747858018
0.7782537739698083
0.7783557731538148
0.7784577723378213
0.7785597715218279
0.7786617707058344
0.778763769889841
0.7788657690738474
0.778967768257854
0.7790697674418604
0.779171766625867
0.7792737658098735
0.7793757649938801
0.7794777641778866
0.779579763361893
0.7796817625458996
0.7797837617299062
0.7798857609139127
0.7799877600979193
0.7800897592819258
0.7801917584659323
0.7802937576499388
0.7803957568339454
0.7804977560179519
0.7805997552019585
0.780701754385965
0.7808037535699714
0.7810077519379844
0.781109751121991
0.7812117503059975
0.7813137494900041
0.7814157486740106
0.7815177478580171
0.7816197470420236
0.7817217462260302
0.7818237454100367
0.7819257445940433
0.7820277437780498
0.7821297429620563
0.7822317421460628
0.7823337413300694
0.7824357405140759
0.7825377396980825
0.782639738882089
0.7827417380660955
0.783047735618115
0.7831497348021216
0.7832517339861281
0.7833537331701346
0.8818849449204406
0.8819869441044472
0.8820889432884537
0.8821909424724603
0.8822929416564668
0.8823949408404734
0.8824969400244799
0.8825989392084863
0.882700938392493
0.8828029375764994
0.882904936760506
0.8830069359445124
0.883108935128519
0.8832109343125255
0.883312933496532
0.8834149326805386
0.883516931864545
0.8836189310485517
0.8837209302325582
0.8838229294165646
0.8839249286005713
0.8840269277845777
0.8841289269685844
0.8842309261525908
0.8843329253365972
0.8844349245206039
0.88718890248878
0.8872909016727867
0.8873929008567931
0.8874949000407996
0.8875968992248062
0.8876988984088127
0.8878008975928193
0.8879028967768258
0.8880048959608324
0.8881068951448389
0.8882088943288453
0.888310893512852
0.8884128926968584
0.8886168910648715
0.8930028559771522
0.8931048551611588
0.8932068543451652
0.8933088535291717
0.8934108527131783
0.8935128518971848
0.8936148510811914
0.8937168502651979
0.8938188494492043
0.893920848633211
0.8940228478172174
0.8941248470012241
0.8942268461852305
0.8943288453692372
0.8944308445532436
0.8945328437372501
0.8946348429212567
0.8947368421052632
0.8948388412892697
0.8949408404732763
0.8950428396572828
0.8951448388412893
0.8952468380252957
0.8971848225214197
0.8972868217054264
0.8973888208894328
0.8974908200734395
0.8975928192574459
0.8976948184414524
0.897796817625459
0.8978988168094655
0.8980008159934721
0.8981028151774786
0.8982048143614852
0.8983068135454917
0.8994288045695635
0.89953080375357
0.8996328029375764
0.8997348021215831
0.8998368013055895
0.8999388004895962
0.9000407996736026
0.9004487964096288
0.9005507955936353
0.9006527947776419
0.9007547939616484
0.9008567931456548
0.9009587923296614
0.9010607915136679
0.9011627906976745
0.9012647898816809
0.9013667890656876
0.901468788249694
0.9015707874337004
0.9016727866177071
0.9017747858017136
0.9018767849857202
0.9019787841697267
0.9020807833537331
0.9021827825377398
0.90452876376989
0.9046307629538964
0.9047327621379029
0.9048347613219094
0.904936760505916
0.9050387596899225
0.905140758873929
0.9052427580579354
0.9053447572419421
0.9054467564259485
0.9055487556099552
0.9056507547939616
0.9057527539779683
0.9058547531619747
0.9059567523459812
0.9060587515299878
0.9061607507139943
0.9062627498980009
0.9063647490820074
0.906466748266014
0.910138718890249
0.9102407180742554
0.9103427172582619
0.9104447164422685
0.910546715626275
0.9106487148102816
0.9107507139942881
0.9108527131782946
0.9109547123623011
0.9110567115463076
0.9111587107303142
0.9112607099143206
0.9113627090983273
0.9114647082823337
0.9115667074663402
0.9116687066503468
0.9117707058343533
0.9118727050183599
0.9119747042023664
0.912076703386373
0.9121787025703795
0.9122807017543859
0.9123827009383926
0.912484700122399
0.9125866993064057
0.9126886984904121
0.9127906976744187
0.9128926968584251
0.9129946960424317
0.9130966952264382
0.9131986944104447
0.9133006935944513
0.9134026927784578
0.9135046919624642
0.9136066911464709
0.9137086903304773
0.913810689514484
0.9140146878824971
0.9141166870665035
0.91421868625051
0.9150346797225622
0.9151366789065687
0.9152386780905754
0.9153406772745818
0.9154426764585882
0.9184006527947778
0.9185026519787842
0.9186046511627907
0.9187066503467973
0.9188086495308038
0.9189106487148103
0.9190126478988168
0.9701142390860873
0.5879232966136271
0.7815177478580171
0.8276213790289678
0.8353733170134638
0.8354753161974704
0.8370053039575683
0.8371073031415749
0.8372093023255814
0.8373113015095879
0.8374133006935945
0.8515911872705019
0.8516931864545083
0.8518971848225214
0.8519991840065281
0.8521011831905345
0.852203182374541
0.8523051815585476
0.8524071807425541
0.8525091799265607
0.8526111791105672
0.8527131782945736
0.8528151774785803
0.8529171766625867
0.8530191758465933
0.8531211750305997
0.8532231742146064
0.8533251733986128
0.8534271725826192
0.8535291717666259
0.8536311709506323
0.853733170134639
0.8538351693186454
0.8539371685026519
0.8540391676866586
0.854141166870665
0.8542431660546717
0.8543451652386781
0.8544471644226848
0.8545491636066912
0.8546511627906976
0.8573031415748673
0.857405140758874
0.8575071399428804
0.8576091391268871
0.8577111383108935
0.8578131374949
0.8579151366789066
0.8580171358629131
0.8587311301509588
0.8588331293349654
0.8589351285189719
0.8590371277029784
0.8591391268869849
0.8592411260709913
0.859343125254998
0.8594451244390044
0.8595471236230111
0.8596491228070176
0.859751121991024
0.8598531211750307
0.8599551203590371
0.8600571195430438
0.8601591187270502
0.8602611179110569
0.8603631170950633
0.8604651162790697
0.8605671154630764
0.8606691146470828
0.8607711138310894
0.860873113015096
0.8609751121991024
0.8610771113831089
0.8611791105671154
0.861281109751122
0.8613831089351285
0.8614851081191351
0.8615871073031416
0.861689106487148
0.8617911056711547
0.8618931048551611
0.8619951040391678
0.8620971032231742
0.8621991024071807
0.8623011015911873
0.8633210934312525
0.8634230926152592
0.8635250917992656
0.8636270909832721
0.8637290901672787
0.8638310893512852
0.865361077111383
0.8654630762953897
0.8655650754793961
0.8656670746634028
0.8657690738474092
0.8658710730314159
0.8659730722154223
0.8660750713994287
0.8661770705834354
0.8662790697674418
0.8663810689514485
0.866483068135455
0.8665850673194616
0.866687066503468
0.8667890656874745
0.866891064871481
0.8669930640554876
0.8670950632394941
0.8671970624235006
0.867299061607507
0.8674010607915137
0.8675030599755201
0.8676050591595268
0.8677070583435332
0.8678090575275399
0.8679110567115463
0.8680130558955528
0.8681150550795594
0.8682170542635659
0.8683190534475725
0.868421052631579
0.8685230518155854
0.8686250509995921
0.8687270501835985
0.8688290493676051
0.8689310485516116
0.8690330477356182
0.8691350469196246
0.8692370461036311
0.8693390452876377
0.8694410444716442
0.8695430436556508
0.8700530395756835
0.8701550387596899
0.8716850265197877
0.8717870257037944
0.8718890248878008
0.8719910240718075
0.872093023255814
0.8721950224398206
0.872297021623827
0.8723990208078335
0.8725010199918402
0.8726030191758466
0.8727050183598533
0.8731130150958792
0.8732150142798858
0.8761729906160751
0.8762749898000816
0.8763769889840882
0.8764789881680947
0.8765809873521013
0.8766829865361078
0.8767849857201142
0.8768869849041208
0.8769889840881273
0.8806609547123623
0.8807629538963689
0.8808649530803754
0.8809669522643819
0.8810689514483884
0.8811709506323949
0.8812729498164015
0.8813749490004079
0.8814769481844146
0.881578947368421
0.8816809465524277
0.8817829457364341
0.8818849449204406
0.8819869441044472
0.8820889432884537
0.8821909424724603
0.8822929416564668
0.8823949408404734
0.8824969400244799
0.8825989392084863
0.882700938392493
0.8834149326805386
0.883516931864545
0.8836189310485517
0.8837209302325582
0.8838229294165646
0.8839249286005713
0.8840269277845777
0.8841289269685844
0.8842309261525908
0.8843329253365972
0.8844349245206039
0.8845369237046103
0.884638922888617
0.8847409220726234
0.88484292125663
0.8849449204406364
0.885046919624643
0.8851489188086495
0.885250917992656
0.8853529171766626
0.8854549163606691
0.8855569155446757
0.8856589147286822
0.8870869033047736
0.88718890248878
0.8872909016727867
0.8873929008567931
0.8874949000407996
0.8875968992248062
0.8876988984088127
0.8878008975928193
0.8879028967768258
0.8880048959608324
0.8881068951448389
0.8882088943288453
0.888310893512852
0.8884128926968584
0.8885148918808651
0.8886168910648715
0.8887188902488781
0.8888208894328846
0.8889228886168911
0.8890248878008976
0.889126886984904
0.8892288861689107
0.8893308853529172
0.8894328845369236
0.8895348837209303
0.8896368829049367
0.8897388820889434
0.8898408812729498
0.8899428804569565
0.8900448796409629
0.8901468788249693
0.890248878008976
0.8903508771929824
0.8904528763769891
0.8905548755609956
0.890656874745002
0.8907588739290087
0.8908608731130151
0.8909628722970216
0.8910648714810281
0.8911668706650347
0.8912688698490412
0.8931048551611588
0.8932068543451652
0.8933088535291717
0.8934108527131783
0.8935128518971848
0.8936148510811914
0.8937168502651979
0.8938188494492043
0.893920848633211
0.8940228478172174
0.8941248470012241
0.8942268461852305
0.8943288453692372
0.8944308445532436
0.8962668298653612
0.8963688290493677
0.8964708282333741
0.8965728274173808
0.8966748266013872
0.8967768257853937
0.8968788249694003
0.8969808241534067
0.8970828233374133
0.8971848225214197
0.9037127702978376
0.9038147694818442
0.9039167686658507
0.9040187678498571
0.9041207670338638
0.9042227662178702
0.9043247654018769
0.9044267645858833
0.90452876376989
0.9046307629538964
0.9129946960424317
0.9149326805385557
0.9150346797225622
0.9151366789065687
0.9152386780905754
0.9153406772745818
0.9154426764585882
0.9155446756425949
0.9156466748266013
0.915748674010608
0.9158506731946144
0.9159526723786211
0.9160546715626275
0.916156670746634
0.9162586699306406
0.9163606691146471
0.9164626682986537
0.9165646674826602
0.9166666666666666
0.9167686658506733
0.9168706650346797
0.9169726642186863
0.9170746634026927
0.9352305181558548
0.9353325173398612
0.9354345165238679
0.9355365157078743
0.9356385148918808
0.9357405140758874
0.9358425132598939
0.9359445124439005
0.9365565075479396
0.9366585067319463
0.9367605059159527
0.9368625050999592
0.9380864953080377
0.9381884944920441
0.9382904936760506
0.9383924928600572
0.9384944920440637
0.9385964912280703
0.9386984904120768
0.9388004895960832
0.9389024887800898
0.9390044879640963
0.9391064871481029
0.9392084863321093
0.939310485516116
0.9394124847001224
0.9395144838841288
0.9396164830681355
0.9397184822521419
0.9398204814361486
0.939922480620155
0.9400244798041617
0.9401264789881681
0.9402284781721746
0.9403304773561812
0.9417584659322726
0.9418604651162791
0.9419624643002855
0.9420644634842922
0.9421664626682986
0.9422684618523053
0.9423704610363117
0.9443084455324358
0.9444104447164424
0.9445124439004489
0.9446144430844553
0.944716442268462
0.9448184414524684
0.944920440636475
0.9450224398204814
0.945124439004488
0.9452264381884945
0.950326397388821
0.9505303957568341
0.9506323949408405
0.9507343941248471
0.9508363933088536
0.95093839249286
0.9510403916768666
0.951142390860873
0.9512443900448797
0.9513463892288861
0.9514483884128926
0.9515503875968992
0.18920848633210935
0.18931048551611587
0.1894124847001224
0.18951448388412892
0.585985312117503
0.5869033047735618
0.5874133006935944
0.7043043655650755
0.704406364749082
0.7045083639330886
0.7047123623011017
0.7048143614851081
0.740718074255406
0.7408200734394126
0.740922072623419
0.7410240718074256
0.741126070991432
0.7412280701754386
0.7428600571195431
0.7429620563035496
0.743064055487556
0.7435740514075887
0.7436760505915953
0.7437780497756018
0.7438800489596084
0.7439820481436149
0.7440840473276215
0.7441860465116279
0.7442880456956344
0.744390044879641
0.7444920440636476
0.7488780089759283
0.7489800081599347
0.7490820073439413
0.7491840065279477
0.7492860057119543
0.7493880048959608
0.7494900040799674
0.7495920032639739
0.7496940024479805
0.749796001631987
0.7538759689922481
0.7539779681762546
0.7540799673602612
0.7541819665442677
0.7542839657282742
0.7543859649122807
0.7544879640962873
0.7545899632802938
0.7546919624643004
0.7547939616483069
0.7548959608323134
0.7549979600163199
0.7550999592003264
0.7639738882088943
0.7640758873929009
0.7674418604651163
0.7675438596491228
0.7758057935536515
0.7759077927376581
0.7760097919216646
0.7761117911056712
0.7954916360669114
0.795593635250918
0.7956956344349245
0.7957976336189311
0.7958996328029376
0.7960016319869442
0.7961036311709506
0.7962056303549572
0.7963076295389637
0.7964096287229703
0.7965116279069768
0.7966136270909834
0.7967156262749898
0.7968176254589964
0.7969196246430029
0.7970216238270094
0.7971236230110159
0.8001835985312118
0.8002855977152183
0.8003875968992249
0.8040595675234599
0.8041615667074664
0.8042635658914729
0.8043655650754794
0.804467564259486
0.8045695634434925
0.8046715626274991
0.8047735618115056
0.8110975112199102
0.8111995104039168
0.8113015095879232
0.8114035087719298
0.8115055079559363
0.8116075071399429
0.8117095063239494
0.811811505507956
0.8119135046919624
0.812015503875969
0.8121175030599755
0.8122195022439821
0.8123215014279886
0.8124235006119952
0.8125254997960016
0.8126274989800082
0.8127294981640147
0.8128314973480213
0.8129334965320277
0.8130354957160343
0.8131374949000407
0.8132394940840473
0.8133414932680538
0.8134434924520604
0.8135454916360669
0.8136474908200735
0.8137494900040799
0.8147694818441453
0.8148714810281518
0.8149734802121583
0.8150754793961648
0.8151774785801713
0.8152794777641779
0.8153814769481844
0.815483476132191
0.8155854753161975
0.815687474500204
0.8157894736842105
0.8158914728682171
0.8159934720522236
0.8160954712362302
0.8161974704202367
0.8162994696042432
0.819563443492452
0.8196654426764586
0.8207874337005304
0.820889432884537
0.8209914320685434
0.82109343125255
0.8211954304365565
0.8212974296205631
0.8213994288045695
0.8215014279885761
0.8216034271725826
0.8227254181966545
0.8271113831089351
0.8272133822929416
0.8273153814769482
0.8274173806609547
0.8275193798449613
0.8276213790289678
0.8277233782129743
0.8278253773969808
0.8279273765809874
0.8280293757649939
0.8281313749490005
0.828233374133007
0.8283353733170135
0.82843737250102
0.8285393716850266
0.8286413708690331
0.8287433700530397
0.8343533251733987
0.8344553243574052
0.8345573235414118
0.8346593227254182
0.8347613219094248
0.8348633210934313
0.8349653202774378
0.8350673194614443
0.8351693186454509
0.8352713178294573
0.8353733170134638
0.8354753161974704
0.835577315381477
0.8356793145654834
0.83578131374949
0.8358833129334965
0.8359853121175032
0.8360873113015096
0.8361893104855163
0.8362913096695227
0.8363933088535291
0.8364953080375358
0.8365973072215422
0.8366993064055488
0.8368013055895553
0.8369033047735618
0.8370053039575683
0.8371073031415749
0.8397592819257446
0.8398612811097512
0.8399632802937577
0.8400652794777641
0.8401672786617708
0.8402692778457772
0.8403712770297839
0.8404732762137903
0.840575275397797
0.8406772745818034
0.8407792737658099
0.8408812729498164
0.840983272133823
0.8410852713178295
0.841187270501836
0.8412892696858424
0.841391268869849
0.8414932680538555
0.8415952672378622
0.8416972664218686
0.8417992656058753
0.8419012647898817
0.8420032639738881
0.8421052631578948
0.8422072623419012
0.8423092615259079
0.8424112607099143
0.842513259893921
0.8426152590779274
0.8427172582619339
0.8428192574459404
0.842921256629947
0.8430232558139535
0.84312525499796
0.8432272541819665
0.8433292533659731
0.8434312525499795
0.8435332517339862
0.8436352509179926
0.8437372501019993
0.8438392492860057
0.8439412484700122
0.8440432476540188
0.8441452468380253
0.8442472460220319
0.8443492452060384
0.8444512443900448
0.8445532435740515
0.8446552427580579
0.8447572419420646
0.844859241126071
0.8449612403100776
0.845063239494084
0.8451652386780906
0.8452672378620971
0.8453692370461036
0.8454712362301102
0.8467972256221951
0.8468992248062016
0.847001223990208
0.8471032231742146
0.8472052223582212
0.8473072215422276
0.8474092207262343
0.8475112199102407
0.8476132190942471
0.8477152182782538
0.8478172174622602
0.8479192166462669
0.8480212158302733
0.84812321501428
0.8482252141982864
0.8483272133822929
0.8484292125662996
0.848531211750306
0.8486332109343127
0.8487352101183191
0.8488372093023256
0.8489392084863321
0.8515911872705019
0.8516931864545083
0.851795185638515
0.8518971848225214
0.8519991840065281
0.8521011831905345
0.852203182374541
0.8523051815585476
0.8524071807425541
0.8525091799265607
0.8526111791105672
0.8527131782945736
0.8528151774785803
0.8529171766625867
0.8530191758465933
0.8531211750305997
0.8532231742146064
0.8533251733986128
0.8534271725826192
0.8535291717666259
0.8536311709506323
0.8539371685026519
0.8540391676866586
0.854141166870665
0.8542431660546717
0.8543451652386781
0.8544471644226848
0.8545491636066912
0.8546511627906976
0.8547531619747043
0.8548551611587107
0.8549571603427173
0.8550591595267237
0.8551611587107304
0.8552631578947368
0.8553651570787433
0.8554671562627499
0.8555691554467564
0.855671154630763
0.8557731538147695
0.8558751529987759
0.8559771521827826
0.856079151366789
0.8561811505507957
0.8562831497348021
0.8563851489188088
0.8564871481028152
0.8565891472868217
0.8566911464708283
0.8567931456548348
0.8568951448388413
0.8569971440228478
0.8570991432068544
0.8572011423908609
0.860873113015096
0.8609751121991024
0.8610771113831089
0.8611791105671154
0.861281109751122
0.8613831089351285
0.8614851081191351
0.8615871073031416
0.861689106487148
0.8617911056711547
0.8618931048551611
0.8619951040391678
0.8620971032231742
0.8621991024071807
0.8623011015911873
0.8624031007751938
0.8625050999592004
0.8626070991432069
0.8627090983272134
0.86281109751122
0.8629130966952264
0.863015095879233
0.8631170950632394
0.8632190942472461
0.8633210934312525
0.8634230926152592
0.8635250917992656
0.8636270909832721
0.8637290901672787
0.8638310893512852
0.8639330885352918
0.8640350877192983
0.8641370869033047
0.8642390860873114
0.8643410852713178
0.8644430844553245
0.8645450836393309
0.8646470828233375
0.864749082007344
0.8648510811913505
0.864953080375357
0.8650550795593636
0.8651570787433701
0.8652590779273766
0.866483068135455
0.8665850673194616
0.866687066503468
0.8667890656874745
0.866891064871481
0.8669930640554876
0.8670950632394941
0.8671970624235006
0.867299061607507
0.8674010607915137
0.8675030599755201
0.8676050591595268
0.8677070583435332
0.8678090575275399
0.8679110567115463
0.8680130558955528
0.8681150550795594
0.8682170542635659
0.8683190534475725
0.868421052631579
0.8685230518155854
0.8686250509995921
0.8687270501835985
0.8688290493676051
0.8689310485516116
0.8690330477356182
0.8691350469196246
0.8692370461036311
0.8693390452876377
0.8694410444716442
0.8695430436556508
0.8738270093839249
0.8739290085679315
0.874031007751938
0.8741330069359446
0.8742350061199511
0.8743370053039575
0.8744390044879642
0.8745410036719706
0.8746430028559773
0.8747450020399837
0.8748470012239902
0.8749490004079967
0.8750509995920033
0.8751529987760098
0.8752549979600163
0.8761729906160751
0.8763769889840882
0.8764789881680947
0.8791309669522643
0.879232966136271
0.8793349653202774
0.8794369645042839
0.8795389636882905
0.879640962872297
0.8797429620563036
0.8805589555283558
0.8806609547123623
0.8807629538963689
0.8808649530803754
0.8809669522643819
0.8810689514483884
0.8811709506323949
0.8812729498164015
0.8813749490004079
0.8814769481844146
0.881578947368421
0.8816809465524277
0.8817829457364341
0.8818849449204406
0.8819869441044472
0.8820889432884537
0.8821909424724603
0.8822929416564668
0.8823949408404734
0.8824969400244799
0.8825989392084863
0.882700938392493
0.8828029375764994
0.882904936760506
0.8853529171766626
0.8854549163606691
0.8855569155446757
0.8856589147286822
0.8857609139126886
0.8858629130966953
0.8859649122807017
0.8860669114647084
0.8861689106487148
0.8862709098327213
0.8863729090167279
0.8864749082007344
0.886576907384741
0.8886168910648715
0.8887188902488781
0.8888208894328846
0.8889228886168911
0.8890248878008976
0.889126886984904
0.8892288861689107
0.8893308853529172
0.8894328845369236
0.8895348837209303
0.8896368829049367
0.8897388820889434
0.8898408812729498
0.8899428804569565
0.8900448796409629
0.8901468788249693
0.890248878008976
0.8903508771929824
0.8904528763769891
0.8905548755609956
0.890656874745002
0.8907588739290087
0.8908608731130151
0.8909628722970216
0.8910648714810281
0.8911668706650347
0.8912688698490412
0.8913708690330476
0.8914728682170543
0.8915748674010607
0.8916768665850674
0.8917788657690738
0.8918808649530805
0.8919828641370869
0.8920848633210934
0.8921868625051
0.8922888616891065
0.8923908608731131
0.8924928600571196
0.892594859241126
0.8926968584251327
0.8934108527131783
0.8935128518971848
0.8936148510811914
0.8937168502651979
0.8938188494492043
0.893920848633211
0.8940228478172174
0.8941248470012241
0.8942268461852305
0.8943288453692372
0.8944308445532436
0.8945328437372501
0.8946348429212567
0.8947368421052632
0.8948388412892697
0.8949408404732763
0.8950428396572828
0.8951448388412893
0.8952468380252957
0.8953488372093024
0.8954508363933088
0.8955528355773155
0.8956548347613219
0.8957568339453283
0.895858833129335
0.8959608323133414
0.8960628314973481
0.8961648306813546
0.8962668298653612
0.8963688290493677
0.8964708282333741
0.8965728274173808
0.8966748266013872
0.8967768257853937
0.8968788249694003
0.9024887800897593
0.9035087719298245
0.9036107711138311
0.9037127702978376
0.9038147694818442
0.9039167686658507
0.9040187678498571
0.9041207670338638
0.9042227662178702
0.9043247654018769
0.9044267645858833
0.90452876376989
0.9046307629538964
0.9047327621379029
0.9048347613219094
0.904936760505916
0.9050387596899225
0.905140758873929
0.9052427580579354
0.9053447572419421
0.9054467564259485
0.9055487556099552
0.9114647082823337
0.9115667074663402
0.9116687066503468
0.9117707058343533
0.9118727050183599
0.9119747042023664
0.912076703386373
0.9121787025703795
0.9122807017543859
0.9123827009383926
0.912484700122399
0.9125866993064057
0.9134026927784578
0.9135046919624642
0.9136066911464709
0.9137086903304773
0.913810689514484
0.9154426764585882
0.9155446756425949
0.9156466748266013
0.915748674010608
0.9158506731946144
0.9159526723786211
0.9160546715626275
0.916156670746634
0.9162586699306406
0.9163606691146471
0.9164626682986537
0.9165646674826602
0.9166666666666666
0.9167686658506733
0.9168706650346797
0.9169726642186863
0.9170746634026927
0.9171766625866994
0.9172786617707058
0.9173806609547123
0.9174826601387189
0.9175846593227254
0.917686658506732
0.9177886576907385
0.9178906568747449
0.9179926560587516
0.918094655242758
0.9181966544267647
0.9182986536107711
0.9184006527947778
0.9185026519787842
0.9186046511627907
0.9187066503467973
0.9188086495308038
0.9189106487148103
0.9190126478988168
0.9191146470828234
0.9192166462668299
0.9193186454508363
0.919420644634843
0.9195226438188494
0.9196246430028561
0.9197266421868625
0.919828641370869
0.9199306405548756
0.920032639738882
0.9201346389228887
0.9202366381068952
0.9203386372909018
0.9204406364749083
0.9205426356589147
0.9206446348429214
0.921358629130967
0.9214606283149734
0.9215626274989801
0.9216646266829865
0.921766625866993
0.9218686250509996
0.9219706242350061
0.9220726234190127
0.9221746226030192
0.9222766217870259
0.9223786209710323
0.9224806201550387
0.9245206038351694
0.9246226030191759
0.9247246022031824
0.9252345981232151
0.9253365973072215
0.9254385964912282
0.9255405956752346
0.925642594859241
0.9257445940432477
0.9268665850673194
0.9357405140758874
0.9358425132598939
0.9359445124439005
0.9444104447164424
0.948796409628723
0.9488984088127296
0.949000407996736
0.9491024071807426
0.949204406364749
0.9493064055487557
0.9494084047327621
0.9495104039167688
0.9496124031007752
0.9497144022847817
0.9498164014687883
0.9499184006527948
0.9500203998368014
0.9501223990208079
0.9502243982048143
0.950326397388821
0.9504283965728274
0.9505303957568341
0.9506323949408405
0.9507343941248471
0.9508363933088536
0.95093839249286
0.9510403916768666
0.951142390860873
0.9512443900448797
0.5850673194614443
0.7010403916768666
0.701142390860873
0.7012443900448796
0.7013463892288861
0.7014483884128927
0.7015503875968992
0.7016523867809058
0.7017543859649122
0.7018563851489188
0.7019583843329253
0.7020603835169319
0.7021623827009384
0.702264381884945
0.7023663810689514
0.7878416972664218
0.7879436964504284
0.7880456956344349
0.7881476948184415
0.788249694002448
0.7883516931864546
0.788453692370461
0.7885556915544676
0.7886576907384741
0.7887596899224807
0.7888616891064872
0.7889636882904937
0.7890656874745002
0.7891676866585067
0.7892696858425132
0.7893716850265198
0.7894736842105263
0.7895756833945329
0.7896776825785394
0.7897796817625459
0.7898816809465524
0.789983680130559
0.7900856793145655
0.795593635250918
0.7956956344349245
0.7957976336189311
0.7958996328029376
0.7960016319869442
0.7961036311709506
0.7962056303549572
0.7963076295389637
0.7964096287229703
0.7965116279069768
0.7966136270909834
0.7967156262749898
0.7968176254589964
0.7969196246430029
0.7970216238270094
0.7971236230110159
0.7972256221950225
0.7973276213790289
0.7974296205630355
0.797531619747042
0.7976336189310486
0.7977356181150551
0.8022235822113424
0.8033455732354141
0.8034475724194207
0.8035495716034272
0.8036515707874337
0.8037535699714402
0.8038555691554468
0.8039575683394533
0.8040595675234599
0.8041615667074664
0.8042635658914729
0.8043655650754794
0.804467564259486
0.8045695634434925
0.8046715626274991
0.8047735618115056
0.804875560995512
0.8049775601795186
0.805079559363525
0.8051815585475316
0.8082415340677275
0.8110975112199102
0.8111995104039168
0.8113015095879232
0.8114035087719298
0.8115055079559363
0.8116075071399429
0.8117095063239494
0.811811505507956
0.8119135046919624
0.812015503875969
0.8121175030599755
0.8122195022439821
0.8123215014279886
0.8124235006119952
0.8125254997960016
0.8126274989800082
0.8127294981640147
0.8128314973480213
0.8129334965320277
0.8130354957160343
0.8131374949000407
0.8132394940840473
0.8133414932680538
0.8134434924520604
0.8135454916360669
0.8136474908200735
0.8137494900040799
0.8138514891880865
0.813953488372093
0.8140554875560996
0.8141574867401061
0.8142594859241127
0.8143614851081192
0.8144634842921257
0.8150754793961648
0.8151774785801713
0.8152794777641779
0.8153814769481844
0.815483476132191
0.8155854753161975
0.815687474500204
0.8157894736842105
0.8158914728682171
0.8159934720522236
0.8160954712362302
0.8161974704202367
0.8162994696042432
0.8164014687882497
0.8199714402284782
0.8200734394124847
0.8201754385964912
0.8207874337005304
0.820889432884537
0.8209914320685434
0.82109343125255
0.8211954304365565
0.8212974296205631
0.8213994288045695
0.8215014279885761
0.8216034271725826
0.8217054263565892
0.8218074255405957
0.8219094247246023
0.8220114239086087
0.8225214198286415
0.8268053855569156
0.8269073847409221
0.8275193798449613
0.8276213790289678
0.8277233782129743
0.8278253773969808
0.8279273765809874
0.8280293757649939
0.8281313749490005
0.828233374133007
0.8283353733170135
0.82843737250102
0.8285393716850266
0.8286413708690331
0.8287433700530397
0.8288453692370461
0.8289473684210527
0.8290493676050591
0.8291513667890656
0.8292533659730722
0.8293553651570787
0.8342513259893921
0.8343533251733987
0.8344553243574052
0.8345573235414118
0.8346593227254182
0.8347613219094248
0.8348633210934313
0.8349653202774378
0.8350673194614443
0.8351693186454509
0.8352713178294573
0.8353733170134638
0.8354753161974704
0.835577315381477
0.8356793145654834
0.83578131374949
0.8358833129334965
0.8359853121175032
0.8360873113015096
0.8361893104855163
0.8402692778457772
0.8403712770297839
0.8404732762137903
0.840575275397797
0.8406772745818034
0.8407792737658099
0.8408812729498164
0.840983272133823
0.8410852713178295
0.841187270501836
0.8412892696858424
0.841391268869849
0.8414932680538555
0.8415952672378622
0.8416972664218686
0.8417992656058753
0.8419012647898817
0.8420032639738881
0.8421052631578948
0.8422072623419012
0.8423092615259079
0.8424112607099143
0.842513259893921
0.8432272541819665
0.8433292533659731
0.8434312525499795
0.8435332517339862
0.8436352509179926
0.8437372501019993
0.8438392492860057
0.8439412484700122
0.8440432476540188
0.8441452468380253
0.8442472460220319
0.8443492452060384
0.8444512443900448
0.8445532435740515
0.8446552427580579
0.8447572419420646
0.844859241126071
0.8449612403100776
0.845063239494084
0.8451652386780906
0.8452672378620971
0.8463892288861689
0.8464912280701755
0.846593227254182
0.8466952264381886
0.8467972256221951
0.8468992248062016
0.847001223990208
0.8471032231742146
0.8472052223582212
0.8473072215422276
0.8474092207262343
0.8475112199102407
0.8476132190942471
0.8477152182782538
0.8478172174622602
0.8479192166462669
0.8480212158302733
0.84812321501428
0.8488372093023256
0.8489392084863321
0.8490412076703386
0.8491432068543452
0.8492452060383516
0.8493472052223583
0.8494492044063647
0.8495512035903712
0.8496532027743778
0.8497552019583843
0.8498572011423909
0.8499592003263974
0.850061199510404
0.8501631986944105
0.8502651978784169
0.8503671970624236
0.85046919624643
0.8505711954304367
0.8506731946144431
0.8507751937984496
0.8508771929824561
0.8509791921664627
0.8510811913504692
0.8511831905344757
0.8512851897184823
0.8513871889024888
0.8514891880864952
0.8515911872705019
0.8516931864545083
0.851795185638515
0.8518971848225214
0.8519991840065281
0.8521011831905345
0.852203182374541
0.8523051815585476
0.8549571603427173
0.8550591595267237
0.8551611587107304
0.8552631578947368
0.8553651570787433
0.8554671562627499
0.8555691554467564
0.855671154630763
0.8557731538147695
0.8558751529987759
0.860873113015096
0.8609751121991024
0.8610771113831089
0.8611791105671154
0.861281109751122
0.8613831089351285
0.8614851081191351
0.8615871073031416
0.861689106487148
0.8617911056711547
0.8618931048551611
0.8619951040391678
0.8620971032231742
0.8621991024071807
0.8623011015911873
0.8624031007751938
0.8625050999592004
0.8626070991432069
0.8627090983272134
0.86281109751122
0.8629130966952264
0.863015095879233
0.8631170950632394
0.8632190942472461
0.8633210934312525
0.8634230926152592
0.8635250917992656
0.8636270909832721
0.8637290901672787
0.8638310893512852
0.8639330885352918
0.8640350877192983
0.8641370869033047
0.8642390860873114
0.8643410852713178
0.8644430844553245
0.8645450836393309
0.8646470828233375
0.864749082007344
0.8648510811913505
0.864953080375357
0.8650550795593636
0.8651570787433701
0.8652590779273766
0.865361077111383
0.8654630762953897
0.8655650754793961
0.8656670746634028
0.8657690738474092
0.8658710730314159
0.8659730722154223
0.8660750713994287
0.8661770705834354
0.8662790697674418
0.8663810689514485
0.866483068135455
0.8670950632394941
0.8671970624235006
0.867299061607507
0.8674010607915137
0.8675030599755201
0.8676050591595268
0.8677070583435332
0.8678090575275399
0.8679110567115463
0.8680130558955528
0.8681150550795594
0.8682170542635659
0.8683190534475725
0.868421052631579
0.8685230518155854
0.8686250509995921
0.8687270501835985
0.8688290493676051
0.8689310485516116
0.8690330477356182
0.8691350469196246
0.8692370461036311
0.8693390452876377
0.8694410444716442
0.8695430436556508
0.8696450428396573
0.8697470420236639
0.8698490412076704
0.8699510403916768
0.8700530395756835
0.8701550387596899
0.8702570379436966
0.870359037127703
0.8704610363117095
0.8705630354957161
0.8706650346797226
0.8707670338637291
0.8708690330477357
0.8709710322317422
0.8710730314157487
0.8711750305997552
0.8712770297837618
0.8713790289677682
0.8714810281517749
0.8715830273357813
0.8716850265197877
0.8717870257037944
0.8718890248878008
0.8719910240718075
0.872093023255814
0.8721950224398206
0.872297021623827
0.8723990208078335
0.8725010199918402
0.8726030191758466
0.8727050183598533
0.8728070175438597
0.8729090167278662
0.8730110159118727
0.8731130150958792
0.8732150142798858
0.8733170134638922
0.8734190126478989
0.8735210118319053
0.8736230110159118
0.8763769889840882
0.8764789881680947
0.8765809873521013
0.8766829865361078
0.8767849857201142
0.8768869849041208
0.8769889840881273
0.8770909832721339
0.8771929824561403
0.877294981640147
0.8773969808241534
0.8774989800081598
0.8776009791921665
0.877702978376173
0.8778049775601796
0.877906976744186
0.8780089759281925
0.8788249694002448
0.8793349653202774
0.8794369645042839
0.8795389636882905
0.879640962872297
0.8797429620563036
0.8798449612403101
0.8799469604243165
0.8800489596083232
0.8801509587923296
0.8802529579763363
0.8803549571603427
0.8804569563443494
0.8805589555283558
0.8806609547123623
0.8807629538963689
0.8808649530803754
0.8809669522643819
0.8810689514483884
0.8811709506323949
0.8812729498164015
0.8813749490004079
0.8814769481844146
0.881578947368421
0.8816809465524277
0.8817829457364341
0.8818849449204406
0.8819869441044472
0.8820889432884537
0.8821909424724603
0.8822929416564668
0.8823949408404734
0.8824969400244799
0.8825989392084863
0.882700938392493
0.8828029375764994
0.8880048959608324
0.8881068951448389
0.8882088943288453
0.888310893512852
0.8884128926968584
0.8885148918808651
0.8886168910648715
0.8887188902488781
0.8888208894328846
0.8889228886168911
0.8890248878008976
0.889126886984904
0.8892288861689107
0.8893308853529172
0.8894328845369236
0.8895348837209303
0.8896368829049367
0.8897388820889434
0.8898408812729498
0.8899428804569565
0.8900448796409629
0.8901468788249693
0.890248878008976
0.8903508771929824
0.8904528763769891
0.8905548755609956
0.890656874745002
0.8907588739290087
0.8908608731130151
0.8909628722970216
0.8910648714810281
0.8911668706650347
0.8912688698490412
0.8913708690330476
0.8926968584251327
0.8927988576091391
0.8929008567931457
0.8930028559771522
0.8931048551611588
0.8932068543451652
0.8941248470012241
0.8942268461852305
0.8943288453692372
0.8944308445532436
0.8945328437372501
0.8946348429212567
0.8947368421052632
0.8948388412892697
0.8949408404732763
0.8950428396572828
0.8951448388412893
0.8952468380252957
0.8953488372093024
0.8954508363933088
0.8955528355773155
0.8956548347613219
0.8957568339453283
0.895858833129335
0.9033047735618116
0.903406772745818
0.9035087719298245
0.9043247654018769
0.9044267645858833
0.90452876376989
0.9046307629538964
0.9047327621379029
0.9048347613219094
0.904936760505916
0.9050387596899225
0.905140758873929
0.9052427580579354
0.9053447572419421
0.9054467564259485
0.9055487556099552
0.9056507547939616
0.9151366789065687
0.9152386780905754
0.9153406772745818
0.9154426764585882
0.9155446756425949
0.9156466748266013
0.915748674010608
0.9158506731946144
0.9159526723786211
0.9160546715626275
0.916156670746634
0.9162586699306406
0.9163606691146471
0.9164626682986537
0.9165646674826602
0.9166666666666666
0.9167686658506733
0.9168706650346797
0.9169726642186863
0.9174826601387189
0.9175846593227254
0.917686658506732
0.9177886576907385
0.9178906568747449
0.9223786209710323
0.9224806201550387
0.9225826193390454
0.9249286005711954
0.925030599755202
0.9251325989392084
0.9252345981232151
0.9253365973072215
0.9254385964912282
0.9255405956752346
0.925642594859241
0.9257445940432477
0.9258465932272542
0.9259485924112608
0.9260505915952673
0.9261525907792737
0.9262545899632804
0.9263565891472868
0.9264585883312935
0.9265605875152999
0.9266625866993065
0.926764585883313
0.9278865769073849
0.9279885760913913
0.9280905752753977
0.2776417788657691
0.27774377804977557
0.2778457772337821
0.2858017135862913
0.28590371277029786
0.28600571195430435
0.2861077111383109
0.28620971032231746
0.28631170950632395
0.2864137086903305
0.286515707874337
0.2875356997144023
0.5682374541003672
0.5683394532843737
0.5684414524683803
0.5685434516523868
0.5686454508363934
0.5721134230926153
0.5722154222766218
0.5723174214606284
0.5724194206446349
0.5725214198286415
0.5726234190126479
0.5727254181966545
0.572827417380661
0.5729294165646674
0.573031415748674
0.5731334149326806
0.573235414116687
0.5779273765809874
0.5780293757649939
0.5781313749490005
0.587515299877601
0.5876172990616075
0.5877192982456141
0.5878212974296205
0.5879232966136271
0.5880252957976336
0.5881272949816402
0.5882292941656467
0.5883312933496533
0.5884332925336597
0.5885352917176663
0.5928192574459404
0.592921256629947
0.5998572011423908
0.5999592003263974
0.6006731946144431
0.6007751937984497
0.6008771929824561
0.6009791921664627
0.6010811913504692
0.6012851897184822
0.6013871889024888
0.6014891880864953
0.6015911872705019
0.614953080375357
0.6150550795593636
0.61515707874337
0.6152590779273766
0.6153610771113831
0.6185230518155855
0.6194410444716442
0.6195430436556507
0.6196450428396573
0.6197470420236638
0.6198490412076704
0.6199510403916769
0.6232150142798857
0.6233170134638922
0.6234190126478988
0.6235210118319053
0.7220522235822113
0.7221542227662179
0.7222562219502244
0.722358221134231
0.7224602203182375
0.7225622195022441
0.7226642186862505
0.7227662178702571
0.7472460220318238
0.7473480212158302
0.7474500203998368
0.7475520195838433
0.7476540187678499
0.7477560179518564
0.747858017135863
0.7479600163198694
0.748062015503876
0.7481640146878825
0.7542839657282742
0.7543859649122807
0.7544879640962873
0.7545899632802938
0.7546919624643004
0.7547939616483069
0.788249694002448
0.7946756425948593
0.7947776417788658
0.7948796409628723
0.7949816401468788
0.7957976336189311
0.7958996328029376
0.7960016319869442
0.7961036311709506
0.7962056303549572
0.7969196246430029
0.7970216238270094
0.7971236230110159
0.7972256221950225
0.7973276213790289
0.7974296205630355
0.797531619747042
0.7991636066911465
0.7992656058751529
0.7993676050591595
0.799469604243166
0.7995716034271726
0.7996736026111791
0.7997756017951857
0.7998776009791921
0.7999796001631987
0.8000815993472052
0.8001835985312118
0.8002855977152183
0.8017135862913096
0.8018155854753162
0.8019175846593227
0.802733578131375
0.8028355773153816
0.802937576499388
0.8030395756833946
0.803141574867401
0.8032435740514076
0.8033455732354141
0.8034475724194207
0.8035495716034272
0.8036515707874337
0.8037535699714402
0.8038555691554468
0.8039575683394533
0.8040595675234599
0.8041615667074664
0.8042635658914729
0.8043655650754794
0.804467564259486
0.8045695634434925
0.8046715626274991
0.8047735618115056
0.804875560995512
0.8049775601795186
0.805079559363525
0.8051815585475316
0.8052835577315381
0.8053855569155447
0.8054875560995512
0.8055895552835577
0.8056915544675642
0.8057935536515708
0.8072215422276622
0.8073235414116687
0.8074255405956752
0.8075275397796817
0.8076295389636883
0.8077315381476948
0.8097715218278254
0.809873521011832
0.8099755201958384
0.810077519379845
0.8101795185638515
0.8102815177478581
0.8114035087719298
0.8115055079559363
0.8116075071399429
0.8117095063239494
0.811811505507956
0.8119135046919624
0.812015503875969
0.8121175030599755
0.8122195022439821
0.8123215014279886
0.8124235006119952
0.8125254997960016
0.8126274989800082
0.8127294981640147
0.8128314973480213
0.8150754793961648
0.8151774785801713
0.8152794777641779
0.8153814769481844
0.815483476132191
0.8155854753161975
0.815687474500204
0.8157894736842105
0.8158914728682171
0.819563443492452
0.8196654426764586
0.8197674418604651
0.8198694410444717
0.8199714402284782
0.8200734394124847
0.8201754385964912
0.8202774377804978
0.8203794369645043
0.8204814361485109
0.8205834353325174
0.820685434516524
0.8207874337005304
0.820889432884537
0.8209914320685434
0.82109343125255
0.8211954304365565
0.8212974296205631
0.8213994288045695
0.8215014279885761
0.8271113831089351
0.8272133822929416
0.8273153814769482
0.8276213790289678
0.8280293757649939
0.8281313749490005
0.828233374133007
0.8283353733170135
0.82843737250102
0.8285393716850266
0.8286413708690331
0.8287433700530397
0.8288453692370461
0.8289473684210527
0.8290493676050591
0.8291513667890656
0.8292533659730722
0.8297633618931048
0.8298653610771114
0.829967360261118
0.8300693594451245
0.8344553243574052
0.8345573235414118
0.8346593227254182
0.8347613219094248
0.8348633210934313
0.8349653202774378
0.8350673194614443
0.8351693186454509
0.8352713178294573
0.8353733170134638
0.8354753161974704
0.835577315381477
0.8356793145654834
0.83578131374949
0.8369033047735618
0.8398612811097512
0.8399632802937577
0.8400652794777641
0.8401672786617708
0.8402692778457772
0.8403712770297839
0.8404732762137903
0.840575275397797
0.8406772745818034
0.8407792737658099
0.8408812729498164
0.840983272133823
0.8410852713178295
0.841187270501836
0.8437372501019993
0.8468992248062016
0.847001223990208
0.8471032231742146
0.8472052223582212
0.8473072215422276
0.8474092207262343
0.8475112199102407
0.8476132190942471
0.8477152182782538
0.8478172174622602
0.8479192166462669
0.8480212158302733
0.84812321501428
0.8482252141982864
0.8483272133822929
0.8484292125662996
0.848531211750306
0.8486332109343127
0.8487352101183191
0.8488372093023256
0.8489392084863321
0.8490412076703386
0.8491432068543452
0.8492452060383516
0.8493472052223583
0.8494492044063647
0.8495512035903712
0.8496532027743778
0.8497552019583843
0.8498572011423909
0.8499592003263974
0.850061199510404
0.8501631986944105
0.8502651978784169
0.8503671970624236
0.85046919624643
0.8505711954304367
0.8506731946144431
0.8507751937984496
0.8508771929824561
0.8509791921664627
0.8510811913504692
0.8511831905344757
0.8512851897184823
0.8513871889024888
0.8514891880864952
0.8515911872705019
0.8516931864545083
0.851795185638515
0.8518971848225214
0.8555691554467564
0.855671154630763
0.8557731538147695
0.8558751529987759
0.8559771521827826
0.861689106487148
0.8617911056711547
0.8618931048551611
0.8619951040391678
0.8620971032231742
0.8621991024071807
0.8623011015911873
0.8624031007751938
0.8625050999592004
0.8639330885352918
0.8640350877192983
0.8641370869033047
0.8642390860873114
0.8643410852713178
0.8644430844553245
0.8645450836393309
0.8646470828233375
0.864749082007344
0.8648510811913505
0.864953080375357
0.8650550795593636
0.8651570787433701
0.8652590779273766
0.865361077111383
0.8654630762953897
0.8655650754793961
0.8656670746634028
0.8657690738474092
0.8658710730314159
0.8659730722154223
0.8660750713994287
0.8661770705834354
0.8662790697674418
0.8669930640554876
0.8670950632394941
0.8671970624235006
0.867299061607507
0.8674010607915137
0.8675030599755201
0.8676050591595268
0.8677070583435332
0.8678090575275399
0.8679110567115463
0.8680130558955528
0.8681150550795594
0.8682170542635659
0.8683190534475725
0.868421052631579
0.8685230518155854
0.8686250509995921
0.8687270501835985
0.8688290493676051
0.8689310485516116
0.8690330477356182
0.8691350469196246
0.8692370461036311
0.8723990208078335
0.8725010199918402
0.8726030191758466
0.8727050183598533
0.8728070175438597
0.8729090167278662
0.8730110159118727
0.8731130150958792
0.8732150142798858
0.8733170134638922
0.8734190126478989
0.8735210118319053
0.8736230110159118
0.8783149734802123
0.8784169726642187
0.8785189718482254
0.8786209710322318
0.8787229702162382
0.8788249694002448
0.8789269685842513
0.8790289677682579
0.8791309669522643
0.879232966136271
0.8793349653202774
0.8794369645042839
0.8795389636882905
0.879640962872297
0.8797429620563036
0.8798449612403101
0.8799469604243165
0.8800489596083232
0.8801509587923296
0.8802529579763363
0.8803549571603427
0.8804569563443494
0.8805589555283558
0.8806609547123623
0.8807629538963689
0.8808649530803754
0.8809669522643819
0.8810689514483884
0.8811709506323949
0.8812729498164015
0.8813749490004079
0.8814769481844146
0.881578947368421
0.8913708690330476
0.8914728682170543
0.8915748674010607
0.8916768665850674
0.8917788657690738
0.8918808649530805
0.8919828641370869
0.8946348429212567
0.8947368421052632
0.8948388412892697
0.8949408404732763
0.8959608323133414
0.8960628314973481
0.9127906976744187
0.9128926968584251
0.9129946960424317
0.9130966952264382
0.9131986944104447
0.9133006935944513
0.9134026927784578
0.9135046919624642
0.9136066911464709
0.9137086903304773
0.913810689514484
0.9139126886984904
0.9140146878824971
0.9141166870665035
0.91421868625051
0.921358629130967
0.9214606283149734
0.9215626274989801
0.9216646266829865
0.921766625866993
0.9218686250509996
0.9219706242350061
0.9235006119951041
0.9236026111791106
0.923704610363117
0.9238066095471237
0.9239086087311301
0.9240106079151368
0.9241126070991432
0.9242146062831497
0.9243166054671563
0.9244186046511628
0.9372705018359853
0.9373725010199919
0.9374745002039984
0.9375764993880048
0.9376784985720115
0.9377804977560179
0.9378824969400246
0.10495716034271727
0.10505915952672379
0.26876784985720115
0.2717258261933904
0.27182782537739697
0.2719298245614035
0.27233782129742967
0.27243982048143617
0.27254181966544266
0.2769277845777234
0.27702978376172993
0.2781517747858017
0.27825377396980827
0.2783557731538148
0.2784577723378213
0.2798857609139127
0.2799877600979192
0.28008975928192575
0.2801917584659323
0.2802937576499388
0.28039575683394535
0.28049775601795185
0.28059975520195835
0.2807017543859649
0.28080375356997145
0.28090575275397794
0.2810077519379845
0.28110975112199105
0.2812117503059976
0.2813137494900041
0.28141574867401065
0.28151774785801714
0.28161974704202364
0.2817217462260302
0.28182374541003674
0.28192574459404324
0.2820277437780498
0.28212974296205634
0.28223174214606284
0.2823337413300694
0.2850877192982456
0.28518971848225216
0.2852917176662587
0.2853937168502652
0.2854957160342717
0.28559771521827826
0.28569971440228475
0.28733170134638925
0.2874337005303958
0.2875356997144023
0.2876376988984088
0.28773969808241534
0.2878416972664219
0.2879436964504284
0.28804569563443494
0.2881476948184415
0.2892696858425133
0.28937168502651983
0.2894736842105263
0.2895756833945328
0.2896776825785394
0.28977968176254587
0.2898816809465524
0.289983680130559
0.29008567931456547
0.290187678498572
0.2902896776825786
0.29130966952264387
0.29141166870665036
0.29151366789065686
0.2916156670746634
0.2917176662586699
0.29181966544267646
0.291921664626683
0.2920236638106895
0.29212566299469606
0.2922276621787026
0.2923296613627091
0.2930436556507548
0.29314565483476135
0.29324765401876784
0.2933496532027744
0.2934516523867809
0.29355365157078744
0.29365565075479394
0.2937576499388005
0.29385964912280704
0.29396164830681354
0.2947776417788658
0.2948796409628723
0.29498164014687883
0.2950836393308854
0.2951856385148919
0.29528763769889843
0.33578131374949
0.5649734802121583
0.5650754793961648
0.5651774785801713
0.5665034679722563
0.5666054671562628
0.5671154630762953
0.567625458996328
0.5677274581803345
0.5678294573643411
0.5679314565483476
0.5680334557323542
0.5681354549163606
0.5682374541003672
0.5683394532843737
0.5684414524683803
0.5685434516523868
0.5686454508363934
0.5687474500204
0.5688494492044064
0.5689514483884129
0.5690534475724194
0.5691554467564259
0.5692574459404325
0.569359445124439
0.5694614443084455
0.569563443492452
0.5696654426764586
0.5697674418604651
0.5698694410444717
0.5704814361485109
0.5705834353325174
0.5706854345165239
0.5707874337005304
0.570889432884537
0.5709914320685434
0.57109343125255
0.5711954304365565
0.571297429620563
0.5713994288045695
0.5715014279885761
0.5716034271725826
0.5717054263565892
0.5718074255405957
0.5719094247246023
0.5720114239086087
0.5721134230926153
0.5722154222766218
0.5723174214606284
0.5724194206446349
0.5725214198286415
0.5726234190126479
0.5727254181966545
0.572827417380661
0.5729294165646674
0.573031415748674
0.5741534067727458
0.5742554059567524
0.574357405140759
0.5744594043247654
0.5745614035087719
0.5746634026927785
0.574765401876785
0.5750713994288046
0.575173398612811
0.5752753977968176
0.5815993472052223
0.5817013463892289
0.5820073439412485
0.5860873113015096
0.5861893104855161
0.5862913096695227
0.5863933088535292
0.5864953080375357
0.5872093023255813
0.5873113015095879
0.5874133006935944
0.587515299877601
0.5876172990616075
0.5877192982456141
0.5878212974296205
0.5879232966136271
0.5880252957976336
0.5881272949816402
0.5882292941656467
0.5883312933496533
0.5884332925336597
0.5885352917176663
0.5886372909016728
0.5887392900856794
0.5888412892696859
0.5889432884536924
0.5900652794777642
0.591391268869849
0.5914932680538556
0.591595267237862
0.5916972664218686
0.5917992656058751
0.5919012647898817
0.5920032639738882
0.5921052631578948
0.5922072623419012
0.5923092615259078
0.592921256629947
0.594655242758058
0.5947572419420645
0.594859241126071
0.5949612403100776
0.595063239494084
0.5994492044063647
0.600265197878417
0.6003671970624236
0.60046919624643
0.6005711954304366
0.6006731946144431
0.6007751937984497
0.6008771929824561
0.6009791921664627
0.6010811913504692
0.6011831905344757
0.6012851897184822
0.614749082007344
0.6148510811913505
0.6183190534475724
0.618421052631579
0.6185230518155855
0.6187270501835986
0.6192370461036312
0.6193390452876377
0.6194410444716442
0.6196450428396573
0.6197470420236638
0.6198490412076704
0.6199510403916769
0.6200530395756834
0.6201550387596899
0.6202570379436965
0.620359037127703
0.6204610363117096
0.6229090167278662
0.6230110159118727
0.6232150142798857
0.6233170134638922
0.6234190126478988
0.6440228478172175
0.644124847001224
0.6442268461852305
0.7200122399020809
0.7201142390860873
0.7202162382700938
0.7203182374541004
0.720420236638107
0.7205222358221135
0.72062423500612
0.7207262341901265
0.720828233374133
0.7209302325581396
0.721032231742146
0.7221542227662179
0.7222562219502244
0.722358221134231
0.733578131374949
0.7336801305589555
0.7337821297429621
0.7338841289269686
0.7339861281109751
0.7468380252957977
0.7469400244798042
0.7470420236638107
0.7471440228478172
0.7472460220318238
0.7473480212158302
0.7474500203998368
0.7475520195838433
0.7545899632802938
0.7546919624643004
0.7547939616483069
0.7548959608323134
0.7549979600163199
0.7550999592003264
0.7552019583843329
0.7927376580987353
0.7928396572827417
0.7929416564667483
0.7932476540187678
0.800999592003264
0.8011015911872704
0.801203590371277
0.8013055895552835
0.8014075887392901
0.803141574867401
0.8032435740514076
0.8033455732354141
0.8034475724194207
0.8035495716034272
0.8036515707874337
0.8037535699714402
0.8054875560995512
0.8055895552835577
0.8056915544675642
0.8057935536515708
0.8058955528355773
0.8059975520195839
0.8060995512035904
0.8062015503875969
0.8063035495716034
0.80640554875561
0.8065075479396165
0.8066095471236231
0.8067115463076296
0.8068135454916361
0.8069155446756426
0.8070175438596491
0.8104855161158712
0.8105875152998776
0.8106895144838842
0.8111995104039168
0.8113015095879232
0.811811505507956
0.8119135046919624
0.812015503875969
0.8121175030599755
0.8122195022439821
0.8123215014279886
0.8124235006119952
0.8125254997960016
0.8126274989800082
0.8130354957160343
0.8342513259893921
0.8343533251733987
0.8344553243574052
0.8345573235414118
0.8346593227254182
0.8347613219094248
0.8348633210934313
0.8349653202774378
0.8350673194614443
0.8351693186454509
0.8352713178294573
0.8353733170134638
0.8354753161974704
0.835577315381477
0.8356793145654834
0.83578131374949
0.8358833129334965
0.8359853121175032
0.8360873113015096
0.8361893104855163
0.8398612811097512
0.8400652794777641
0.8401672786617708
0.8402692778457772
0.8403712770297839
0.8404732762137903
0.840575275397797
0.8406772745818034
0.8407792737658099
0.8408812729498164
0.840983272133823
0.8410852713178295
0.841187270501836
0.8471032231742146
0.8472052223582212
0.8473072215422276
0.8474092207262343
0.8475112199102407
0.8476132190942471
0.8477152182782538
0.8478172174622602
0.848531211750306
0.8486332109343127
0.8487352101183191
0.8488372093023256
0.8489392084863321
0.8490412076703386
0.8491432068543452
0.8492452060383516
0.8493472052223583
0.8494492044063647
0.8495512035903712
0.8496532027743778
0.8497552019583843
0.8498572011423909
0.8787229702162382
0.8788249694002448
0.8789269685842513
0.8790289677682579
0.8791309669522643
0.879232966136271
0.8793349653202774
0.038657690738474096
0.10485516115871073
0.10495716034271727
0.10505915952672379
0.10526315789473685
0.10536515707874337
0.10546715626274991
0.1057731538147695
0.105875152998776
0.13749490004079967
0.26805385556915545
0.268155854753162
0.2682578539371685
0.26835985312117505
0.26846185230518155
0.26856385148918804
0.2686658506731946
0.2691758465932273
0.2692778457772338
0.26937984496124034
0.26948184414524684
0.26958384332925334
0.28059975520195835
0.28325173398612813
0.2833537331701347
0.2834557323541412
0.2835577315381477
0.2836597307221542
0.2837617299061607
0.28386372909016727
0.2839657282741738
0.2840677274581803
0.28416972664218687
0.2842717258261934
0.2843737250102
0.28447572419420647
0.28457772337821297
0.28906568747450023
0.28916768665850673
0.2954916360669115
0.295593635250918
0.3385352917176663
0.5653814769481844
0.565483476132191
0.5655854753161975
0.565687474500204
0.5657894736842105
0.5658914728682171
0.5659934720522236
0.5660954712362302
0.5661974704202367
0.5662994696042432
0.5664014687882497
0.5707874337005304
0.570889432884537
0.5709914320685434
0.57109343125255
0.5711954304365565
0.571297429620563
0.5713994288045695
0.5715014279885761
0.5716034271725826
0.5717054263565892
0.5718074255405957
0.5719094247246023
0.5720114239086087
0.5721134230926153
0.5722154222766218
0.5723174214606284
0.5724194206446349
0.5725214198286415
0.5726234190126479
0.5727254181966545
0.572827417380661
0.5729294165646674
0.5741534067727458
0.5742554059567524
0.574357405140759
0.5744594043247654
0.5745614035087719
0.5746634026927785
0.574765401876785
0.5748674010607916
0.574969400244798
0.5750713994288046
0.575173398612811
0.5752753977968176
0.5753773969808241
0.5755813953488372
0.5756833945328438
0.5761933904528764
0.576295389636883
0.5763973888208894
0.5767033863729091
0.5768053855569156
0.5769073847409221
0.5770093839249286
0.5771113831089351
0.5772133822929416
0.5773153814769482
0.5774173806609547
0.5781313749490005
0.5790493676050591
0.5791513667890656
0.5796613627090983
0.5797633618931048
0.5798653610771114
0.579967360261118
0.5800693594451245
0.5801713586291309
0.5802733578131375
0.580375356997144
0.5804773561811506
0.5807833537331702
0.5808853529171767
0.5809873521011832
0.5810893512851897
0.5811913504691962
0.5812933496532028
0.5813953488372093
0.5814973480212158
0.5815993472052223
0.5817013463892289
0.5818033455732354
0.581905344757242
0.5820073439412485
0.5823133414932681
0.5824153406772746
0.5825173398612812
0.5826193390452877
0.5829253365973073
0.5831293349653203
0.5832313341493268
0.5848633210934313
0.5849653202774378
0.58578131374949
0.5858833129334965
0.585985312117503
0.5860873113015096
0.5861893104855161
0.5862913096695227
0.5863933088535292
0.5864953080375357
0.5865973072215422
0.5866993064055488
0.5868013055895553
0.5869033047735618
0.5870053039575683
0.5871073031415749
0.5872093023255813
0.5873113015095879
0.5874133006935944
0.587515299877601
0.5876172990616075
0.5877192982456141
0.5878212974296205
0.5879232966136271
0.5880252957976336
0.5881272949816402
0.5882292941656467
0.5883312933496533
0.5884332925336597
0.5885352917176663
0.5886372909016728
0.5887392900856794
0.5888412892696859
0.5889432884536924
0.5890452876376989
0.5891472868217054
0.5892492860057119
0.5893512851897185
0.589453284373725
0.5903712770297838
0.5904732762137903
0.5905752753977969
0.5906772745818034
0.59077927376581
0.5908812729498164
0.590983272133823
0.5910852713178294
0.591187270501836
0.5912892696858425
0.591391268869849
0.5914932680538556
0.591595267237862
0.5916972664218686
0.5917992656058751
0.5919012647898817
0.5920032639738882
0.5921052631578948
0.5922072623419012
0.5923092615259078
0.5924112607099143
0.5925132598939209
0.5926152590779274
0.592717258261934
0.5928192574459404
0.592921256629947
0.5930232558139534
0.59312525499796
0.5934312525499796
0.5935332517339861
0.5936352509179926
0.5937372501019992
0.5938392492860057
0.5939412484700123
0.5940432476540188
0.5941452468380253
0.5942472460220318
0.5943492452060384
0.5944512443900449
0.5945532435740515
0.594655242758058
0.5947572419420645
0.594859241126071
0.5949612403100776
0.595063239494084
0.5960832313341493
0.5978172174622604
0.5979192166462668
0.5980212158302733
0.5981232150142799
0.5982252141982864
0.598327213382293
0.5984292125662996
0.598531211750306
0.5989392084863321
0.5990412076703386
0.5991432068543452
0.5992452060383516
0.5993472052223582
0.5994492044063647
0.5995512035903713
0.5996532027743778
0.5997552019583844
0.5998572011423908
0.5999592003263974
0.6000611995104039
0.6001631986944105
0.600265197878417
0.6003671970624236
0.60046919624643
0.6005711954304366
0.6006731946144431
0.6007751937984497
0.6008771929824561
0.6009791921664627
0.6010811913504692
0.6011831905344757
0.6012851897184822
0.6013871889024888
0.6014891880864953
0.6015911872705019
0.6016931864545083
0.6017951856385149
0.6018971848225214
0.601999184006528
0.6026111791105672
0.6027131782945737
0.6028151774785803
0.6029171766625867
0.6030191758465933
0.6031211750305997
0.6032231742146063
0.6036311709506323
0.6037331701346389
0.6040391676866586
0.6041411668706651
0.6042431660546715
0.6051611587107303
0.605875152998776
0.6064871481028152
0.6065891472868218
0.6066911464708283
0.6073031415748674
0.6082211342309262
0.6084251325989393
0.6086291309669524
0.6087311301509588
0.6094451244390044
0.609547123623011
0.6096491228070176
0.61281109751122
0.6129130966952264
0.6148510811913505
0.614953080375357
0.6153610771113831
0.6154630762953897
0.6155650754793962
0.6156670746634026
0.6157690738474092
0.6158710730314157
0.6159730722154223
0.616891064871481
0.6169930640554876
0.617095063239494
0.6171970624235006
0.6172990616075071
0.6174010607915137
0.6175030599755202
0.6176050591595267
0.6177070583435332
0.6178090575275398
0.6179110567115463
0.6180130558955529
0.6181150550795594
0.6182170542635659
0.6183190534475724
0.618421052631579
0.6185230518155855
0.6186250509995921
0.6187270501835986
0.6188290493676051
0.6189310485516116
0.6190330477356181
0.6192370461036312
0.6193390452876377
0.6197470420236638
0.6198490412076704
0.6199510403916769
0.6200530395756834
0.6201550387596899
0.6202570379436965
0.620359037127703
0.6204610363117096
0.6205630354957161
0.7468380252957977
0.8040595675234599
0.8041615667074664
0.8042635658914729
0.8043655650754794
0.804467564259486
0.8045695634434925
0.8046715626274991
0.8047735618115056
0.804875560995512
0.8049775601795186
0.805079559363525
0.8051815585475316
0.8052835577315381
0.8489392084863321
0.8490412076703386
0.8491432068543452
0.8492452060383516
0.10485516115871073
0.1051611587107303
0.10526315789473685
0.10536515707874337
0.10709914320685435
0.2564259485924113
0.26693186454508366
0.26703386372909016
0.2671358629130967
0.26723786209710326
0.26733986128110976
0.2674418604651163
0.2675438596491228
0.2676458588331293
0.26774785801713585
0.2678498572011424
0.2679518563851489
0.26805385556915545
0.2688698490412077
0.571297429620563
0.5713994288045695
0.5715014279885761
0.5716034271725826
0.5717054263565892
0.5718074255405957
0.5719094247246023
0.5720114239086087
0.5721134230926153
0.5722154222766218
0.5723174214606284
0.574765401876785
0.5748674010607916
0.5758873929008568
0.5759893920848633
0.5760913912688699
0.5761933904528764
0.576295389636883
0.5763973888208894
0.576499388004896
0.5766013871889025
0.5767033863729091
0.5768053855569156
0.5769073847409221
0.5770093839249286
0.5771113831089351
0.5772133822929416
0.5773153814769482
0.5774173806609547
0.5775193798449613
0.5776213790289678
0.5777233782129743
0.5778253773969808
0.5779273765809874
0.5792533659730722
0.5793553651570787
0.5794573643410853
0.5795593635250917
0.5796613627090983
0.5797633618931048
0.5798653610771114
0.579967360261118
0.5800693594451245
0.5801713586291309
0.5802733578131375
0.580375356997144
0.5804773561811506
0.5805793553651571
0.5806813545491637
0.5807833537331702
0.5808853529171767
0.5811913504691962
0.5812933496532028
0.5813953488372093
0.585577315381477
0.5856793145654835
0.58578131374949
0.5858833129334965
0.585985312117503
0.5864953080375357
0.5870053039575683
0.5871073031415749
0.5872093023255813
0.5873113015095879
0.5874133006935944
0.587515299877601
0.5876172990616075
0.5877192982456141
0.5878212974296205
0.5879232966136271
0.5880252957976336
0.5881272949816402
0.5882292941656467
0.5883312933496533
0.5884332925336597
0.5885352917176663
0.5886372909016728
0.5891472868217054
0.5892492860057119
0.5893512851897185
0.589453284373725
0.5895552835577316
0.590983272133823
0.5910852713178294
0.591187270501836
0.5912892696858425
0.591391268869849
0.5914932680538556
0.591595267237862
0.5916972664218686
0.5917992656058751
0.5919012647898817
0.5920032639738882
0.5921052631578948
0.5922072623419012
0.5923092615259078
0.5924112607099143
0.5925132598939209
0.5926152590779274
0.592717258261934
0.5935332517339861
0.5936352509179926
0.5937372501019992
0.5938392492860057
0.5945532435740515
0.594655242758058
0.5947572419420645
0.594859241126071
0.5949612403100776
0.5956752345981232
0.5957772337821298
0.5959812321501429
0.5977152182782538
0.5978172174622604
0.5979192166462668
0.5980212158302733
0.5981232150142799
0.5982252141982864
0.598327213382293
0.5984292125662996
0.598531211750306
0.5986332109343125
0.5987352101183191
0.5988372093023256
0.5989392084863321
0.5990412076703386
0.5991432068543452
0.5992452060383516
0.5993472052223582
0.5994492044063647
0.5995512035903713
0.5996532027743778
0.5997552019583844
0.5998572011423908
0.6010811913504692
0.6011831905344757
0.6014891880864953
0.6015911872705019
0.6017951856385149
0.6018971848225214
0.601999184006528
0.6021011831905345
0.6022031823745411
0.6024071807425541
0.6025091799265606
0.6026111791105672
0.6027131782945737
0.6028151774785803
0.6029171766625867
0.6030191758465933
0.6031211750305997
0.6032231742146063
0.6033251733986128
0.6034271725826194
0.6035291717666259
0.6036311709506323
0.6037331701346389
0.6038351693186454
0.603937168502652
0.6040391676866586
0.6041411668706651
0.6042431660546715
0.6043451652386781
0.6044471644226846
0.6045491636066912
0.6046511627906977
0.6051611587107303
0.6052631578947368
0.6053651570787434
0.6054671562627499
0.6055691554467564
0.6056711546307629
0.6057731538147695
0.605875152998776
0.6059771521827826
0.6060791513667891
0.6061811505507956
0.6062831497348021
0.6063851489188087
0.6064871481028152
0.6065891472868218
0.6066911464708283
0.6067931456548348
0.6068951448388413
0.6069971440228478
0.6073031415748674
0.607609139126887
0.6077111383108935
0.6078131374949001
0.6079151366789066
0.6080171358629131
0.6081191350469196
0.6082211342309262
0.6083231334149327
0.6084251325989393
0.6085271317829458
0.6086291309669524
0.6087311301509588
0.6088331293349654
0.6089351285189719
0.6090371277029784
0.6091391268869849
0.6092411260709915
0.6093431252549979
0.6094451244390044
0.609547123623011
0.6096491228070176
0.6097511219910241
0.6099551203590371
0.6100571195430436
0.6103631170950633
0.6104651162790699
0.6105671154630763
0.6106691146470828
0.6123011015911873
0.6124031007751939
0.6125050999592003
0.6126070991432069
0.6127090983272134
0.61281109751122
0.6145450836393309
0.6146470828233375
0.614749082007344
0.6148510811913505
0.614953080375357
0.6150550795593636
0.61515707874337
0.6152590779273766
0.6153610771113831
0.6154630762953897
0.6155650754793962
0.6172990616075071
0.6174010607915137
0.6175030599755202
0.6176050591595267
0.6177070583435332
0.6178090575275398
0.6179110567115463
0.6180130558955529
0.618421052631579
0.6185230518155855
0.6186250509995921
0.6189310485516116
0.6190330477356181
0.6191350469196246
0.6192370461036312
0.6193390452876377
0.6195430436556507
0.6196450428396573
0.6197470420236638
0.6198490412076704
0.6199510403916769
0.6214810281517748
0.6232150142798857
0.804467564259486
0.8047735618115056
0.8049775601795186
0.805079559363525
0.8051815585475316
0.8052835577315381
0.8053855569155447
0.8054875560995512
0.8060995512035904
0.8062015503875969
0.1043451652386781
0.10444716442268462
0.10454916360669114
0.1047531619747042
0.10485516115871073
0.10495716034271727
0.10505915952672379
0.1051611587107303
0.10526315789473685
0.1091391268869849
0.11046511627906977
0.11087311301509588
0.11097511219910242
0.11107711138310894
0.11117911056711545
0.11995104039167687
0.12005303957568339
0.12719298245614036
0.12729498164014688
0.1273969808241534
0.12749898000815993
0.13096695226438188
0.13106895144838843
0.13117095063239495
0.13127294981640147
0.131374949000408
0.13147694818441452
0.13157894736842107
0.1316809465524276
0.1317829457364341
0.13229294165646674
0.13239494084047326
0.13249694002447981
0.13259893920848634
0.13270093839249286
0.13280293757649939
0.1329049367605059
0.13300693594451246
0.13310893512851898
0.1332109343125255
0.13331293349653203
0.13341493268053856
0.13351693186454508
0.13361893104855163
0.13372093023255816
0.13382292941656465
0.1339249286005712
0.13402692778457773
0.13412892696858425
0.13994288045695635
0.14004487964096288
0.5761933904528764
0.576295389636883
0.5763973888208894
0.576499388004896
0.5766013871889025
0.5767033863729091
0.5768053855569156
0.5769073847409221
0.5770093839249286
0.5771113831089351
0.5772133822929416
0.5773153814769482
0.5774173806609547
0.5775193798449613
0.5776213790289678
0.5777233782129743
0.5778253773969808
0.5779273765809874
0.5780293757649939
0.5781313749490005
0.578233374133007
0.5783353733170135
0.57843737250102
0.5785393716850266
0.5786413708690331
0.5787433700530397
0.5788453692370461
0.5789473684210527
0.5790493676050591
0.5791513667890656
0.5792533659730722
0.5793553651570787
0.5794573643410853
0.5795593635250917
0.5833333333333333
0.5834353325173398
0.5835373317013464
0.5863933088535292
0.5864953080375357
0.5955732354141167
0.5956752345981232
0.5957772337821298
0.5958792329661363
0.5962872297021624
0.596389228886169
0.5981232150142799
0.6070991432068543
0.6072011423908609
0.6133210934312525
0.6134230926152591
0.6135250917992656
0.6136270909832722
0.6137290901672786
0.6138310893512852
0.6716646266829865
-0.10414116687066503
-0.10424316605467157
-0.10454916360669114
-0.10465116279069768
-0.1047531619747042
-0.10485516115871073
-0.10495716034271727
-0.111281109751122
-0.11199510403916768
-0.1138310893512852
-0.11393308853529172
-0.11913504691962463
-0.11923704610363119
-0.11933904528763771
-0.11944104447164422
-0.13055895552835578
-0.1306609547123623
-0.13076295389636883
-0.13086495308037535
-0.13096695226438188
-0.13106895144838843
-0.13117095063239495
-0.13127294981640147
-0.131374949000408
-0.13147694818441452
-0.13800489596083232
-0.13810689514483884
-0.13912688698490414
-0.13933088535291718
-0.1394328845369237
-0.13953488372093023
-0.13963688290493678
-0.13973888208894328
-0.1398408812729498
-0.13994288045695635
-0.14004487964096288
-0.1401468788249694
-0.17717258261933905
-0.2840677274581803
-0.28416972664218687
-0.2842717258261934
-0.2843737250102
-0.28447572419420647
-0.576499388004896
-0.5834353325173398
-0.5835373317013464
-0.5836393308853529
-0.5837413300693595
-0.583843329253366
-0.584047327621379
-0.5852713178294573
-0.5860873113015096
-0.5861893104855161
-0.5899632802937577
-0.5900652794777642
-0.5954712362301101
-0.5955732354141167
-0.5956752345981232
-0.5960832313341493
-0.6131170950632394
-0.12678498572011423
-0.12688698490412076
-0.1269889840881273
-0.12709098327213383
-0.12719298245614036
-0.12729498164014688
-0.1273969808241534
-0.12749898000815993
-0.12760097919216648
-0.1303549571603427
-0.13045695634434926
-0.13055895552835578
-0.14228886168910648
-0.142390860873113
-0.14249286005711956
-0.14259485924112608
-0.17860057119543044
-0.262749898000816
-0.26285189718482255
-0.26295389636882904
-0.2630558955528356
-0.26315789473684215
-0.32099143206854347
-0.32109343125255
-0.5759893920848633
-0.5760913912688699
-0.5860873113015096
-0.5869033047735618
-0.5899632802937577
-0.5900652794777642
-0.5901672786617708
-0.5902692778457773
-0.5903712770297838
-0.5926152590779274
-0.595063239494084
-0.5951652386780906
-0.5952672378620971
-0.5953692370461036
-0.5954712362301101
-0.5958792329661363
-0.6297429620563035
-0.6298449612403101
-0.6381068951448389
-0.6382088943288454
-0.0026519787841697267
-0.006119951040391676
-0.006221950224398205
-0.0063239494084047325
-0.0064259485924112614
-0.1226030191758466
-0.12270501835985313
-0.1244390044879641
-0.12454100367197063
-0.12464300285597715
-0.12474500203998369
-0.12484700122399021
-0.12494900040799672
-0.12505099959200328
-0.1251529987760098
-0.12525499796001632
-0.12535699714402285
-0.12545899632802937
-0.12556099551203592
-0.12566299469604245
-0.12576499388004894
-0.1258669930640555
-0.12596899224806202
-0.12607099143206854
-0.1261729906160751
-0.1262749898000816
-0.1263769889840881
-0.12647898816809466
-0.1265809873521012
-0.1266829865361077
-0.12678498572011423
-0.12688698490412076
-0.1269889840881273
-0.12964096287229704
-0.12974296205630356
-0.1298449612403101
-0.1299469604243166
-0.13004895960832313
-0.13015095879232969
-0.13076295389636883
-0.13086495308037535
-0.13096695226438188
-0.13127294981640147
-0.131374949000408
-0.13147694818441452
-0.13157894736842107
-0.1316809465524276
-0.1317829457364341
-0.13219094247246024
-0.13229294165646674
-0.13749490004079967
-0.13759689922480622
-0.1421868625051
-0.14228886168910648
-0.14259485924112608
-0.2852917176662587
-0.2853937168502652
-0.2854957160342717
-0.28559771521827826
-0.5844553243574052
-0.5848633210934313
-0.594859241126071
-0.5949612403100776
-0.595063239494084
-0.5951652386780906
-0.5952672378620971
-0.5953692370461036
-0.6380048959608323
-0.6381068951448389
-0.6451448388412893
-0.12464300285597715
-0.12474500203998369
-0.12484700122399021
-0.12494900040799672
-0.12505099959200328
-0.1251529987760098
-0.12800897592819258
-0.1281109751121991
-0.12821297429620565
-0.12831497348021215
-0.1284169726642187
-0.12851897184822522
-0.12943696450428396
-0.1295389636882905
-0.1298449612403101
-0.1299469604243166
-0.131374949000408
-0.13147694818441452
-0.13157894736842107
-0.1316809465524276
-0.13198694410444717
-0.1320889432884537
-0.13219094247246024
-0.13229294165646674
-0.13239494084047326
-0.13249694002447981
-0.13259893920848634
-0.13351693186454508
-0.15208078335373318
-0.15850673194614442
-0.15860873113015098
-0.16064871481028153
-0.16075071399428806
-0.16085271317829458
-0.1609547123623011
-0.16105671154630763
-0.16115871073031418
-0.16126070991432068
-0.1613627090983272
-0.16146470828233375
-0.16156670746634028
-0.1616687066503468
-0.16177070583435332
-0.16187270501835985
-0.5943492452060384
-0.5944512443900449
-0.5945532435740515
-0.6378008975928192
-0.6379028967768258
-0.6380048959608323
-0.12403100775193798
-0.12413300693594452
-0.12556099551203592
-0.12566299469604245
-0.2676458588331293
-0.26774785801713585
-0.580375356997144
-0.5934312525499796
-0.5935332517339861
-0.5936352509179926
-0.5937372501019992
-0.5938392492860057
-0.5940432476540188
-0.5941452468380253
-0.5957772337821298
-0.5960832313341493
-0.6024071807425541
-0.613015095879233
-0.6131170950632394
-0.613219094247246
-0.6133210934312525
-0.6134230926152591
-0.6135250917992656
-0.6139330885352917
-0.6140350877192983
-0.6141370869033048
-0.6142390860873114
-0.6189310485516116
-0.6191350469196246
-0.6192370461036312
-0.6195430436556507
-0.6263769889840881
-0.105875152998776
-0.10618115055079559
-0.10934312525499797
-0.11097511219910242
-0.11801305589555283
-0.1226030191758466
-0.12301101591187272
-0.12403100775193798
-0.12423500611995104
-0.12494900040799672
-0.12535699714402285
-0.1316809465524276
-0.1317829457364341
-0.17788657690738474
-0.17798857609139127
-0.17809057527539782
-0.17819257445940434
-0.18074255405956752
-0.18084455324357404
-0.1809465524275806
-0.18104855161158712
-0.18115055079559364
-0.18125254997960016
-0.1813545491636067
-0.18268053855569158
-0.18278253773969808
-0.1828845369237046
-0.18308853529171767
-0.1831905344757242
-0.18339453284373725
-0.1846185230518156
-0.1847205222358221
-0.18665850673194617
-0.1871685026519788
-0.18727050183598531
-0.1875764993880049
-0.18767849857201144
-0.18778049775601793
-0.18788249694002448
-0.187984496124031
-0.18808649530803753
-0.2422480620155039
-0.24235006119951039
-0.24938800489596083
-0.24949000407996738
-0.24959200326397388
-0.24969400244798043
-0.24979600163198695
-0.30079559363525094
-0.30089759281925743
-0.300999592003264
-0.30110159118727053
-0.30120359037127703
-0.33047735618115054
-0.5800693594451245
-0.58578131374949
-0.5858833129334965
-0.585985312117503
-0.5860873113015096
-0.5861893104855161
-0.5862913096695227
-0.5930232558139534
-0.5933292533659731
-0.5936352509179926
-0.5937372501019992
-0.5938392492860057
-0.5939412484700123
-0.5943492452060384
-0.5944512443900449
-0.5945532435740515
-0.594655242758058
-0.5947572419420645
-0.594859241126071
-0.5949612403100776
-0.6008771929824561
-0.6018971848225214
-0.601999184006528
-0.6021011831905345
-0.6022031823745411
-0.6023051815585476
-0.10454916360669114
-0.10465116279069768
-0.10546715626274991
-0.10556915544675644
-0.1057731538147695
-0.10607915136678908
-0.10618115055079559
-0.10648714810281518
-0.1068951448388413
-0.10750713994288047
-0.107609139126887
-0.1087311301509588
-0.10883312933496532
-0.10893512851897186
-0.10903712770297838
-0.1091391268869849
-0.10924112607099144
-0.10944512443900448
-0.10954712362301103
-0.12168502651978784
-0.13188494492044064
-0.13198694410444717
-0.1320889432884537
-0.13239494084047326
-0.13361893104855163
-0.18625050999592002
-0.1864545083639331
-0.20828233374133007
-0.2083843329253366
-0.20848633210934314
-0.24316605467156266
-0.3002855977152183
-0.30038759689922484
-0.30048959608323134
-0.30059159526723783
-0.3144634842921257
-0.31456548347613217
-0.5742554059567524
-0.5746634026927785
-0.574765401876785
-0.574969400244798
-0.5750713994288046
-0.575173398612811
-0.5752753977968176
-0.5753773969808241
-0.5788453692370461
-0.5789473684210527
-0.5790493676050591
-0.5791513667890656
-0.5792533659730722
-0.5793553651570787
-0.5794573643410853
-0.5795593635250917
-0.5852713178294573
-0.5853733170134638
-0.5854753161974704
-0.585577315381477
-0.5856793145654835
-0.58578131374949
-0.5858833129334965
-0.585985312117503
-0.5865973072215422
-0.5866993064055488
-0.587515299877601
-0.5876172990616075
-0.594655242758058
-0.5947572419420645
-0.594859241126071
-0.6006731946144431
-0.6007751937984497
-0.6008771929824561
-0.6009791921664627
-0.6010811913504692
-0.6011831905344757
-0.6012851897184822
-0.6013871889024888
-0.6014891880864953
-0.6015911872705019
-0.6016931864545083
-0.6017951856385149
-0.6018971848225214
-0.601999184006528
-0.6021011831905345
-0.6022031823745411
-0.6023051815585476
-0.6024071807425541
-0.6025091799265606
-0.6026111791105672
-0.6027131782945737
-0.6181150550795594
-0.8370053039575683
-0.10485516115871073
-0.105875152998776
-0.10679314565483476
-0.1068951448388413
-0.10750713994288047
-0.107609139126887
-0.1077111383108935
-0.10781313749490005
-0.10791513667890656
-0.10801713586291309
-0.10822113423092615
-0.10893512851897186
-0.10964912280701754
-0.1098531211750306
-0.10995512035903712
-0.11005711954304367
-0.11699306405548757
-0.11760505915952672
-0.1178090575275398
-0.308343533251734
-0.3084455324357405
-0.31538147694818447
-0.31548347613219097
-0.31558547531619746
-0.315687474500204
-0.3157894736842105
-0.31589147286821706
-0.3159934720522236
-0.3160954712362301
-0.31619747042023666
-0.3162994696042432
-0.3164014687882497
-0.3165034679722562
-0.31660546715626275
-0.44084047327621384
-0.4409424724602203
-0.6180130558955529
-0.6181150550795594
-0.6182170542635659
-0.6183190534475724
-0.618421052631579
-0.10444716442268462
-0.10454916360669114
-0.1138310893512852
-0.11393308853529172
-0.11403508771929824
-0.11413708690330478
-0.1142390860873113
-0.11434108527131782
-0.11444308445532436
-0.11464708282333742
-0.1152590779273766
-0.11536107711138312
-0.11546307629538963
-0.11556507547939618
-0.11566707466340269
-0.11576907384740921
-0.11587107303141575
-0.11597307221542227
-0.11607507139942883
-0.11617707058343534
-0.11658506731946144
-0.11668706650346798
-0.1167890656874745
-0.11740106079151366
-0.11750305997552021
-0.11760505915952672
-0.11811505507955937
-0.1182170542635659
-0.11831905344757242
-0.11893104855161157
-0.11923704610363119
-0.11933904528763771
-0.11944104447164422
-0.17798857609139127
-0.17809057527539782
-0.17819257445940434
-0.17829457364341084
-0.18584251325989393
-0.18594451244390045
-0.18604651162790697
-0.18614851081191353
-0.18625050999592002
-0.18635250917992655
-0.1864545083639331
-0.18655650754793962
-0.18665850673194617
-0.18676050591595267
-0.1868625050999592
-0.18696450428396574
-0.18706650346797227
-0.1871685026519788
-0.21042431660546715
-0.2141982864137087
-0.22429620563035493
-0.2276621787025704
-0.2277641778865769
-0.22786617707058343
-0.22796817625458998
-0.22807017543859648
-0.22817217462260303
-0.22827417380660955
-0.22837617299061605
-0.2284781721746226
-0.22858017135862915
-0.22868217054263565
-0.22878416972664217
-0.24347205222358223
-0.24357405140758873
-0.2437780497756018
-0.2438800489596083
-0.24398204814361485
-0.2440840473276214
-0.2441860465116279
-0.24428804569563442
-0.24439004487964097
-0.24449204406364752
-0.24459404324765402
-0.24469604243166057
-0.2447980416156671
-0.2449000407996736
-0.24500203998368014
-0.2451040391676867
-0.2452060383516932
-0.2453080375356997
-0.24541003671970626
-0.24551203590371276
-0.2456140350877193
-0.24571603427172584
-0.24581803345573233
-0.24592003263973888
-0.24602203182374544
-0.24612403100775193
-0.24622603019175848
-0.246328029375765
-0.2464300285597715
-0.24653202774377805
-0.2466340269277846
-0.2467360261117911
-0.24683802529579763
-0.24694002447980418
-0.24704202366381067
-0.24714402284781722
-0.24724602203182375
-0.2473480212158303
-0.3270093839249286
