0.6857974630900394
0.686005406529424
0.6893325015595758
0.6895404449989603
0.6897483884383447
0.6899563318777292
0.6901642753171137
0.6903722187564981
0.6905801621958827
0.6907881056352672
0.6909960490746517
0.6912039925140362
0.6916198793928052
0.6924516531503431
0.6926595965897275
0.6928675400291121
0.6930754834684966
0.693283426907881
0.6934913703472655
0.69369931378665
0.8841755042628405
0.884383447702225
0.8845913911416096
0.8847993345809939
0.8850072780203785
0.9394884591391142
0.9396964025784986
0.9399043460178832
0.9679767103347888
0.9681846537741734
0.9683925972135579
0.9686005406529424
0.9688084840923268
0.9690164275317114
0.9692243709710957
0.9694323144104803
0.9696402578498649
0.9698482012892493
0.9713038053649408
0.982532751091703
0.9827406945310875
0.982948637970472
0.9831565814098566
0.983364524849241
0.9835724682886255
0.9852360158037015
0.9854439592430858
0.9856519026824704
0.9858598461218547
0.9860677895612393
0.9862757330006238
0.9864836764400083
0.9866916198793927
0.9868995633187773
0.9871075067581617
0.9873154501975463
0.9875233936369306
0.9877313370763152
0.12185485547930963
0.3460178831357871
0.49074651694739024
0.5828654605947182
0.6704096485755874
0.6808068205448118
0.6862133499688085
0.686421293408193
0.6866292368475775
0.686837180286962
0.6870451237263464
0.687253067165731
0.6874610106051154
0.6876689540444999
0.6878768974838844
0.6895404449989603
0.693283426907881
0.6934913703472655
0.69369931378665
0.7290496984820128
0.7292576419213974
0.7294655853607819
0.7296735288001663
0.7298814722395508
0.7300894156789353
0.7302973591183198
0.7305053025577043
0.7357038885423164
0.735911831981701
0.7361197754210854
0.73632771886047
0.7365356622998545
0.7367436057392389
0.7369515491786234
0.737159492618008
0.7373674360573924
0.7375753794967769
0.7377833229361613
0.7379912663755458
0.8500727802037846
0.8502807236431691
0.8504886670825536
0.850696610521938
0.8509045539613225
0.851112497400707
0.8513204408400915
0.8546475358702432
0.8719068413391557
0.8852152214597628
0.8854231648991474
0.8856311083385319
0.8858390517779164
0.8860469952173008
0.8862549386566854
0.8864628820960698
0.8866708255354544
0.8868787689748387
0.8870867124142233
0.8872946558536077
0.8875025992929922
0.8877105427323767
0.8881264296111459
0.8883343730505302
0.4684965689332501
0.4687045123726346
0.4689124558120192
0.47057600332709504
0.4707839467664795
0.470991890205864
0.4711998336452485
0.47140777708463294
0.4780619671449366
0.4782699105843211
0.4917862341443128
0.49199417758369723
0.49220212102308175
0.6870451237263464
0.687253067165731
0.6874610106051154
0.6876689540444999
0.6878768974838844
0.7365356622998545
0.7367436057392389
0.7369515491786234
0.737159492618008
0.7373674360573924
0.7375753794967769
0.7377833229361613
0.7379912663755458
0.7381992098149304
0.7384071532543148
0.7386150966936993
0.7390309835724682
0.7392389270118528
0.7394468704512372
0.7858182574339779
0.7860262008733624
0.786234144312747
0.7947598253275109
0.851528384279476
0.8517363277188604
0.851944271158245
0.8521522145976295
0.852360158037014
0.8525681014763984
0.852776044915783
0.8583905177791641
0.8585984612185484
0.858806404657933
0.8590143480973175
0.8598461218548554
0.86005406529424
0.8602620087336244
0.8604699521730089
0.8606778956123933
0.8608858390517778
0.8881264296111459
0.8883343730505302
0.8885423164899148
0.8887502599292992
0.8889582033686838
0.8970679975046787
0.8972759409440633
0.8974838843834476
0.9627781243501767
0.9629860677895613
0.438136826783115
0.4383447702224995
0.438552713661884
0.43876065710126844
0.43896860054065295
0.4391765439800374
0.43938448741942193
0.44000831773757537
0.44021626117695983
0.44042420461634435
0.4406321480557288
0.4408400914951133
0.4410480349344978
0.4437512996464961
0.44395924308588064
0.4441671865252651
0.4443751299646496
0.4445830734040341
0.44479101684341854
0.44499896028280306
0.4452069037221875
0.44541484716157204
0.4456227906009565
0.44583073404034096
0.4460386774797255
0.44624662091910994
0.4464545643584945
0.446662507797879
0.4468704512372635
0.44707839467664795
0.44728633811603247
0.5202744853399875
0.520482428779372
0.5206903722187565
0.5208983156581409
0.5211062590975255
0.52131420253691
0.5215221459762944
0.6146808068205448
0.6148887502599293
0.6150966936993137
0.6153046371386983
0.6670825535454356
0.6672904969848201
0.6880848409232688
0.6882927843626534
0.6885007278020379
0.6887086712414223
0.6895404449989603
0.6897483884383447
0.6899563318777292
0.7361197754210854
0.73632771886047
0.7365356622998545
0.7367436057392389
0.7523393636930754
0.7527552505718444
0.7529631940112289
0.7531711374506134
0.7533790808899978
0.7535870243293824
0.7537949677687669
0.7540029112081513
0.7542108546475358
0.7548346849656894
0.7550426284050739
0.7766687461010604
0.776876689540445
0.7824911624038262
0.7826991058432107
0.7829070492825951
0.7831149927219796
0.7833229361613641
0.7835308796007486
0.7955915990850488
0.7957995425244334
0.7960074859638179
0.8255354543564151
0.827199001871491
0.8521522145976295
0.852776044915783
0.8529839883551673
0.8650447078394675
0.8652526512788521
0.8667082553545437
0.8870867124142233
0.8976918278228323
0.8978997712622167
0.8981077147016012
0.8983156581409856
0.8985236015803701
0.8987315450197546
0.8989394884591392
0.9003950925348304
0.900603035974215
0.9008109794135994
0.901018922852984
0.9012268662923684
0.9014348097317529
0.9016427531711375
0.9018506966105219
0.9020586400499064
0.9022665834892909
0.9024745269286755
0.9026824703680598
0.9028904138074444
0.9184861717612809
0.9186941152006654
0.9189020586400499
0.9191100020794343
0.9193179455188188
0.9195258889582033
0.9197338323975879
0.9199417758369725
0.9201497192763568
0.9203576627157414
0.9205656061551257
0.9207735495945103
0.9209814930338948
0.925348305260969
0.9255562487003536
0.9270118527760448
0.9272197962154294
0.9274277396548138
0.9276356830941984
0.9278436265335828
0.9280515699729673
0.9282595134123517
0.9284674568517363
0.9286754002911207
0.9288833437305053
0.9290912871698899
0.9292992306092742
0.9295071740486588
0.9305468912455811
0.9307548346849657
0.9309627781243501
0.9311707215637347
0.931378665003119
0.9315866084425036
0.9317945518818881
0.9320024953212727
0.932210438760657
0.9324183822000416
0.9326263256394259
0.9351216469120399
0.9353295903514244
0.935537533790809
0.9357454772301933
0.9359534206695779
0.9361613641089622
0.9363693075483469
0.9365772509877313
0.9469744229569558
0.9471823663963401
0.9473903098357247
0.9509253483052609
0.9511332917446454
0.9513412351840298
0.9515491786234144
0.9517571220627989
0.9519650655021834
0.952173008941568
0.9523809523809523
0.9525888958203369
0.9613225202744854
0.9615304637138697
0.966313162819713
0.9665211062590976
0.9671449365772509
0.9673528800166354
0.9675608234560199
0.9677687668954045
0.9679767103347888
0.9744229569557081
0.9746309003950925
0.3901018922852984
0.3915574963609898
0.39218132667914324
0.43252235391973376
0.43293824079850285
0.4331461842378873
0.4333541276772718
0.4335620711166563
0.43377001455604075
0.43397795799542527
0.43418590143480973
0.4414639218132667
0.44167186525265123
0.4418798086920358
0.44208775213142026
0.4422956955708048
0.4427115824495737
0.4429195258889582
0.4431274693283427
0.4433354127677272
0.44354335620711166
0.5304637138698274
0.5321272613849033
0.5323352048242879
0.5325431482636723
0.5327510917030568
0.5329590351424413
0.5331669785818257
0.5335828654605947
0.5337908088999792
0.5339987523393637
0.5342066957787481
0.5344146392181327
0.5346225826575172
0.5356622998544396
0.5394052817633603
0.5396132252027448
0.5398211686421294
0.5400291120815138
0.5402370555208983
0.5404449989602828
0.5406529423996672
0.5408608858390517
0.5410688292784362
0.5412767727178207
0.5414847161572053
0.5416926595965897
0.5419006030359742
0.5421085464753587
0.5441879808692035
0.5443959243085881
0.5446038677479725
0.544811811187357
0.5450197546267415
0.5452276980661259
0.5454356415055105
0.545643584944895
0.5458515283842794
0.546059471823664
0.5462674152630485
0.5464753587024329
0.5466833021418175
0.546891245581202
0.5470991890205864
0.5473071324599709
0.5491786234144312
0.5493865668538157
0.5500103971719692
0.5502183406113537
0.5504262840507381
0.5506342274901227
0.5508421709295072
0.5510501143688917
0.5512580578082762
0.5514660012476607
0.553337492202121
0.5535454356415055
0.55375337908089
0.5539613225202744
0.5541692659596589
0.5543772093990434
0.6664587232272822
0.6666666666666666
0.6668746101060511
0.6670825535454356
0.6672904969848201
0.6674984404242046
0.667706383863589
0.6679143273029735
0.6885007278020379
0.6887086712414223
0.6889166146808068
0.6891245581201912
0.6893325015595758
0.6895404449989603
0.6899563318777292
0.6901642753171137
0.6903722187564981
0.6905801621958827
0.7546267415263048
0.7548346849656894
0.7550426284050739
0.7552505718444583
0.7554585152838428
0.7619047619047619
0.7621127053441463
0.7970472031607403
0.8244957371594926
0.8509045539613225
0.851112497400707
0.8513204408400915
0.851528384279476
0.8640049906425452
0.8642129340819297
0.8644208775213142
0.8646288209606986
0.8802245789145353
0.9028904138074444
0.9030983572468289
0.9033063006862134
0.9708879184861718
0.9710958619255562
0.49490538573508003
0.5331669785818257
0.5333749220212103
0.5335828654605947
0.5337908088999792
0.5339987523393637
0.5352464129756705
0.5354543564150551
0.5356622998544396
0.535870243293824
0.5360781867332085
0.536286130172593
0.5364940736119775
0.5433562071116657
0.5435641505510501
0.5437720939904346
0.544811811187357
0.5450197546267415
0.5452276980661259
0.5454356415055105
0.5458515283842794
0.5516739446870451
0.5518818881264296
0.5520898315658141
0.5522977750051986
0.5525057184445831
0.5527136618839675
0.552921605323352
0.5531295487627366
0.553337492202121
0.5535454356415055
0.5587440216261177
0.5589519650655022
0.5591599085048866
0.5593678519442711
0.5595757953836556
0.5651902682470368
0.5653982116864213
0.5656061551258058
0.5735080058224163
0.5737159492618008
0.579746309003951
0.5799542524433354
0.5801621958827199
0.5803701393221044
0.5805780827614888
0.5807860262008734
0.5809939696402578
0.5812019130796423
0.5814098565190268
0.5816177999584112
0.5818257433977957
0.5820336868371803
0.5822416302765648
0.5824495737159493
0.5843210646704097
0.5845290081097941
0.5847369515491786
0.5849448949885631
0.5851528384279475
0.5853607818673321
0.5855687253067166
0.585776668746101
0.5859846121854855
0.5861925556248699
0.6425452276980661
0.6427531711374506
0.6429611145768351
0.6431690580162196
0.6433770014556041
0.6435849448949885
0.643792888334373
0.7045123726346434
0.7047203160740279
0.7049282595134124
0.8642129340819297
0.37970472031607405
0.3799126637554585
0.380120607194843
0.3953004782699106
0.39550842170929507
0.3957163651486796
0.39592430858806404
0.3961322520274485
0.396340195466833
0.3965481389062175
0.3971719692243709
0.39737991266375544
0.39758785610313996
0.3977957995425244
0.39800374298190894
0.3982116864212934
0.3984196298606779
0.3986275733000624
0.39883551673944684
0.4011228945726762
0.4013308380120607
0.40153878145144517
0.4017467248908297
0.40195466833021415
0.405281763360366
0.40548970679975044
0.40569765023913495
0.4059055936785194
0.40611353711790393
0.4063214805572884
0.40652942399667286
0.40673736743605743
0.4069453108754419
0.40715325431482635
0.40736119775421087
0.5317113745061343
0.5331669785818257
0.5333749220212103
0.5335828654605947
0.5337908088999792
0.5522977750051986
0.5595757953836556
0.5597837388230401
0.5599916822624247
0.5601996257018091
0.5604075691411936
0.5606155125805781
0.5608234560199625
0.5610313994593471
0.5635267207319609
0.5637346641713453
0.5639426076107298
0.5641505510501144
0.5643584944894989
0.5645664379288834
0.5647743813682679
0.5649823248076523
0.5653982116864213
0.5656061551258058
0.6275733000623831
0.6277812435017676
0.627989186941152
0.6281971303805365
0.628405073819921
0.6286130172593055
0.62882096069869
0.6290289041380744
0.6292368475774589
0.6404657933042212
0.6406737367436057
0.6408816801829902
0.6410896236223748
0.6412975670617592
0.6415055105011437
0.6417134539405281
0.6419213973799127
0.6421293408192972
0.6498232480765231
0.6500311915159076
0.6502391349552922
0.6504470783946766
0.6506550218340612
0.6508629652734457
0.6510709087128301
0.659180702848825
0.6593886462882096
0.6595965897275942
0.6598045331669786
0.6714493657725098
0.6716573092118944
0.6718652526512788
0.6720731960906633
0.6722811395300478
0.6724890829694322
0.6726970264088168
0.6729049698482014
0.6731129132875858
0.6733208567269703
0.6814306508629652
0.6816385943023497
0.6818465377417343
0.6820544811811188
0.6822624246205032
0.6824703680598877
0.6843418590143481
0.6845498024537325
0.684757745893117
0.6849656893325016
0.7323767935121647
0.744021626117696
0.7442295695570804
0.7444375129964649
0.7716781035558328
0.7718860469952172
0.7914327302973592
0.7916406737367436
0.7970472031607403
0.7972551466001248
0.7976710334788937
0.3485132044084009
0.3487211478477854
0.34892909128716987
0.3628613017259305
0.363069245165315
0.3853191931794552
0.38552713661883964
0.38573508005822416
0.3859430234976086
0.3861509669369931
0.38635891037637765
0.3865668538157621
0.39134955292160534
0.39342898731545023
0.3936369307548347
0.39426076107298813
0.3944687045123726
0.3946766479517571
0.39488459139114157
0.3950925348305261
0.3953004782699106
0.39550842170929507
0.3957163651486796
0.39592430858806404
0.3961322520274485
0.396340195466833
0.3965481389062175
0.396756082345602
0.39696402578498646
0.3971719692243709
0.39737991266375544
0.39758785610313996
0.3977957995425244
0.39800374298190894
0.3982116864212934
0.3984196298606779
0.3986275733000624
0.39883551673944684
0.4011228945726762
0.4013308380120607
0.4032023289665211
0.4034102724059056
0.40361821584529006
0.4038261592846745
0.40403410272405904
0.4042420461634435
0.404449989602828
0.40465793304221254
0.404865876481597
0.4050738199209815
0.405281763360366
0.40548970679975044
0.40569765023913495
0.4059055936785194
0.40611353711790393
0.4063214805572884
0.40652942399667286
0.40673736743605743
0.4069453108754419
0.40715325431482635
0.40736119775421087
0.40756914119359533
0.4108962362237471
0.4111041796631316
0.41131212310251614
0.41380744437512995
0.41401538781451447
0.41422333125389893
0.4156789353295904
0.41588687876897484
0.4160948222083593
0.4163027656477438
0.4165107090871283
0.4171345394052817
0.41734248284466624
0.4175504262840507
0.5223539197338324
0.5344146392181327
0.5346225826575172
0.5348305260969016
0.5350384695362861
0.536286130172593
0.5364940736119775
0.536702017051362
0.5369099604907466
0.537117903930131
0.5373258473695155
0.5375337908089
0.5377417342482845
0.537949677687669
0.5381576211270535
0.5383655645664379
0.5385735080058224
0.538781451445207
0.5389893948845914
0.5391973383239759
0.5394052817633603
0.5396132252027448
0.5398211686421294
0.5400291120815138
0.5402370555208983
0.5404449989602828
0.5406529423996672
0.5408608858390517
0.5410688292784362
0.5412767727178207
0.5414847161572053
0.5416926595965897
0.5419006030359742
0.5421085464753587
0.5423164899147432
0.5425244333541277
0.5599916822624247
0.619879392805157
0.6200873362445415
0.620295279683926
0.6205032231233104
0.6385943023497609
0.6388022457891454
0.6390101892285298
0.6392181326679143
0.6394260761072987
0.6396340195466833
0.6404657933042212
0.651486795591599
0.6516947390309835
0.6519026824703681
0.6521106259097526
0.652318569349137
0.6525265127885215
0.6527344562279059
0.6529423996672905
0.653150343106675
0.6533582865460594
0.6535662299854439
0.6691619879392805
0.669369931378665
0.6695778748180495
0.669785818257434
0.670617592014972
0.6708255354543564
0.6710334788937409
0.6712414223331253
0.6714493657725098
0.6716573092118944
0.6718652526512788
0.6720731960906633
0.6722811395300478
0.6724890829694322
0.6726970264088168
0.6729049698482014
0.6810147639841962
0.6812227074235807
0.6814306508629652
0.6816385943023497
0.6818465377417343
0.6820544811811188
0.6822624246205032
0.6824703680598877
0.6826783114992722
0.6843418590143481
0.6845498024537325
0.684757745893117
0.6849656893325016
0.685173632771886
0.6853815762112705
0.685589519650655
0.6857974630900394
0.686005406529424
0.6862133499688085
0.6870451237263464
0.687253067165731
0.6874610106051154
0.6876689540444999
0.6878768974838844
0.6880848409232688
0.6882927843626534
0.6885007278020379
0.6887086712414223
0.7275940944063215
0.727802037845706
0.7280099812850904
0.7727178207527553
0.7733416510709087
0.7735495945102933
0.7737575379496777
0.7916406737367436
0.24724474942815552
0.2480765231856935
0.24870035350384695
0.25015595757953835
0.25036390101892286
0.25077978789769184
0.25161156165522974
0.3859430234976086
0.3861509669369931
0.38635891037637765
0.3865668538157621
0.38927011852776044
0.3896860054065294
0.39093366604283636
0.3911416094822208
0.39134955292160534
0.3915574963609898
0.3928051569972967
0.3930131004366812
0.39405281763360367
0.39426076107298813
0.3944687045123726
0.3946766479517571
0.39488459139114157
0.3950925348305261
0.3953004782699106
0.39550842170929507
0.3957163651486796
0.39592430858806404
0.3961322520274485
0.396340195466833
0.39758785610313996
0.3977957995425244
0.3986275733000624
0.39883551673944684
0.4059055936785194
0.40611353711790393
0.4063214805572884
0.40652942399667286
0.5337908088999792
0.5339987523393637
0.5342066957787481
0.5344146392181327
0.5346225826575172
0.5425244333541277
0.5427323767935122
0.6541900603035974
0.6880848409232688
0.6882927843626534
0.6885007278020379
0.6887086712414223
0.727386150966937
0.7275940944063215
0.3337492202121023
0.3437305053025577
0.3736743605739239
0.38885423164899147
0.39030983572468286
0.3905177791640673
0.39072572260345184
0.39093366604283636
0.3911416094822208
0.4096485755874402
0.4098565190268247
0.4100644624662092
0.41027240590559366
0.4104803493449781
0.41068829278436264
0.5369099604907466
0.537117903930131
0.5373258473695155
0.5375337908089
0.5377417342482845
0.537949677687669
0.5381576211270535
0.5383655645664379
0.5385735080058224
0.538781451445207
0.5410688292784362
0.5412767727178207
0.5416926595965897
0.5419006030359742
0.09981285090455395
0.10002079434393846
-0.022873778332293617
-0.023081721771678103
-0.02328966521106259
-0.023497608650447078
-0.023705552089831564
-0.1567893532959035
-0.156997296735288
-0.35495945102932003
-0.7573300062383032
-0.3616136410896236
-0.3767935121646912
-0.37700145560407566
-0.3772093990434602
-0.3778332293616136
-0.37804117280099814
-0.3782491162403826
-0.37887294655853604
-0.37908088999792056
-0.4002911208151383
-0.40049906425452275
-0.40070700769390727
-0.40091495113329173
-0.4011228945726762
-0.5271366188396756
-0.36098981077147013
-0.3611977542108546
-0.36140569765023917
-0.37762528592222916
-0.3778332293616136
-0.37804117280099814
-0.3998752339363693
-0.40049906425452275
-0.40070700769390727
-0.40091495113329173
-0.4011228945726762
-0.33312538989394885
-0.36078186733208567
-0.36098981077147013
-0.3611977542108546
-0.3772093990434602
-0.3774173424828447
-0.37762528592222916
-0.40008317737575383
-0.8147223955084217
-0.8149303389478062
-0.8151382823871907
-0.8153462258265751
-0.8155541692659596
-0.8157621127053442
-0.8159700561447286
-0.8161779995841131
-0.8163859430234975
-0.816593886462882
-0.8168018299022666
-0.817009773341651
-0.8315658140985652
-0.24495737159492617
-0.24516531503431066
-0.25369099604907464
-0.25389893948845915
-0.2541068829278436
-0.2611769598669162
-0.26138490330630065
-0.26159284674568517
-0.2618007901850697
-0.2667914327302974
-0.26699937616968183
-0.26720731960906635
-0.2674152630484508
-0.2676232064878353
-0.2771886046995217
-0.2773965481389062
-0.2776044915782907
-0.2778124350176752
-0.2780203784570597
-0.27822832189644414
-0.27843626533582866
-0.2786442087752131
-0.27885215221459764
-0.2790600956539821
-0.27926803909336656
-0.2794759825327511
-0.27968392597213554
-0.27989186941152006
-0.2800998128509046
-0.28030775629028903
-0.28051569972967355
-0.3206487835308796
-0.3208567269702641
-0.3210646704096486
-0.32127261384903305
-0.339155749636099
-0.3393636930754835
-0.3399875233936369
-0.3401954668330214
-0.5304637138698274
-0.8126429611145768
-0.8128509045539613
-0.8130588479933457
-0.8132667914327303
-0.8134747348721149
-0.8136826783114993
-0.8138906217508838
-0.8140985651902682
-0.8143065086296527
-0.8145144520690373
-0.3027656477438137
-0.30297359118319817
-0.5057184445830735
-0.5059263880224579
-0.13828238719068414
-0.1384903306300686
-0.1386982740694531
-0.1389062175088376
-0.13911416094822207
-0.13932210438760656
-0.13953004782699105
-0.13973799126637554
-0.13994593470576003
-0.14015387814514452
-0.140361821584529
-0.1405697650239135
-0.14077770846329798
-0.14098565190268245
-0.14119359534206696
-0.14140153878145145
-0.14160948222083594
-0.1418174256602204
-0.1420253690996049
-0.33873986275733003
-0.3389478061967145
