0.5246166263115415
0.8294323379069141
0.8295668549905837
0.8297013720742534
0.829835889157923
0.8299704062415926
0.8301049233252622
0.8302394404089318
0.8303739574926015
0.8434221146085552
0.8435566316922247
0.8443637341942426
0.8801452784503632
0.8802797955340327
0.8804143126177024
0.8805488297013719
0.8806833467850416
0.8808178638687113
0.8809523809523808
0.8810868980360504
0.8812214151197202
0.8813559322033897
0.8814904492870593
0.881624966370729
0.8817594834543986
0.8818940005380683
0.8820285176217378
0.8887543718052192
0.8925208501479687
0.8926553672316383
0.9102771051923593
0.9104116222760289
0.9176755447941888
0.9178100618778584
0.9358353510895883
0.935969868173258
0.9361043852569275
0.9362389023405971
0.9363734194242669
0.9365079365079364
0.936642453591606
0.941350551520043
0.9414850686037125
0.9416195856873822
0.9417541027710519
0.9418886198547214
0.9420231369383911
0.9421576540220608
0.6146085552865214
0.8147699757869249
0.8149044928705944
0.8166532149582997
0.8167877320419692
0.8169222491256389
0.8190745224643529
0.8192090395480226
0.8193435566316921
0.8227064837234328
0.8228410008071024
0.8229755178907721
0.8231100349744417
0.8232445520581112
0.8233790691417809
0.8235135862254506
0.8236481033091201
0.8237826203927898
0.8239171374764594
0.8240516545601291
0.8292978208232445
0.8294323379069141
0.8295668549905837
0.8297013720742534
0.829835889157923
0.8299704062415926
0.8301049233252622
0.8302394404089318
0.8303739574926015
0.8305084745762711
0.8352165725047079
0.8353510895883777
0.8354856066720473
0.8356201237557168
0.8357546408393866
0.8358891579230562
0.8360236750067257
0.8361581920903954
0.836292709174065
0.8364272262577346
0.8365617433414043
0.8366962604250738
0.8424804950228678
0.8490718321226794
0.8492063492063492
0.8493408662900187
0.8494753833736883
0.8572773742265267
0.8579499596448749
0.8580844767285444
0.8582189938122141
0.8583535108958837
0.8584880279795533
0.858622545063223
0.8587570621468925
0.8588915792305621
0.8590260963142319
0.8591606133979014
0.859295130481571
0.8594296475652408
0.8595641646489103
0.8596986817325799
0.8598331988162496
0.8599677158999192
0.8601022329835889
0.8602367500672584
0.860371267150928
0.8605057842345978
0.8606403013182673
0.8607748184019369
0.8609093354856067
0.8664245359160612
0.8665590529997309
0.8666935700834005
0.86682808716707
0.8669626042507398
0.8673661555017487
0.8675006725854182
0.8676351896690879
0.8677697067527576
0.8679042238364271
0.8680387409200968
0.8681732580037664
0.8687113263384448
0.8688458434221146
0.8689803605057841
0.8691148775894538
0.8692493946731235
0.869383911756793
0.8695184288404627
0.871536185095507
0.8716707021791766
0.8718052192628464
0.8719397363465159
0.8732849071832122
0.8734194242668818
0.8796072101156845
0.8797417271993543
0.8798762442830238
0.8800107613666935
0.8801452784503632
0.8802797955340327
0.8804143126177024
0.8805488297013719
0.8806833467850416
0.8808178638687113
0.8809523809523808
0.8810868980360504
0.8812214151197202
0.8813559322033897
0.8814904492870593
0.881624966370729
0.8817594834543986
0.8818940005380683
0.8820285176217378
0.8821630347054075
0.8822975517890772
0.8824320688727467
0.8825665859564163
0.882701103040086
0.8828356201237556
0.8829701372074252
0.8831046542910949
0.8832391713747645
0.8851224105461393
0.8852569276298088
0.8853914447134785
0.8855259617971482
0.8856604788808178
0.8857949959644874
0.885929513048157
0.8860640301318267
0.8861985472154963
0.8863330642991658
0.8868711326338444
0.887005649717514
0.8871401668011836
0.8872746838848533
0.8874092009685229
0.8875437180521926
0.8887543718052192
0.8888888888888887
0.8891579230562281
0.8892924401398976
0.8894269572235673
0.889561474307237
0.8896959913909065
0.8898305084745762
0.8899650255582457
0.8900995426419154
0.8902340597255851
0.8907721280602635
0.8909066451439333
0.8910411622276028
0.8911756793112724
0.8913101963949421
0.8914447134786117
0.8915792305622813
0.891713747645951
0.8918482647296205
0.8919827818132902
0.8921172988969599
0.8922518159806294
0.892386333064299
0.8925208501479687
0.8926553672316383
0.892789884315308
0.8929244013989776
0.8930589184826472
0.8931934355663169
0.8933279526499864
0.8934624697336561
0.8935969868173257
0.8938660209846649
0.8940005380683346
0.8941350551520042
0.8942695722356739
0.8944040893193435
0.8945386064030131
0.8946731234866826
0.8948076405703523
0.894942157654022
0.8950766747376916
0.8952111918213612
0.8953457089050308
0.9026096314231907
0.9027441485068602
0.9028786655905299
0.9030131826741995
0.9042238364272261
0.9043583535108958
0.9044928705945654
0.904627387678235
0.9062415926822706
0.9063761097659402
0.9065106268496098
0.907183212267958
0.9073177293516276
0.9074522464352972
0.9075867635189668
0.9077212806026365
0.9078557976863061
0.9079903147699757
0.9106806564433682
0.9108151735270379
0.911084207694377
0.9153887543718051
0.9155232714554747
0.9156577885391444
0.9164648910411621
0.9165994081248318
0.9167339252085014
0.916868442292171
0.9170029593758406
0.9172719935431799
0.9174065106268495
0.917541027710519
0.9176755447941888
0.9178100618778584
0.9191552327145547
0.9192897497982243
0.9194242668818938
0.9195587839655636
0.9196933010492332
0.9210384718859295
0.921172988969599
0.9213075060532686
0.9214420231369383
0.9246704331450093
0.9248049502286789
0.9249394673123486
0.930185633575464
0.9303201506591335
0.9304546677428033
0.9305891848264728
0.9307237019101424
0.9308582189938122
0.9309927360774817
0.9311272531611514
0.931261770244821
0.9313962873284906
0.9315308044121603
0.9316653214958298
0.9317998385794994
0.9319343556631692
0.933817594834544
0.9339521119182135
0.9340866290018831
0.9342211460855527
0.9343556631692224
0.9344901802528921
0.9346246973365616
0.9347592144202312
0.934893731503901
0.9350282485875705
0.9351627656712401
0.9352972827549098
0.9354317998385794
0.935566316922249
0.9357008340059186
0.9358353510895883
0.935969868173258
0.9361043852569275
0.9362389023405971
0.9363734194242669
0.9365079365079364
0.936642453591606
0.9367769706752757
0.9369114877589453
0.9370460048426149
0.9371805219262845
0.9373150390099542
0.9374495560936238
0.9375840731772934
0.937718590260963
0.9378531073446326
0.9379876244283023
0.9381221415119719
0.9382566585956416
0.9383911756793112
0.9385256927629808
0.9386602098466504
0.9387947269303201
0.9389292440139896
0.9390637610976593
0.939198278181329
0.9393327952649985
0.9394673123486682
0.9396018294323378
0.9397363465160073
0.9398708635996771
0.9400053806833467
0.9401398977670163
0.940274414850686
0.9404089319343555
0.9405434490180252
0.9406779661016949
0.9408124831853644
0.9409470002690341
0.9410815173527037
0.9412160344363733
0.941350551520043
0.9414850686037125
0.9424266881894
0.9425612052730695
0.9426957223567392
0.9428302394404089
0.9429647565240784
0.943099273607748
0.9432337906914178
0.9433683077750873
0.9449825127791228
0.9451170298627924
0.9452515469464621
0.9453860640301318
0.9455205811138013
0.945655098197471
0.9457896152811407
0.9459241323648102
0.9460586494484798
0.9461931665321495
0.9463276836158191
0.9464622006994887
0.9465967177831583
0.946731234866828
0.9468657519504977
0.9470002690341672
0.9471347861178369
0.9472693032015064
0.9474038202851761
0.9475383373688457
0.9476728544525154
0.9530535377993005
0.9546677428033359
0.9548022598870056
0.9549367769706751
0.9552058111380145
0.955340328221684
0.9554748453053536
0.9556093623890233
0.9557438794726929
0.9558783965563625
0.7545063223029324
0.7546408393866021
0.7547753564702716
0.7549098735539413
0.7550443906376109
0.7551789077212805
0.7553134248049502
0.7559860102232983
0.7561205273069679
0.7562550443906375
0.7588108689803604
0.7589453860640301
0.7590799031476997
0.7592144202313693
0.7593489373150389
0.7594834543987086
0.7596179714823782
0.7616357277374225
0.7617702448210922
0.7619047619047619
0.7620392789884314
0.7621737960721011
0.7633844498251277
0.7635189669087973
0.763653483992467
0.7637880010761365
0.7639225181598062
0.7640570352434759
0.7641915523271454
0.7643260694108152
0.7644605864944847
0.7645951035781543
0.764729620661824
0.7648641377454936
0.7649986548291632
0.7651331719128329
0.7652676889965024
0.7654022060801721
0.7655367231638417
0.7656712402475113
0.7658057573311811
0.7659402744148506
0.7660747914985202
0.7662093085821899
0.7663438256658595
0.7664783427495291
0.7682270648372342
0.7683615819209039
0.7684960990045735
0.7917675544794188
0.7919020715630884
0.792036588646758
0.7921711057304277
0.7923056228140973
0.7924401398977668
0.7925746569814366
0.7927091740651062
0.7928436911487757
0.7929782082324455
0.793112725316115
0.7932472423997847
0.7933817594834544
0.7935162765671239
0.7936507936507936
0.7937853107344632
0.7945924132364809
0.7947269303201505
0.7948614474038203
0.7949959644874898
0.7951304815711595
0.7952649986548291
0.7953995157384987
0.7955340328221684
0.7956685499058379
0.7958030669895075
0.7959375840731773
0.7960721011568468
0.7962066182405164
0.7963411353241862
0.7964756524078557
0.7966101694915254
0.7967446865751949
0.7968792036588646
0.7970137207425343
0.7971482378262038
0.7972827549098734
0.7974172719935432
0.7975517890772127
0.7976863061608823
0.797820823244552
0.7979553403282216
0.7980898574118912
0.7982243744955608
0.7983588915792305
0.7984934086629002
0.7986279257465697
0.7987624428302393
0.8018563357546407
0.8019908528383104
0.80212536992198
0.8022598870056497
0.8023944040893193
0.8025289211729889
0.807909604519774
0.8080441216034435
0.8081786386871131
0.8083131557707829
0.8084476728544524
0.808582189938122
0.8087167070217917
0.8088512241054613
0.8099273607748183
0.8100618778584879
0.8101963949421576
0.8103309120258272
0.8104654291094968
0.8105999461931664
0.8107344632768361
0.8108689803605058
0.8127522195318804
0.8140973903685768
0.8142319074522463
0.814366424535916
0.8145009416195856
0.8146354587032552
0.8147699757869249
0.8149044928705944
0.8150390099542641
0.8151735270379338
0.8153080441216033
0.815442561205273
0.8155770782889427
0.8166532149582997
0.8167877320419692
0.8169222491256389
0.8170567662093084
0.8171912832929781
0.8173258003766478
0.8174603174603173
0.817594834543987
0.8177293516276567
0.8178638687113262
0.8179983857949958
0.8181329028786655
0.8182674199623351
0.8184019370460048
0.8185364541296744
0.8200161420500403
0.8201506591337099
0.8202851762173796
0.8305084745762711
0.8327952649986547
0.8329297820823244
0.833064299165994
0.8331988162496636
0.8333333333333333
0.8334678504170029
0.8336023675006725
0.833736884584342
0.8338714016680118
0.8340059187516814
0.8341404358353509
0.8342749529190207
0.8344094700026903
0.8345439870863598
0.8346785041700295
0.8348130212536992
0.8381759483454397
0.8383104654291095
0.8489373150390099
0.850686037126715
0.8508205542103846
0.8591606133979014
0.859295130481571
0.8594296475652408
0.8595641646489103
0.8596986817325799
0.8598331988162496
0.8599677158999192
0.8601022329835889
0.8602367500672584
0.860371267150928
0.8605057842345978
0.8606403013182673
0.8607748184019369
0.8609093354856067
0.8610438525692762
0.8611783696529458
0.8613128867366154
0.8614474038202851
0.8615819209039547
0.8617164379876243
0.861850955071294
0.8619854721549637
0.8621199892386332
0.8622545063223028
0.8623890234059725
0.8625235404896421
0.8626580575733117
0.8627925746569813
0.862927091740651
0.8630616088243206
0.8631961259079902
0.8633306429916598
0.8634651600753296
0.8635996771589991
0.8637341942426687
0.8638687113263382
0.864003228410008
0.8641377454936776
0.8642722625773472
0.8644067796610169
0.8645412967446865
0.8670971213344094
0.8672316384180789
0.8673661555017487
0.8675006725854182
0.8676351896690879
0.8677697067527576
0.8679042238364271
0.8680387409200968
0.8681732580037664
0.868307775087436
0.8684422921711057
0.8685768092547752
0.8687113263384448
0.8688458434221146
0.8689803605057841
0.8695184288404627
0.8696529459241322
0.8697874630078019
0.8699219800914716
0.8700564971751411
0.8701910142588107
0.8703255313424805
0.87046004842615
0.8705945655098196
0.8707290825934892
0.8708635996771589
0.8709981167608286
0.8711326338444981
0.8712671509281678
0.8714016680118375
0.871536185095507
0.8716707021791766
0.8735539413505514
0.873688458434221
0.8738229755178907
0.8739574926015603
0.8740920096852299
0.8742265267688996
0.8743610438525691
0.8744955609362388
0.8746300780199084
0.8785310734463276
0.8786655905299973
0.8788001076136668
0.8789346246973365
0.879069141781006
0.8792036588646757
0.8793381759483454
0.8794726930320149
0.8796072101156845
0.8797417271993543
0.8841807909604519
0.8843153080441215
0.8844498251277911
0.8845843422114608
0.8847188592951304
0.8848533763788
0.8849878934624696
0.8851224105461393
0.8852569276298088
0.8853914447134785
0.8855259617971482
0.8857949959644874
0.885929513048157
0.8860640301318267
0.8861985472154963
0.8863330642991658
0.8866020984665052
0.8867366155501747
0.8868711326338444
0.887005649717514
0.8871401668011836
0.8872746838848533
0.8874092009685229
0.8875437180521926
0.8876782351358622
0.8878127522195317
0.8879472693032014
0.8880817863868711
0.8882163034705406
0.8899650255582457
0.8900995426419154
0.8903685768092546
0.8905030938929243
0.890637610976594
0.8907721280602635
0.8909066451439333
0.8910411622276028
0.8911756793112724
0.8913101963949421
0.8914447134786117
0.8915792305622813
0.891713747645951
0.8918482647296205
0.8919827818132902
0.8921172988969599
0.8922518159806294
0.892386333064299
0.8925208501479687
0.8926553672316383
0.892789884315308
0.8929244013989776
0.8930589184826472
0.8931934355663169
0.8933279526499864
0.8934624697336561
0.8935969868173257
0.8937315039009953
0.8938660209846649
0.8940005380683346
0.8941350551520042
0.8942695722356739
0.8944040893193435
0.8945386064030131
0.8946731234866826
0.8948076405703523
0.894942157654022
0.8950766747376916
0.8952111918213612
0.8953457089050308
0.8954802259887005
0.8956147430723701
0.8957492601560397
0.8958837772397094
0.896018294323379
0.8961528114070485
0.8962873284907182
0.9031476997578691
0.9032822168415388
0.9034167339252084
0.903551251008878
0.9036857680925477
0.9038202851762173
0.9066451439332793
0.9067796610169491
0.9069141781006187
0.9070486951842882
0.907183212267958
0.9073177293516276
0.9074522464352972
0.9075867635189668
0.9077212806026365
0.9078557976863061
0.9079903147699757
0.9081248318536452
0.908259348937315
0.9083938660209846
0.9085283831046541
0.9086629001883239
0.9087974172719935
0.908931934355663
0.9090664514393327
0.9092009685230023
0.909335485606672
0.91000807102502
0.9101425881086898
0.9109496906107075
0.911084207694377
0.9112187247780468
0.9113532418617163
0.9114877589453859
0.9116222760290557
0.9163303739574925
0.9164648910411621
0.9165994081248318
0.9167339252085014
0.916868442292171
0.9170029593758406
0.9171374764595103
0.9172719935431799
0.9174065106268495
0.917541027710519
0.9176755447941888
0.9210384718859295
0.921172988969599
0.9213075060532686
0.9214420231369383
0.9215765402206079
0.9217110573042776
0.9218455743879472
0.9219800914716167
0.9248049502286789
0.9254775356470272
0.9256120527306967
0.9257465698143663
0.9258810868980359
0.9260156039817056
0.9261501210653752
0.9262846381490448
0.9264191552327145
0.9265536723163841
0.9266881894000537
0.9268227064837233
0.9269572235673929
0.9272262577347322
0.9273607748184018
0.9274952919020715
0.9276298089857411
0.9277643260694107
0.9278988431530804
0.92803336023675
0.9281678773204196
0.9283023944040892
0.9284369114877588
0.9285714285714285
0.9304546677428033
0.9305891848264728
0.9307237019101424
0.9308582189938122
0.9309927360774817
0.9311272531611514
0.931261770244821
0.9313962873284906
0.9315308044121603
0.9316653214958298
0.9358353510895883
0.9424266881894
0.9425612052730695
0.9432337906914178
0.9433683077750873
0.943502824858757
0.9436373419424265
0.9437718590260962
0.9439063761097659
0.9440408931934354
0.944175410277105
0.9443099273607748
0.9444444444444443
0.9445789615281139
0.9447134786117837
0.9448479956954532
0.9449825127791228
0.9451170298627924
0.9452515469464621
0.9453860640301318
0.9455205811138013
0.945655098197471
0.9457896152811407
0.9459241323648102
0.9460586494484798
0.9461931665321495
0.9463276836158191
0.9464622006994887
0.9465967177831583
0.946731234866828
0.9468657519504977
0.9470002690341672
0.9471347861178369
0.9472693032015064
0.9474038202851761
0.9475383373688457
0.9476728544525154
0.947807371536185
0.9479418886198546
0.9480764057035242
0.9482109227871939
0.9483454398708635
0.9484799569545331
0.9486144740382028
0.9487489911218723
0.948883508205542
0.9556093623890233
0.9557438794726929
0.9558783965563625
0.9560129136400322
0.9561474307237018
0.9562819478073715
0.956416464891041
0.9565509819747107
0.9577616357277374
0.9578961528114069
0.9580306698950766
0.9581651869787462
0.9582997040624158
0.9584342211460855
0.9585687382297551
0.9587032553134247
0.9588377723970943
0.9592413236481031
0.9593758407317728
0.9595103578154425
0.959644874899112
0.9597793919827817
0.9599139090664514
0.960048426150121
0.9601829432337906
0.9603174603174602
0.9604519774011299
0.9605864944847995
0.960721011568469
0.9608555286521387
0.9609900457358084
0.9611245628194779
0.9612590799031476
0.9651600753295667
0.9652945924132365
0.965429109496906
0.9655636265805756
0.9656981436642453
0.9663707290825934
0.966505246166263
0.9666397632499326
0.9667742803336022
0.9669087974172719
0.9670433145009415
0.9671778315846112
0.9673123486682808
0.9674468657519504
0.96758138283562
0.9677158999192896
0.9678504170029593
0.9679849340866289
0.9681194511702985
0.9682539682539681
0.9683884853376378
0.9685230024213074
0.9686575195049771
0.9687920365886467
0.9689265536723163
0.9690610707559859
0.9691955878396555
0.9693301049233252
0.9814366424535914
0.9815711595372612
0.9817056766209308
0.9818401937046004
0.98197471078827
0.9821092278719395
0.9822437449556093
0.9823782620392789
0.9825127791229484
0.9889695991390907
0.9891041162227602
0.9892386333064298
0.9893731503900994
0.9895076674737691
0.9896421845574387
0.9897767016411083
0.9899112187247779
0.9900457358084476
0.9901802528921172
0.9903147699757868
0.9904492870594563
0.9905838041431261
0.9907183212267957
0.9908528383104653
0.990987355394135
0.9944847995695452
0.9947538337368845
0.994888350820554
0.9950228679042238
0.9951573849878933
0.74818401937046
0.7483185364541296
0.7484530535377992
0.7485875706214689
0.7487220877051385
0.748856604788808
0.7489911218724777
0.7491256389561474
0.7492601560398169
0.7493946731234866
0.7495291902071562
0.7535647027172451
0.7536992198009146
0.7538337368845843
0.7539682539682538
0.7541027710519235
0.7547753564702716
0.7549098735539413
0.7550443906376109
0.7551789077212805
0.7553134248049502
0.7554479418886197
0.7555824589722894
0.7557169760559591
0.7558514931396286
0.7559860102232983
0.7581382835620123
0.758272800645682
0.7584073177293515
0.7585418348130212
0.7586763518966907
0.7588108689803604
0.7589453860640301
0.7590799031476997
0.7592144202313693
0.7597524885660477
0.7600215227333871
0.7601560398170566
0.76257734732311
0.7627118644067795
0.7628463814904493
0.7629808985741189
0.7631154156577884
0.7632499327414581
0.7633844498251277
0.7635189669087973
0.763653483992467
0.7637880010761365
0.7639225181598062
0.7640570352434759
0.7641915523271454
0.7643260694108152
0.7644605864944847
0.7645951035781543
0.764729620661824
0.7648641377454936
0.7649986548291632
0.7651331719128329
0.7652676889965024
0.7654022060801721
0.7655367231638417
0.7656712402475113
0.7658057573311811
0.7659402744148506
0.7660747914985202
0.7662093085821899
0.7663438256658595
0.7664783427495291
0.7666128598331988
0.7667473769168683
0.766881894000538
0.7670164110842076
0.7671509281678772
0.7672854452515468
0.7674199623352165
0.7675544794188861
0.7676889965025558
0.7678235135862254
0.767958030669895
0.7680925477535646
0.7682270648372342
0.7683615819209039
0.7684960990045735
0.7686306160882431
0.7687651331719128
0.7688996502555824
0.769034167339252
0.7691686844229215
0.7693032015065913
0.7694377185902609
0.7695722356739304
0.7697067527576001
0.7698412698412698
0.7699757869249394
0.770110304008609
0.7702448210922787
0.7703793381759483
0.7705138552596179
0.7706483723432874
0.7707828894269572
0.7709174065106268
0.7808716707021791
0.7838310465429108
0.7841000807102501
0.7842345977939198
0.7843691148775894
0.7845036319612589
0.7846381490449287
0.7847726661285982
0.7849071832122678
0.7850417002959376
0.7851762173796071
0.7853107344632767
0.7854452515469464
0.785579768630616
0.7857142857142857
0.7858488027979552
0.7859833198816248
0.7861178369652946
0.7862523540489641
0.7863868711326337
0.7865213882163035
0.786655905299973
0.7873284907183211
0.7874630078019907
0.7875975248856605
0.78773204196933
0.7878665590529996
0.7880010761366694
0.7881355932203389
0.7882701103040085
0.7884046273876781
0.7885391444713478
0.7886736615550174
0.788808178638687
0.7889426957223566
0.7890772128060263
0.7892117298896959
0.7893462469733655
0.7896152811407048
0.7897497982243744
0.789884315308044
0.7900188323917137
0.7908259348937314
0.790960451977401
0.7910949690610707
0.7912294861447403
0.7913640032284099
0.7914985203120796
0.7916330373957492
0.793112725316115
0.7932472423997847
0.7933817594834544
0.7935162765671239
0.7936507936507936
0.7937853107344632
0.7939198278181328
0.7940543449018025
0.7941888619854721
0.7943233790691416
0.7944578961528114
0.7945924132364809
0.7947269303201505
0.7948614474038203
0.7949959644874898
0.7951304815711595
0.7952649986548291
0.7953995157384987
0.7955340328221684
0.7956685499058379
0.7958030669895075
0.7959375840731773
0.7960721011568468
0.7962066182405164
0.7963411353241862
0.7964756524078557
0.7966101694915254
0.7967446865751949
0.7968792036588646
0.7970137207425343
0.7971482378262038
0.7972827549098734
0.7974172719935432
0.7975517890772127
0.7976863061608823
0.797820823244552
0.7979553403282216
0.7980898574118912
0.7982243744955608
0.7983588915792305
0.7984934086629002
0.7986279257465697
0.7987624428302393
0.7988969599139091
0.7990314769975786
0.7991659940812482
0.7993005111649178
0.7994350282485875
0.7995695453322571
0.7997040624159267
0.7998385794995964
0.7999730965832661
0.8097928436911487
0.8099273607748183
0.8100618778584879
0.8118105999461931
0.8119451170298627
0.8120796341135323
0.812214151197202
0.8123486682808715
0.8124831853645412
0.8126177024482109
0.8127522195318804
0.8128867366155501
0.8130212536992197
0.8131557707828894
0.813290287866559
0.8134248049502285
0.8135593220338982
0.8136938391175679
0.8138283562012374
0.8139628732849071
0.8140973903685768
0.8142319074522463
0.814366424535916
0.8145009416195856
0.8146354587032552
0.8147699757869249
0.8149044928705944
0.8150390099542641
0.8151735270379338
0.8153080441216033
0.815442561205273
0.8155770782889427
0.8157115953726122
0.8158461124562819
0.8159806295399514
0.8161151466236211
0.8162496637072908
0.8163841807909603
0.81651869787463
0.8167877320419692
0.8174603174603173
0.817594834543987
0.8177293516276567
0.8178638687113262
0.8179983857949958
0.8181329028786655
0.8182674199623351
0.8184019370460048
0.8185364541296744
0.818670971213344
0.8188054882970137
0.8189400053806832
0.8190745224643529
0.8192090395480226
0.8193435566316921
0.8194780737153617
0.8196125907990314
0.819747107882701
0.8198816249663706
0.8338714016680118
0.8340059187516814
0.8341404358353509
0.8342749529190207
0.8344094700026903
0.8345439870863598
0.8348130212536992
0.8353510895883777
0.8354856066720473
0.8356201237557168
0.8407317729351627
0.8408662900188323
0.8410008071025019
0.8411353241861715
0.8451708366962604
0.84530535377993
0.8470540758676351
0.8471885929513047
0.847457627118644
0.8475921442023135
0.8477266612859833
0.8478611783696529
0.8479956954533224
0.8481302125369922
0.8482647296206617
0.8483992467043313
0.848533763788001
0.8486682808716706
0.8488027979553402
0.851089588377724
0.8512241054613935
0.8513586225450631
0.8514931396287329
0.8516276567124024
0.851762173796072
0.8541834813021253
0.8543179983857949
0.8544525154694644
0.8545870325531342
0.8547215496368038
0.8548560667204734
0.8549905838041431
0.8551251008878127
0.8552596179714823
0.8553941350551519
0.8555286521388215
0.8559322033898303
0.8560667204735001
0.8562012375571697
0.8563357546408392
0.858622545063223
0.8587570621468925
0.8588915792305621
0.8590260963142319
0.8591606133979014
0.859295130481571
0.8594296475652408
0.8595641646489103
0.8596986817325799
0.8598331988162496
0.8599677158999192
0.8601022329835889
0.8602367500672584
0.860371267150928
0.8605057842345978
0.8606403013182673
0.8607748184019369
0.8609093354856067
0.8610438525692762
0.8611783696529458
0.8613128867366154
0.8614474038202851
0.8615819209039547
0.8630616088243206
0.8631961259079902
0.8633306429916598
0.864003228410008
0.8641377454936776
0.8642722625773472
0.8644067796610169
0.8645412967446865
0.8646758138283561
0.8656174334140435
0.8657519504977131
0.8658864675813828
0.8660209846650523
0.866155501748722
0.8662900188323917
0.8664245359160612
0.8665590529997309
0.8666935700834005
0.86682808716707
0.8669626042507398
0.8670971213344094
0.8672316384180789
0.8673661555017487
0.8675006725854182
0.8676351896690879
0.8677697067527576
0.8679042238364271
0.8680387409200968
0.8681732580037664
0.868307775087436
0.8684422921711057
0.8797417271993543
0.8798762442830238
0.8800107613666935
0.8918482647296205
0.8919827818132902
0.8921172988969599
0.8922518159806294
0.892386333064299
0.8925208501479687
0.8926553672316383
0.892789884315308
0.8934624697336561
0.8935969868173257
0.8937315039009953
0.8938660209846649
0.8940005380683346
0.8941350551520042
0.8942695722356739
0.8944040893193435
0.8945386064030131
0.9004573580844767
0.9005918751681462
0.9007263922518159
0.9008609093354855
0.9009954264191551
0.9011299435028248
0.9012644605864943
0.901398977670164
0.9015334947538337
0.9016680118375032
0.901802528921173
0.9019370460048425
0.9020715630885121
0.9022060801721818
0.9023405972558514
0.9087974172719935
0.908931934355663
0.9090664514393327
0.9122948614474037
0.9184826472962065
0.9186171643798761
0.9187516814635458
0.9188861985472154
0.9190207156308849
0.9191552327145547
0.9192897497982243
0.9194242668818938
0.9195587839655636
0.9196933010492332
0.9198278181329027
0.9245359160613397
0.9246704331450093
0.9248049502286789
0.9249394673123486
0.9250739843960182
0.9252085014796878
0.9253430185633574
0.9254775356470272
0.9256120527306967
0.9257465698143663
0.9258810868980359
0.9260156039817056
0.9261501210653752
0.9262846381490448
0.9264191552327145
0.9265536723163841
0.9269572235673929
0.9270917406510626
0.9272262577347322
0.9273607748184018
0.9274952919020715
0.9276298089857411
0.9277643260694107
0.9278988431530804
0.92803336023675
0.9281678773204196
0.9284369114877588
0.9285714285714285
0.931261770244821
0.9313962873284906
0.9315308044121603
0.9316653214958298
0.9317998385794994
0.9319343556631692
0.9320688727468387
0.9322033898305083
0.9323379069141781
0.9324724239978476
0.9326069410815173
0.9327414581651869
0.9328759752488565
0.9330104923325262
0.9331450094161957
0.9332795264998653
0.9334140435835351
0.9335485606672046
0.9336830777508742
0.933817594834544
0.9339521119182135
0.9340866290018831
0.9342211460855527
0.9343556631692224
0.934893731503901
0.9351627656712401
0.9352972827549098
0.9354317998385794
0.935566316922249
0.9357008340059186
0.9422921711057303
0.9424266881894
0.9425612052730695
0.9426957223567392
0.9428302394404089
0.9429647565240784
0.943099273607748
0.9432337906914178
0.9433683077750873
0.943502824858757
0.9436373419424265
0.9437718590260962
0.9439063761097659
0.9440408931934354
0.944175410277105
0.9443099273607748
0.9444444444444443
0.9445789615281139
0.9447134786117837
0.9448479956954532
0.9449825127791228
0.9451170298627924
0.9452515469464621
0.9453860640301318
0.9455205811138013
0.945655098197471
0.9457896152811407
0.9459241323648102
0.9460586494484798
0.9461931665321495
0.9463276836158191
0.9464622006994887
0.9465967177831583
0.946731234866828
0.9468657519504977
0.9470002690341672
0.9471347861178369
0.9472693032015064
0.9474038202851761
0.9475383373688457
0.9476728544525154
0.947807371536185
0.9479418886198546
0.9480764057035242
0.9482109227871939
0.9483454398708635
0.9484799569545331
0.9486144740382028
0.9487489911218723
0.948883508205542
0.9490180252892116
0.9491525423728813
0.9492870594565509
0.9494215765402205
0.9495560936238902
0.9496906107075598
0.9498251277912293
0.949959644874899
0.9568200161420499
0.9569545332257196
0.9570890503093892
0.9572235673930588
0.9580306698950766
0.9581651869787462
0.9582997040624158
0.9584342211460855
0.9585687382297551
0.9587032553134247
0.9588377723970943
0.958972289480764
0.9591068065644336
0.9592413236481031
0.9593758407317728
0.9595103578154425
0.9619316653214958
0.9620661824051654
0.9622006994888349
0.9623352165725046
0.9624697336561743
0.9626042507398438
0.9627387678235135
0.962873284907183
0.9630078019908527
0.9631423190745224
0.9632768361581919
0.9663707290825934
0.966505246166263
0.9666397632499326
0.9667742803336022
0.9669087974172719
0.9670433145009415
0.9671778315846112
0.9673123486682808
0.9674468657519504
0.96758138283562
0.9677158999192896
0.9678504170029593
0.9679849340866289
0.9681194511702985
0.9682539682539681
0.9683884853376378
0.9685230024213074
0.9686575195049771
0.9687920365886467
0.9689265536723163
0.9690610707559859
0.9691955878396555
0.9693301049233252
0.9694646220069948
0.9695991390906644
0.969733656174334
0.9698681732580037
0.9700026903416733
0.9701372074253428
0.9702717245090126
0.9804950228679041
0.9806295399515738
0.9807640570352434
0.980898574118913
0.9810330912025825
0.9811676082862523
0.9813021253699219
0.9814366424535914
0.9815711595372612
0.9817056766209308
0.9818401937046004
0.98197471078827
0.9821092278719395
0.9822437449556093
0.9823782620392789
0.9825127791229484
0.9826472962066182
0.9887005649717513
0.9888350820554209
0.9889695991390907
0.9891041162227602
0.9892386333064298
0.9896421845574387
0.9897767016411083
0.9940812483185363
0.9943502824858756
0.9947538337368845
0.9967715899919288
0.9969061070755986
0.9970406241592681
0.9971751412429377
0.9973096583266075
0.9979822437449556
0.7480495022867903
0.74818401937046
0.7483185364541296
0.7484530535377992
0.748856604788808
0.7489911218724777
0.7495291902071562
0.7497982243744955
0.7499327414581651
0.7500672585418348
0.7502017756255044
0.7549098735539413
0.7550443906376109
0.7551789077212805
0.7558514931396286
0.7559860102232983
0.7561205273069679
0.7562550443906375
0.758272800645682
0.7584073177293515
0.7585418348130212
0.7586763518966907
0.7588108689803604
0.7589453860640301
0.7590799031476997
0.7592144202313693
0.7593489373150389
0.7594834543987086
0.7596179714823782
0.7597524885660477
0.7598870056497175
0.7600215227333871
0.7601560398170566
0.7602905569007263
0.760425073984396
0.7605595910680656
0.7606941081517352
0.7608286252354047
0.7609631423190745
0.7620392789884314
0.7621737960721011
0.7623083131557706
0.7624428302394404
0.76257734732311
0.7627118644067795
0.7628463814904493
0.7629808985741189
0.7631154156577884
0.7632499327414581
0.7633844498251277
0.7635189669087973
0.763653483992467
0.7637880010761365
0.7639225181598062
0.7640570352434759
0.7641915523271454
0.7643260694108152
0.7644605864944847
0.7645951035781543
0.764729620661824
0.7648641377454936
0.7649986548291632
0.7651331719128329
0.7652676889965024
0.7654022060801721
0.7655367231638417
0.7656712402475113
0.7658057573311811
0.7659402744148506
0.7660747914985202
0.7662093085821899
0.7663438256658595
0.7664783427495291
0.7666128598331988
0.7667473769168683
0.766881894000538
0.7670164110842076
0.7671509281678772
0.7672854452515468
0.7674199623352165
0.7675544794188861
0.7676889965025558
0.7678235135862254
0.767958030669895
0.7680925477535646
0.7682270648372342
0.7683615819209039
0.7684960990045735
0.7686306160882431
0.7687651331719128
0.7688996502555824
0.769034167339252
0.7691686844229215
0.7693032015065913
0.7694377185902609
0.7695722356739304
0.7697067527576001
0.7698412698412698
0.7699757869249394
0.770110304008609
0.7702448210922787
0.7703793381759483
0.7705138552596179
0.7706483723432874
0.7707828894269572
0.7709174065106268
0.7710519235942963
0.771186440677966
0.7713209577616357
0.7714554748453053
0.7715899919289749
0.7717245090126444
0.7718590260963142
0.7719935431799838
0.7721280602636533
0.7722625773473231
0.7723970944309927
0.7725316115146622
0.772666128598332
0.7733387140166801
0.7734732311003497
0.7736077481840192
0.773742265267689
0.7738767823513586
0.7740112994350281
0.7741458165186978
0.7742803336023674
0.774414850686037
0.7803336023675006
0.7804681194511702
0.7806026365348399
0.7807371536185095
0.7808716707021791
0.7810061877858487
0.7811407048695183
0.781275221953188
0.7814097390368576
0.7815442561205271
0.7816787732041969
0.7818132902878665
0.781947807371536
0.7820823244552058
0.7822168415388754
0.782351358622545
0.7824858757062146
0.7826203927898842
0.7827549098735539
0.7828894269572235
0.783023944040893
0.7831584611245628
0.7832929782082324
0.7834274952919019
0.7835620123755717
0.7836965294592412
0.7838310465429108
0.7839655636265805
0.7841000807102501
0.7842345977939198
0.7846381490449287
0.7847726661285982
0.7849071832122678
0.7850417002959376
0.7851762173796071
0.7853107344632767
0.7854452515469464
0.785579768630616
0.7857142857142857
0.7858488027979552
0.7859833198816248
0.7861178369652946
0.7862523540489641
0.7863868711326337
0.7865213882163035
0.786655905299973
0.7867904223836426
0.7869249394673123
0.7870594565509819
0.7871939736346515
0.7873284907183211
0.7874630078019907
0.7875975248856605
0.78773204196933
0.789480764057035
0.7896152811407048
0.7897497982243744
0.789884315308044
0.7900188323917137
0.7901533494753833
0.7902878665590529
0.7904223836427225
0.7905569007263922
0.7906914178100618
0.7908259348937314
0.7924401398977668
0.7925746569814366
0.7927091740651062
0.7928436911487757
0.7929782082324455
0.793112725316115
0.7932472423997847
0.7933817594834544
0.7935162765671239
0.7936507936507936
0.7937853107344632
0.7939198278181328
0.7940543449018025
0.7941888619854721
0.7943233790691416
0.7944578961528114
0.7945924132364809
0.7947269303201505
0.7948614474038203
0.7949959644874898
0.7951304815711595
0.7952649986548291
0.7953995157384987
0.7955340328221684
0.7956685499058379
0.7958030669895075
0.7959375840731773
0.7960721011568468
0.7962066182405164
0.7963411353241862
0.7964756524078557
0.7966101694915254
0.7967446865751949
0.7968792036588646
0.7970137207425343
0.7971482378262038
0.7972827549098734
0.7974172719935432
0.7975517890772127
0.7976863061608823
0.797820823244552
0.7979553403282216
0.7980898574118912
0.7982243744955608
0.7983588915792305
0.7984934086629002
0.7986279257465697
0.7987624428302393
0.7988969599139091
0.7990314769975786
0.7991659940812482
0.7993005111649178
0.7994350282485875
0.7995695453322571
0.7997040624159267
0.7998385794995964
0.7999730965832661
0.8001076136669356
0.8002421307506052
0.8003766478342748
0.8005111649179445
0.8006456820016141
0.8007801990852838
0.8009147161689534
0.801049233252623
0.8011837503362926
0.8013182674199623
0.8014527845036318
0.8015873015873015
0.8017218186709711
0.8018563357546407
0.8038740920096852
0.8040086090933547
0.8041431261770244
0.8042776432606941
0.8044121603443636
0.8045466774280333
0.804681194511703
0.8048157115953725
0.8049502286790422
0.8050847457627117
0.8052192628463813
0.8053537799300511
0.8054882970137206
0.8056228140973902
0.80575733118106
0.8058918482647295
0.8060263653483992
0.8061608824320687
0.8062953995157384
0.8064299165994081
0.8065644336830776
0.8066989507667472
0.806833467850417
0.8069679849340865
0.8071025020177561
0.8072370191014259
0.8073715361850954
0.8075060532687651
0.8076405703524346
0.8077750874361043
0.807909604519774
0.8080441216034435
0.8081786386871131
0.8083131557707829
0.8084476728544524
0.808582189938122
0.8087167070217917
0.8088512241054613
0.8089857411891309
0.8091202582728005
0.8092547753564702
0.8093892924401399
0.8095238095238094
0.809658326607479
0.8097928436911487
0.8099273607748183
0.8100618778584879
0.8101963949421576
0.8103309120258272
0.8104654291094968
0.8105999461931664
0.8107344632768361
0.8108689803605058
0.8110034974441753
0.811138014527845
0.8112725316115145
0.8114070486951842
0.8115415657788538
0.8116760828625235
0.8118105999461931
0.8119451170298627
0.8120796341135323
0.812214151197202
0.8123486682808715
0.8124831853645412
0.8126177024482109
0.8127522195318804
0.8128867366155501
0.8130212536992197
0.8131557707828894
0.813290287866559
0.8134248049502285
0.8135593220338982
0.8136938391175679
0.8138283562012374
0.8139628732849071
0.814366424535916
0.8145009416195856
0.8146354587032552
0.8147699757869249
0.8149044928705944
0.8150390099542641
0.8151735270379338
0.8153080441216033
0.815442561205273
0.8155770782889427
0.8157115953726122
0.8158461124562819
0.8181329028786655
0.8182674199623351
0.8184019370460048
0.8185364541296744
0.818670971213344
0.8188054882970137
0.8189400053806832
0.8190745224643529
0.8192090395480226
0.8193435566316921
0.8240516545601291
0.8249932741458165
0.825127791229486
0.8252623083131557
0.8253968253968252
0.8255313424804949
0.8256658595641646
0.8258003766478341
0.8259348937315039
0.8260694108151735
0.8314500941619585
0.8315846112456281
0.8317191283292977
0.8318536454129674
0.831988162496637
0.8321226795803066
0.8322571966639762
0.8323917137476459
0.8325262308313155
0.832660747914985
0.8327952649986547
0.8329297820823244
0.833064299165994
0.8331988162496636
0.8333333333333333
0.8334678504170029
0.8346785041700295
0.8354856066720473
0.8356201237557168
0.8357546408393866
0.8358891579230562
0.8360236750067257
0.8361581920903954
0.836292709174065
0.8364272262577346
0.8365617433414043
0.8366962604250738
0.8438256658595641
0.8439601829432337
0.8449018025289211
0.8450363196125906
0.8451708366962604
0.84530535377993
0.8454398708635995
0.8455743879472692
0.8457089050309388
0.8486682808716706
0.8489373150390099
0.8490718321226794
0.8492063492063492
0.8493408662900187
0.8494753833736883
0.8496099004573581
0.8497444175410276
0.8498789346246972
0.850013451708367
0.8501479687920365
0.8505515200430454
0.850686037126715
0.8508205542103846
0.8509550712940542
0.851089588377724
0.8512241054613935
0.8513586225450631
0.8514931396287329
0.8516276567124024
0.851762173796072
0.8518966908797416
0.8520312079634113
0.8521657250470809
0.8523002421307505
0.8524347592144201
0.8525692762980899
0.8527037933817594
0.852838310465429
0.8529728275490985
0.8531073446327683
0.8532418617164379
0.8533763788001075
0.8535108958837772
0.8536454129674468
0.8537799300511164
0.853914447134786
0.8540489642184556
0.8541834813021253
0.8543179983857949
0.8544525154694644
0.8545870325531342
0.8547215496368038
0.8548560667204734
0.8549905838041431
0.8551251008878127
0.8552596179714823
0.8553941350551519
0.8555286521388215
0.8556631692224912
0.8557976863061608
0.8559322033898303
0.8560667204735001
0.8566047888081785
0.8567393058918482
0.8568738229755178
0.8570083400591874
0.8571428571428571
0.8572773742265267
0.8574118913101962
0.857546408393866
0.8576809254775355
0.8578154425612051
0.8579499596448749
0.8580844767285444
0.8582189938122141
0.8583535108958837
0.8584880279795533
0.858622545063223
0.8587570621468925
0.8588915792305621
0.8590260963142319
0.8646758138283561
0.8648103309120257
0.8649448479956953
0.865079365079365
0.8652138821630346
0.8662900188323917
0.8664245359160612
0.8665590529997309
0.8666935700834005
0.86682808716707
0.8669626042507398
0.8670971213344094
0.8672316384180789
0.8673661555017487
0.8675006725854182
0.8676351896690879
0.8677697067527576
0.8679042238364271
0.8680387409200968
0.8681732580037664
0.868307775087436
0.872612321764864
0.8727468388485337
0.8728813559322034
0.8730158730158729
0.8731503900995425
0.8921172988969599
0.8922518159806294
0.892386333064299
0.8925208501479687
0.8926553672316383
0.892789884315308
0.8929244013989776
0.8930589184826472
0.8931934355663169
0.8958837772397094
0.896018294323379
0.8961528114070485
0.8997847726661284
0.8999192897497982
0.9000538068334678
0.9001883239171373
0.9003228410008071
0.9004573580844767
0.9005918751681462
0.9007263922518159
0.9008609093354855
0.9009954264191551
0.9011299435028248
0.9012644605864943
0.901398977670164
0.9015334947538337
0.9016680118375032
0.901802528921173
0.9019370460048425
0.9020715630885121
0.902475114339521
0.9026096314231907
0.9027441485068602
0.9028786655905299
0.9030131826741995
0.9031476997578691
0.9032822168415388
0.9034167339252084
0.903551251008878
0.9036857680925477
0.9038202851762173
0.9039548022598869
0.907183212267958
0.9073177293516276
0.9083938660209846
0.9085283831046541
0.9086629001883239
0.9087974172719935
0.908931934355663
0.9090664514393327
0.9092009685230023
0.909335485606672
0.9094700026903416
0.9096045197740111
0.9097390368576809
0.9098735539413505
0.91000807102502
0.9101425881086898
0.9102771051923593
0.9104116222760289
0.9105461393596986
0.9106806564433682
0.9108151735270379
0.9109496906107075
0.911084207694377
0.9112187247780468
0.9113532418617163
0.9114877589453859
0.9116222760290557
0.9117567931127252
0.9118913101963948
0.9120258272800645
0.912160344363734
0.9122948614474037
0.9124293785310734
0.9125638956147429
0.9126984126984127
0.9128329297820822
0.9202313693839117
0.9203658864675813
0.9205004035512508
0.9206349206349206
0.9207694377185902
0.9209039548022597
0.9210384718859295
0.921172988969599
0.9213075060532686
0.9214420231369383
0.9215765402206079
0.9217110573042776
0.922249125638956
0.9223836427226256
0.9225181598062954
0.9226526768899649
0.9227871939736345
0.9229217110573043
0.9231907452246434
0.923325262308313
0.9252085014796878
0.9253430185633574
0.9254775356470272
0.9256120527306967
0.9257465698143663
0.9287059456550981
0.9296475652407855
0.9297820823244551
0.9299165994081247
0.9300511164917944
0.930185633575464
0.9303201506591335
0.9304546677428033
0.9305891848264728
0.9307237019101424
0.9308582189938122
0.9309927360774817
0.9311272531611514
0.931261770244821
0.9313962873284906
0.9315308044121603
0.9316653214958298
0.9317998385794994
0.9319343556631692
0.9320688727468387
0.9322033898305083
0.9323379069141781
0.9324724239978476
0.9326069410815173
0.9327414581651869
0.9328759752488565
0.9330104923325262
0.9331450094161957
0.9332795264998653
0.9334140435835351
0.9335485606672046
0.9336830777508742
0.933817594834544
0.9339521119182135
0.9340866290018831
0.9342211460855527
0.9343556631692224
0.9344901802528921
0.9346246973365616
0.9347592144202312
0.934893731503901
0.9350282485875705
0.9351627656712401
0.9352972827549098
0.9354317998385794
0.935566316922249
0.9357008340059186
0.9358353510895883
0.9370460048426149
0.9371805219262845
0.9373150390099542
0.9374495560936238
0.9375840731772934
0.937718590260963
0.9378531073446326
0.9379876244283023
0.9381221415119719
0.9382566585956416
0.9383911756793112
0.9385256927629808
0.9386602098466504
0.9387947269303201
0.9389292440139896
0.9390637610976593
0.939198278181329
0.9393327952649985
0.9394673123486682
0.9396018294323378
0.9397363465160073
0.9398708635996771
0.9400053806833467
0.9401398977670163
0.940274414850686
0.9404089319343555
0.9405434490180252
0.9406779661016949
0.9408124831853644
0.9409470002690341
0.9410815173527037
0.9412160344363733
0.941350551520043
0.9414850686037125
0.9416195856873822
0.9417541027710519
0.9418886198547214
0.9420231369383911
0.9421576540220608
0.9422921711057303
0.9424266881894
0.9425612052730695
0.9426957223567392
0.9428302394404089
0.9429647565240784
0.943099273607748
0.9432337906914178
0.9433683077750873
0.943502824858757
0.9436373419424265
0.9437718590260962
0.9439063761097659
0.9440408931934354
0.944175410277105
0.9443099273607748
0.9444444444444443
0.9445789615281139
0.9447134786117837
0.9448479956954532
0.9449825127791228
0.9451170298627924
0.9452515469464621
0.9453860640301318
0.9455205811138013
0.945655098197471
0.9457896152811407
0.9459241323648102
0.9460586494484798
0.9461931665321495
0.9463276836158191
0.9464622006994887
0.9465967177831583
0.946731234866828
0.9468657519504977
0.9470002690341672
0.9471347861178369
0.9472693032015064
0.9474038202851761
0.9475383373688457
0.9476728544525154
0.947807371536185
0.9479418886198546
0.9480764057035242
0.9482109227871939
0.9483454398708635
0.9484799569545331
0.9486144740382028
0.9487489911218723
0.948883508205542
0.9490180252892116
0.9491525423728813
0.9492870594565509
0.9494215765402205
0.9580306698950766
0.9581651869787462
0.9582997040624158
0.9584342211460855
0.9585687382297551
0.9587032553134247
0.9588377723970943
0.958972289480764
0.9591068065644336
0.9592413236481031
0.9593758407317728
0.9595103578154425
0.959644874899112
0.9597793919827817
0.9599139090664514
0.960048426150121
0.9601829432337906
0.9603174603174602
0.9604519774011299
0.9605864944847995
0.960721011568469
0.9608555286521387
0.9609900457358084
0.9611245628194779
0.9612590799031476
0.9613935969868173
0.9615281140704868
0.9616626311541565
0.961797148237826
0.9619316653214958
0.9620661824051654
0.9622006994888349
0.9623352165725046
0.9624697336561743
0.9626042507398438
0.9627387678235135
0.962873284907183
0.9630078019908527
0.9631423190745224
0.9632768361581919
0.9634113532418617
0.9635458703255313
0.9636803874092008
0.9638149044928706
0.9639494215765401
0.9640839386602097
0.9642184557438794
0.964352972827549
0.9644874899112186
0.9646220069948883
0.9647565240785578
0.9650255582458972
0.9651600753295667
0.9652945924132365
0.965429109496906
0.9655636265805756
0.9656981436642453
0.9658326607479149
0.9659671778315845
0.9661016949152542
0.9662362119989237
0.9663707290825934
0.966505246166263
0.9666397632499326
0.9667742803336022
0.9669087974172719
0.9670433145009415
0.9671778315846112
0.9673123486682808
0.9674468657519504
0.96758138283562
0.9677158999192896
0.9678504170029593
0.9679849340866289
0.9681194511702985
0.9682539682539681
0.9756524078557975
0.9757869249394672
0.9759214420231368
0.9760559591068064
0.9769975786924939
0.9771320957761634
0.9772666128598331
0.9774011299435027
0.9795534032822166
0.9796879203658864
0.979822437449556
0.9799569545332256
0.9800914716168952
0.988431530804412
0.9885660478880818
0.9887005649717513
0.9888350820554209
0.9889695991390907
0.9891041162227602
0.9892386333064298
0.9893731503900994
0.9895076674737691
0.9896421845574387
0.9897767016411083
0.9899112187247779
0.9900457358084476
0.9901802528921172
0.47376916868442287
0.4739036857680925
0.7487220877051385
0.748856604788808
0.7489911218724777
0.7491256389561474
0.7492601560398169
0.7520850147968792
0.7522195318805487
0.7523540489642184
0.7524885660478879
0.7526230831315576
0.7527576002152273
0.7528921172988968
0.7530266343825665
0.7531611514662362
0.7532956685499057
0.7534301856335754
0.7535647027172451
0.7536992198009146
0.7538337368845843
0.7539682539682538
0.7541027710519235
0.7561205273069679
0.7562550443906375
0.7563895614743071
0.7565240785579768
0.7566585956416464
0.7567931127253161
0.7569276298089856
0.7570621468926553
0.7571966639763249
0.7573311810599945
0.7574656981436642
0.7576002152273338
0.7577347323110034
0.757869249394673
0.7580037664783427
0.7581382835620123
0.758272800645682
0.7584073177293515
0.7585418348130212
0.7586763518966907
0.7588108689803604
0.7589453860640301
0.7590799031476997
0.7592144202313693
0.7593489373150389
0.7594834543987086
0.7596179714823782
0.7597524885660477
0.7598870056497175
0.7600215227333871
0.7601560398170566
0.7602905569007263
0.760425073984396
0.7605595910680656
0.7606941081517352
0.7608286252354047
0.7609631423190745
0.7610976594027441
0.7612321764864136
0.7613666935700834
0.761501210653753
0.7616357277374225
0.7617702448210922
0.7649986548291632
0.7651331719128329
0.7652676889965024
0.7654022060801721
0.7655367231638417
0.7656712402475113
0.7658057573311811
0.7659402744148506
0.7660747914985202
0.7662093085821899
0.7663438256658595
0.7664783427495291
0.7666128598331988
0.7667473769168683
0.766881894000538
0.7670164110842076
0.7671509281678772
0.7672854452515468
0.7674199623352165
0.7675544794188861
0.7676889965025558
0.7678235135862254
0.767958030669895
0.7680925477535646
0.7682270648372342
0.7683615819209039
0.7684960990045735
0.7686306160882431
0.7687651331719128
0.7688996502555824
0.769034167339252
0.7691686844229215
0.7693032015065913
0.7694377185902609
0.7695722356739304
0.7697067527576001
0.7698412698412698
0.7699757869249394
0.770110304008609
0.7702448210922787
0.7703793381759483
0.7705138552596179
0.7706483723432874
0.7707828894269572
0.7709174065106268
0.7710519235942963
0.771186440677966
0.7713209577616357
0.7714554748453053
0.7715899919289749
0.7717245090126444
0.7718590260963142
0.7719935431799838
0.7721280602636533
0.7722625773473231
0.7723970944309927
0.7725316115146622
0.772666128598332
0.7728006456820015
0.7729351627656711
0.7730696798493408
0.7732041969330103
0.7733387140166801
0.7734732311003497
0.7736077481840192
0.773742265267689
0.7738767823513586
0.7740112994350281
0.7741458165186978
0.7742803336023674
0.774414850686037
0.7745493677697067
0.7746838848533762
0.774818401937046
0.7749529190207156
0.7750874361043851
0.7752219531880549
0.7753564702717244
0.775490987355394
0.7756255044390638
0.7757600215227333
0.7758945386064029
0.7760290556900726
0.7761635727737421
0.7762980898574118
0.7764326069410814
0.776567124024751
0.7767016411084208
0.7768361581920903
0.7769706752757599
0.7771051923594297
0.7772397094430992
0.7773742265267688
0.7775087436104384
0.777643260694108
0.7777777777777777
0.7779122948614473
0.7780468119451169
0.7781813290287866
0.7783158461124562
0.7784503631961258
0.7785848802797956
0.7787193973634651
0.7788539144471347
0.7789884315308043
0.779122948614474
0.7792574656981436
0.7793919827818132
0.7795264998654828
0.7796610169491525
0.7797955340328221
0.7807371536185095
0.7808716707021791
0.7810061877858487
0.7811407048695183
0.781275221953188
0.7814097390368576
0.7815442561205271
0.7816787732041969
0.7818132902878665
0.781947807371536
0.7820823244552058
0.7822168415388754
0.782351358622545
0.7824858757062146
0.7826203927898842
0.7827549098735539
0.7828894269572235
0.783023944040893
0.7831584611245628
0.7834274952919019
0.7835620123755717
0.7836965294592412
0.7839655636265805
0.7841000807102501
0.7842345977939198
0.7843691148775894
0.7845036319612589
0.7846381490449287
0.7847726661285982
0.7849071832122678
0.7850417002959376
0.7851762173796071
0.7853107344632767
0.7854452515469464
0.785579768630616
0.7857142857142857
0.7858488027979552
0.7859833198816248
0.7861178369652946
0.7862523540489641
0.7863868711326337
0.7865213882163035
0.786655905299973
0.7867904223836426
0.7869249394673123
0.7870594565509819
0.7871939736346515
0.7873284907183211
0.7874630078019907
0.7875975248856605
0.78773204196933
0.7878665590529996
0.7880010761366694
0.7881355932203389
0.7882701103040085
0.7884046273876781
0.7885391444713478
0.7886736615550174
0.788808178638687
0.7889426957223566
0.7890772128060263
0.7892117298896959
0.7893462469733655
0.789480764057035
0.7896152811407048
0.7897497982243744
0.789884315308044
0.7900188323917137
0.7901533494753833
0.7902878665590529
0.7904223836427225
0.7905569007263922
0.7906914178100618
0.790960451977401
0.7910949690610707
0.7912294861447403
0.7913640032284099
0.7914985203120796
0.7916330373957492
0.7917675544794188
0.7919020715630884
0.792036588646758
0.7921711057304277
0.7923056228140973
0.7924401398977668
0.7925746569814366
0.7927091740651062
0.7928436911487757
0.7929782082324455
0.793112725316115
0.7932472423997847
0.7933817594834544
0.7956685499058379
0.7958030669895075
0.7959375840731773
0.7960721011568468
0.7962066182405164
0.7963411353241862
0.7964756524078557
0.7966101694915254
0.7967446865751949
0.7968792036588646
0.7970137207425343
0.7971482378262038
0.7975517890772127
0.7976863061608823
0.797820823244552
0.7979553403282216
0.7980898574118912
0.7982243744955608
0.7983588915792305
0.7984934086629002
0.7986279257465697
0.7987624428302393
0.7988969599139091
0.7990314769975786
0.7991659940812482
0.7993005111649178
0.7994350282485875
0.7995695453322571
0.7997040624159267
0.7998385794995964
0.7999730965832661
0.8001076136669356
0.8002421307506052
0.8003766478342748
0.8005111649179445
0.8006456820016141
0.8007801990852838
0.8009147161689534
0.801049233252623
0.8011837503362926
0.8013182674199623
0.8014527845036318
0.8015873015873015
0.8017218186709711
0.8018563357546407
0.8019908528383104
0.80212536992198
0.8022598870056497
0.8023944040893193
0.8025289211729889
0.8026634382566585
0.8027979553403282
0.8029324724239977
0.8030669895076674
0.803201506591337
0.8033360236750066
0.8034705407586763
0.8036050578423459
0.8037395749260154
0.8038740920096852
0.8040086090933547
0.8041431261770244
0.8042776432606941
0.8044121603443636
0.8045466774280333
0.804681194511703
0.8048157115953725
0.8049502286790422
0.8050847457627117
0.8052192628463813
0.8053537799300511
0.8054882970137206
0.8056228140973902
0.80575733118106
0.8058918482647295
0.8060263653483992
0.8061608824320687
0.8062953995157384
0.8064299165994081
0.8065644336830776
0.8066989507667472
0.806833467850417
0.8069679849340865
0.8071025020177561
0.8072370191014259
0.8073715361850954
0.8075060532687651
0.8076405703524346
0.8077750874361043
0.807909604519774
0.8080441216034435
0.8081786386871131
0.8083131557707829
0.8084476728544524
0.808582189938122
0.8087167070217917
0.8088512241054613
0.8089857411891309
0.8091202582728005
0.8092547753564702
0.8093892924401399
0.8095238095238094
0.809658326607479
0.8097928436911487
0.8099273607748183
0.8100618778584879
0.8101963949421576
0.8103309120258272
0.8104654291094968
0.8105999461931664
0.8107344632768361
0.8108689803605058
0.8110034974441753
0.811138014527845
0.8112725316115145
0.8114070486951842
0.8115415657788538
0.8116760828625235
0.8118105999461931
0.8119451170298627
0.8120796341135323
0.812214151197202
0.8123486682808715
0.8124831853645412
0.8126177024482109
0.8127522195318804
0.8128867366155501
0.8130212536992197
0.8131557707828894
0.813290287866559
0.8134248049502285
0.8135593220338982
0.8136938391175679
0.8138283562012374
0.8139628732849071
0.8140973903685768
0.8142319074522463
0.814366424535916
0.8145009416195856
0.8146354587032552
0.8147699757869249
0.8149044928705944
0.8150390099542641
0.8151735270379338
0.8153080441216033
0.815442561205273
0.8155770782889427
0.8157115953726122
0.8158461124562819
0.8159806295399514
0.8161151466236211
0.8162496637072908
0.8163841807909603
0.81651869787463
0.8166532149582997
0.8167877320419692
0.8169222491256389
0.8170567662093084
0.8171912832929781
0.8173258003766478
0.8174603174603173
0.817594834543987
0.8177293516276567
0.8178638687113262
0.8179983857949958
0.8181329028786655
0.8182674199623351
0.8184019370460048
0.8185364541296744
0.818670971213344
0.8188054882970137
0.8189400053806832
0.8190745224643529
0.8192090395480226
0.8193435566316921
0.8194780737153617
0.8196125907990314
0.819747107882701
0.8198816249663706
0.8200161420500403
0.8201506591337099
0.8202851762173796
0.8204196933010491
0.8205542103847188
0.820823244552058
0.8209577616357276
0.8210922787193973
0.8212267958030669
0.8213613128867365
0.8214958299704062
0.8216303470540758
0.8217648641377453
0.821899381221415
0.8220338983050847
0.8223029324724239
0.8224374495560935
0.8225719666397632
0.8227064837234328
0.8228410008071024
0.8229755178907721
0.8231100349744417
0.8232445520581112
0.8233790691417809
0.8235135862254506
0.8236481033091201
0.8237826203927898
0.8239171374764594
0.8240516545601291
0.8241861716437987
0.8243206887274682
0.824455205811138
0.8245897228948076
0.8247242399784771
0.8248587570621468
0.8249932741458165
0.825127791229486
0.8252623083131557
0.8253968253968252
0.8255313424804949
0.8256658595641646
0.8258003766478341
0.8259348937315039
0.8260694108151735
0.826203927898843
0.8263384449825127
0.8264729620661824
0.8266074791498519
0.8267419962335216
0.8268765133171911
0.8270110304008608
0.8271455474845305
0.8272800645682
0.8274145816518698
0.8275490987355394
0.8276836158192089
0.8278181329028786
0.8279526499865482
0.8280871670702178
0.8282216841538875
0.828356201237557
0.8284907183212267
0.8286252354048964
0.8287597524885659
0.8288942695722356
0.8290287866559052
0.8291633037395748
0.8292978208232445
0.8294323379069141
0.8295668549905837
0.8297013720742534
0.829835889157923
0.8299704062415926
0.8301049233252622
0.8302394404089318
0.8303739574926015
0.8305084745762711
0.8306429916599407
0.8307775087436103
0.83091202582728
0.8310465429109496
0.8311810599946193
0.8313155770782888
0.8314500941619585
0.8315846112456281
0.8317191283292977
0.8346785041700295
0.8348130212536992
0.8350820554210384
0.8352165725047079
0.8353510895883777
0.8354856066720473
0.8356201237557168
0.8357546408393866
0.8358891579230562
0.838444982512779
0.8385794995964486
0.8387140166801184
0.8388485337637879
0.8389830508474575
0.8450363196125906
0.8451708366962604
0.84530535377993
0.8454398708635995
0.8455743879472692
0.8462469733656174
0.846381490449287
0.8465160075329565
0.8466505246166263
0.8467850417002959
0.8469195587839654
0.8470540758676351
0.8471885929513047
0.8473231100349743
0.847457627118644
0.8475921442023135
0.8477266612859833
0.8478611783696529
0.8479956954533224
0.8481302125369922
0.8482647296206617
0.8483992467043313
0.8518966908797416
0.853914447134786
0.8540489642184556
0.8541834813021253
0.8543179983857949
0.8544525154694644
0.8545870325531342
0.8547215496368038
0.8548560667204734
0.8552596179714823
0.8553941350551519
0.8572773742265267
0.8574118913101962
0.857546408393866
0.8576809254775355
0.8818940005380683
0.8820285176217378
0.8828356201237556
0.8829701372074252
0.8902340597255851
0.8903685768092546
0.8905030938929243
0.9047619047619047
0.9048964218455743
0.9058380414312617
0.9059725585149313
0.9061070755986009
0.9062415926822706
0.9063761097659402
0.9065106268496098
0.9066451439332793
0.9067796610169491
0.9069141781006187
0.9070486951842882
0.907183212267958
0.9073177293516276
0.9074522464352972
0.9075867635189668
0.9077212806026365
0.9078557976863061
0.9079903147699757
0.9081248318536452
0.908259348937315
0.9083938660209846
0.9085283831046541
0.9086629001883239
0.9284369114877588
0.9289749798224374
0.929109496906107
0.9347592144202312
0.934893731503901
0.9350282485875705
0.9351627656712401
0.9352972827549098
0.9354317998385794
0.935566316922249
0.9357008340059186
0.9358353510895883
0.935969868173258
0.9361043852569275
0.9362389023405971
0.9363734194242669
0.9365079365079364
0.936642453591606
0.9367769706752757
0.9369114877589453
0.9370460048426149
0.9371805219262845
0.9373150390099542
0.9374495560936238
0.9375840731772934
0.937718590260963
0.9378531073446326
0.9379876244283023
0.9381221415119719
0.9382566585956416
0.9383911756793112
0.9385256927629808
0.9386602098466504
0.9405434490180252
0.9406779661016949
0.9408124831853644
0.9409470002690341
0.9410815173527037
0.9412160344363733
0.941350551520043
0.9414850686037125
0.9416195856873822
0.9612590799031476
0.9613935969868173
0.9615281140704868
0.9616626311541565
0.961797148237826
0.9619316653214958
0.9620661824051654
0.9763249932741457
0.9764595103578153
0.976594027441485
0.9767285445251546
0.9768630616088242
0.9769975786924939
0.9771320957761634
0.9772666128598331
0.9774011299435027
0.9901802528921172
0.9903147699757868
0.9904492870594563
0.9905838041431261
0.9907183212267957
0.9908528383104653
0.990987355394135
0.9911218724778046
0.9912563895614742
0.9913909066451438
0.4764595103578154
0.476594027441485
0.7472423997847726
0.7534301856335754
0.7535647027172451
0.7536992198009146
0.7538337368845843
0.7539682539682538
0.7541027710519235
0.7542372881355932
0.7543718052192627
0.7545063223029324
0.7546408393866021
0.7547753564702716
0.7549098735539413
0.7558514931396286
0.7562550443906375
0.7563895614743071
0.7565240785579768
0.7566585956416464
0.7567931127253161
0.7569276298089856
0.7608286252354047
0.7609631423190745
0.7610976594027441
0.7612321764864136
0.7613666935700834
0.761501210653753
0.7616357277374225
0.7617702448210922
0.7619047619047619
0.7620392789884314
0.7621737960721011
0.7623083131557706
0.7624428302394404
0.76257734732311
0.7627118644067795
0.7628463814904493
0.7637880010761365
0.7639225181598062
0.7640570352434759
0.7641915523271454
0.7643260694108152
0.7644605864944847
0.7675544794188861
0.7676889965025558
0.7678235135862254
0.767958030669895
0.7680925477535646
0.7682270648372342
0.7683615819209039
0.7684960990045735
0.7686306160882431
0.7687651331719128
0.7688996502555824
0.769034167339252
0.7691686844229215
0.7693032015065913
0.7710519235942963
0.771186440677966
0.7713209577616357
0.7714554748453053
0.7715899919289749
0.7717245090126444
0.7718590260963142
0.7719935431799838
0.7721280602636533
0.7722625773473231
0.7723970944309927
0.7725316115146622
0.772666128598332
0.7728006456820015
0.7729351627656711
0.7730696798493408
0.7732041969330103
0.7733387140166801
0.7734732311003497
0.7736077481840192
0.773742265267689
0.7738767823513586
0.7740112994350281
0.7741458165186978
0.7742803336023674
0.774414850686037
0.7745493677697067
0.7746838848533762
0.774818401937046
0.7749529190207156
0.7750874361043851
0.7752219531880549
0.7753564702717244
0.775490987355394
0.7756255044390638
0.7757600215227333
0.7758945386064029
0.7760290556900726
0.7761635727737421
0.7762980898574118
0.7764326069410814
0.776567124024751
0.7767016411084208
0.7768361581920903
0.7769706752757599
0.7771051923594297
0.7772397094430992
0.7773742265267688
0.7775087436104384
0.777643260694108
0.7777777777777777
0.7779122948614473
0.7780468119451169
0.7781813290287866
0.7783158461124562
0.7784503631961258
0.7785848802797956
0.7787193973634651
0.7788539144471347
0.7789884315308043
0.779122948614474
0.7792574656981436
0.7793919827818132
0.7795264998654828
0.7796610169491525
0.7797955340328221
0.7799300511164917
0.7800645682001612
0.780199085283831
0.7803336023675006
0.7804681194511702
0.7806026365348399
0.7807371536185095
0.7808716707021791
0.7810061877858487
0.7811407048695183
0.781275221953188
0.7814097390368576
0.7815442561205271
0.7816787732041969
0.7818132902878665
0.781947807371536
0.7820823244552058
0.7822168415388754
0.782351358622545
0.7824858757062146
0.7826203927898842
0.7827549098735539
0.7828894269572235
0.783023944040893
0.7831584611245628
0.7832929782082324
0.7834274952919019
0.7835620123755717
0.7836965294592412
0.7838310465429108
0.7839655636265805
0.7841000807102501
0.7842345977939198
0.7843691148775894
0.7845036319612589
0.7846381490449287
0.7847726661285982
0.7849071832122678
0.7850417002959376
0.7851762173796071
0.7853107344632767
0.7854452515469464
0.785579768630616
0.7857142857142857
0.7858488027979552
0.7859833198816248
0.7861178369652946
0.7862523540489641
0.7863868711326337
0.7865213882163035
0.786655905299973
0.7867904223836426
0.7869249394673123
0.7870594565509819
0.7871939736346515
0.7873284907183211
0.7874630078019907
0.7875975248856605
0.78773204196933
0.7878665590529996
0.7880010761366694
0.7881355932203389
0.7882701103040085
0.7884046273876781
0.7885391444713478
0.7886736615550174
0.788808178638687
0.7889426957223566
0.7890772128060263
0.7892117298896959
0.7893462469733655
0.789480764057035
0.7896152811407048
0.7897497982243744
0.789884315308044
0.7900188323917137
0.7901533494753833
0.7902878665590529
0.7904223836427225
0.7905569007263922
0.7906914178100618
0.7908259348937314
0.790960451977401
0.7910949690610707
0.7912294861447403
0.7913640032284099
0.7914985203120796
0.7916330373957492
0.7917675544794188
0.7919020715630884
0.792036588646758
0.7921711057304277
0.7923056228140973
0.7924401398977668
0.7925746569814366
0.7982243744955608
0.7983588915792305
0.7984934086629002
0.7986279257465697
0.7987624428302393
0.7988969599139091
0.7990314769975786
0.7991659940812482
0.7993005111649178
0.7994350282485875
0.7995695453322571
0.7997040624159267
0.7998385794995964
0.7999730965832661
0.8001076136669356
0.8002421307506052
0.8003766478342748
0.8005111649179445
0.8006456820016141
0.8007801990852838
0.8009147161689534
0.801049233252623
0.8011837503362926
0.8013182674199623
0.8014527845036318
0.8015873015873015
0.8017218186709711
0.8018563357546407
0.8019908528383104
0.80212536992198
0.8022598870056497
0.8023944040893193
0.8025289211729889
0.8026634382566585
0.8027979553403282
0.8029324724239977
0.8030669895076674
0.803201506591337
0.8033360236750066
0.8034705407586763
0.8087167070217917
0.8088512241054613
0.8101963949421576
0.8103309120258272
0.8104654291094968
0.8105999461931664
0.8107344632768361
0.8108689803605058
0.8110034974441753
0.811138014527845
0.8112725316115145
0.8114070486951842
0.8115415657788538
0.8116760828625235
0.8119451170298627
0.8120796341135323
0.812214151197202
0.8123486682808715
0.8124831853645412
0.8126177024482109
0.8127522195318804
0.8128867366155501
0.8130212536992197
0.8131557707828894
0.813290287866559
0.8134248049502285
0.8135593220338982
0.8136938391175679
0.8157115953726122
0.8158461124562819
0.8159806295399514
0.8161151466236211
0.8162496637072908
0.8163841807909603
0.81651869787463
0.8166532149582997
0.8167877320419692
0.8169222491256389
0.8170567662093084
0.8171912832929781
0.8173258003766478
0.8174603174603173
0.817594834543987
0.8177293516276567
0.8178638687113262
0.8179983857949958
0.8181329028786655
0.8182674199623351
0.8225719666397632
0.8227064837234328
0.8249932741458165
0.825127791229486
0.8252623083131557
0.8253968253968252
0.8255313424804949
0.8256658595641646
0.8258003766478341
0.8259348937315039
0.8260694108151735
0.826203927898843
0.8263384449825127
0.8264729620661824
0.8266074791498519
0.8267419962335216
0.8268765133171911
0.8270110304008608
0.8271455474845305
0.8272800645682
0.8274145816518698
0.8275490987355394
0.8276836158192089
0.8278181329028786
0.8279526499865482
0.8280871670702178
0.8282216841538875
0.828356201237557
0.8284907183212267
0.8286252354048964
0.8287597524885659
0.8288942695722356
0.8290287866559052
0.8291633037395748
0.8292978208232445
0.8294323379069141
0.8295668549905837
0.8297013720742534
0.829835889157923
0.8299704062415926
0.8301049233252622
0.8302394404089318
0.8303739574926015
0.8305084745762711
0.8306429916599407
0.8307775087436103
0.8349475383373688
0.8350820554210384
0.8352165725047079
0.8353510895883777
0.8354856066720473
0.8432875975248856
0.8434221146085552
0.8435566316922247
0.988431530804412
0.9885660478880818
0.24993274145816516
0.7565240785579768
0.7566585956416464
0.7567931127253161
0.7569276298089856
0.7613666935700834
0.761501210653753
0.7616357277374225
0.7617702448210922
0.7619047619047619
0.7620392789884314
0.7621737960721011
0.7631154156577884
0.7632499327414581
0.7633844498251277
0.7635189669087973
0.763653483992467
0.7637880010761365
0.7639225181598062
0.7715899919289749
0.7717245090126444
0.7718590260963142
0.7719935431799838
0.7721280602636533
0.7722625773473231
0.7736077481840192
0.773742265267689
0.7768361581920903
0.7769706752757599
0.7771051923594297
0.7772397094430992
0.7773742265267688
0.7775087436104384
0.777643260694108
0.7777777777777777
0.7779122948614473
0.7780468119451169
0.7781813290287866
0.7783158461124562
0.7784503631961258
0.7785848802797956
0.7787193973634651
0.7788539144471347
0.7789884315308043
0.779122948614474
0.7792574656981436
0.7793919827818132
0.7795264998654828
0.7796610169491525
0.7797955340328221
0.7799300511164917
0.7800645682001612
0.780199085283831
0.7803336023675006
0.7804681194511702
0.7806026365348399
0.7807371536185095
0.7808716707021791
0.7810061877858487
0.7811407048695183
0.781275221953188
0.7814097390368576
0.7815442561205271
0.7816787732041969
0.7818132902878665
0.781947807371536
0.7820823244552058
0.7822168415388754
0.782351358622545
0.7824858757062146
0.7826203927898842
0.7827549098735539
0.7828894269572235
0.783023944040893
0.7831584611245628
0.7832929782082324
0.7834274952919019
0.7835620123755717
0.7836965294592412
0.7838310465429108
0.7839655636265805
0.7841000807102501
0.7842345977939198
0.7843691148775894
0.7845036319612589
0.7846381490449287
0.7847726661285982
0.7849071832122678
0.7850417002959376
0.7851762173796071
0.7853107344632767
0.7854452515469464
0.785579768630616
0.7857142857142857
0.7858488027979552
0.7859833198816248
0.7861178369652946
0.7862523540489641
0.7863868711326337
0.7865213882163035
0.786655905299973
0.7867904223836426
0.7869249394673123
0.7870594565509819
0.7871939736346515
0.7873284907183211
0.7874630078019907
0.7875975248856605
0.78773204196933
0.7878665590529996
0.7880010761366694
0.7881355932203389
0.7882701103040085
0.7884046273876781
0.7885391444713478
0.7886736615550174
0.788808178638687
0.7889426957223566
0.7890772128060263
0.7893462469733655
0.7896152811407048
0.7897497982243744
0.789884315308044
0.7900188323917137
0.7901533494753833
0.7902878665590529
0.7904223836427225
0.7905569007263922
0.7906914178100618
0.7908259348937314
0.790960451977401
0.7910949690610707
0.7912294861447403
0.7913640032284099
0.7914985203120796
0.7916330373957492
0.7917675544794188
0.7919020715630884
0.792036588646758
0.7921711057304277
0.7923056228140973
0.7994350282485875
0.7995695453322571
0.7997040624159267
0.7998385794995964
0.7999730965832661
0.8001076136669356
0.8002421307506052
0.8003766478342748
0.8005111649179445
0.8006456820016141
0.8007801990852838
0.8009147161689534
0.801049233252623
0.8011837503362926
0.8013182674199623
0.8014527845036318
0.8015873015873015
0.8017218186709711
0.8018563357546407
0.8019908528383104
0.8157115953726122
0.22262577347323106
0.2227602905569007
0.22289480764057032
0.22302932472423997
0.24226526768899648
0.2423997847726661
0.2425343018563357
0.24266881894000536
0.24280333602367496
0.24293785310734461
0.24307237019101421
0.24320688727468387
0.2433414043583535
0.2434759214420231
0.24361043852569275
0.24374495560936235
0.243879472693032
0.2440139897767016
0.24414850686037126
0.24428302394404086
0.24441754102771052
0.24455205811138012
0.24468657519504974
0.24482109227871937
0.24630078019908527
0.2904223836427226
0.29069141781006186
0.29082593489373143
0.2909604519774011
0.2912294861447403
0.29136400322840994
0.2914985203120796
0.7565240785579768
0.7566585956416464
0.7567931127253161
0.7629808985741189
0.7631154156577884
0.7632499327414581
0.7773742265267688
0.7775087436104384
0.777643260694108
0.7777777777777777
0.7779122948614473
0.7780468119451169
0.7781813290287866
0.7783158461124562
0.7784503631961258
0.7785848802797956
0.7787193973634651
0.7788539144471347
0.7789884315308043
0.779122948614474
0.7792574656981436
0.7793919827818132
0.7795264998654828
0.7796610169491525
0.7797955340328221
0.7799300511164917
0.7800645682001612
0.780199085283831
0.7803336023675006
0.7804681194511702
0.7806026365348399
0.7807371536185095
0.7808716707021791
0.7810061877858487
0.7811407048695183
0.781275221953188
0.7814097390368576
0.7815442561205271
0.7816787732041969
0.7818132902878665
0.781947807371536
0.7820823244552058
0.7822168415388754
0.782351358622545
0.7824858757062146
0.7841000807102501
0.7842345977939198
0.7843691148775894
0.7845036319612589
0.7847726661285982
0.7849071832122678
0.7850417002959376
0.7851762173796071
0.7853107344632767
0.7854452515469464
0.7857142857142857
0.7858488027979552
0.7859833198816248
0.7861178369652946
0.7862523540489641
0.7863868711326337
0.7865213882163035
0.786655905299973
0.7867904223836426
0.7869249394673123
0.7892117298896959
0.7893462469733655
0.789480764057035
0.7896152811407048
0.7999730965832661
0.8001076136669356
0.8002421307506052
0.8003766478342748
0.8005111649179445
0.8006456820016141
0.8007801990852838
0.22329835889157923
0.22343287597524883
0.22356739305891848
0.24293785310734461
0.24307237019101421
0.24320688727468387
0.24374495560936235
0.24441754102771052
0.24455205811138012
0.24468657519504974
0.24482109227871937
0.244955609362389
0.24509012644605863
0.2456281947807371
0.24576271186440676
0.24589722894807636
0.24643529728275487
0.2465698143664245
0.24670433145009413
0.24683884853376376
0.24697336561743338
0.247107882701103
0.24952919020715628
0.2496637072908259
0.25141242937853103
0.25154694646220066
0.7799300511164917
0.7800645682001612
0.780199085283831
0.7803336023675006
0.782351358622545
0.22921711057304275
0.22935162765671238
0.23486682808716705
0.23500134517083668
0.2351358622545063
0.23527037933817593
0.23661555017487218
0.2367500672585418
0.23688458434221144
0.23701910142588106
0.2371536185095507
0.23957492601560396
0.24065106268496095
0.2407855797686306
0.2409200968523002
0.24105461393596986
0.24118913101963946
0.2413236481033091
0.2418617164379876
0.24199623352165722
0.24280333602367496
0.24293785310734461
0.24307237019101421
0.24320688727468387
0.2433414043583535
0.2434759214420231
0.24361043852569275
0.24374495560936235
0.24441754102771052
0.24455205811138012
0.24468657519504974
0.24831853645412966
0.24845305353779926
0.2485875706214689
0.2487220877051385
0.24885660478880817
0.24899112187247777
0.24912563895614742
0.24926015603981702
0.24939467312348665
0.24952919020715628
0.2496637072908259
0.24979822437449553
0.24993274145816516
0.25006725854183476
0.25020177562550444
0.250336292709174
0.25047080979284364
0.25060532687651327
0.2511433952111918
-0.23231100349744416
-0.23244552058111378
-0.23258003766478338
-0.23271455474845304
-0.2329835889157923
-0.23325262308313155
-0.23338714016680115
-0.2367500672585418
-0.23688458434221144
-0.23701910142588106
-0.2371536185095507
-0.23728813559322032
-0.23742265267688994
-0.23755716976055954
-0.2376916868442292
-0.2378262039278988
-0.23796072101156845
-0.23809523809523805
-0.2382297551789077
-0.2383642722625773
-0.23849878934624694
-0.23863330642991656
-0.2387678235135862
-0.23890234059725582
-0.23903685768092545
-0.2391713747645951
-0.2393058918482647
-0.23944040893193436
-0.2402475114339521
-0.2403820285176217
-0.24051654560129135
-0.24065106268496095
-0.2407855797686306
-0.2423997847726661
-0.2425343018563357
-0.24266881894000536
-0.24280333602367496
-0.24307237019101421
-0.24589722894807636
-0.24603174603174602
-0.24630078019908527
-0.24697336561743338
-0.247107882701103
-0.24724239978477267
-0.24737691686844226
-0.2475114339521119
-0.24764595103578152
-0.24778046811945115
-0.24791498520312077
-0.2480495022867904
-0.24818401937046003
-0.24831853645412966
-0.24845305353779926
-0.2485875706214689
-0.24939467312348665
-0.24952919020715628
-0.2496637072908259
-0.24979822437449553
-0.24993274145816516
-0.2289480764057035
-0.22908259348937313
-0.22921711057304275
-0.22935162765671238
-0.22948614474038198
-0.22962066182405164
-0.22975517890772124
-0.25437180521926284
-0.2545063223029324
-0.2546408393866021
-0.28974979822437447
-0.2898843153080441
-0.2900188323917137
-0.29015334947538335
-0.2902878665590529
-0.29795534032822163
-0.29808985741189126
-0.29822437449556094
-0.2983588915792305
-0.29849340866290014
-0.29862792574656977
-0.29876244283023945
-0.298896959913909
-0.29903147699757865
-0.2991659940812483
-0.2993005111649179
-0.29943502824858753
-0.30992736077481836
-0.310061877858488
-0.48641377454936774
-0.4865482916330373
-0.486682808716707
-0.22558514931396284
-0.22571966639763247
-0.2258541834813021
-0.22598870056497172
-0.22612321764864135
-0.22800645682001613
-0.22814097390368573
-0.2282754909873554
-0.22881355932203387
-0.2289480764057035
-0.22908259348937313
-0.22921711057304275
-0.22935162765671238
-0.22948614474038198
-0.22962066182405164
-0.22975517890772124
-0.2298896959913909
-0.2300242130750605
-0.23015873015873015
-0.23029324724239975
-0.2304277643260694
-0.230562281409739
-0.23069679849340863
-0.23083131557707826
-0.23096583266074788
-0.23110034974441754
-0.23123486682808714
-0.2313693839117568
-0.2315039009954264
-0.23163841807909602
-0.23271455474845304
-0.23284907183212264
-0.2329835889157923
-0.2331181059994619
-0.23325262308313155
-0.23338714016680115
-0.23352165725047078
-0.24576271186440676
-0.24589722894807636
-0.24603174603174602
-0.24616626311541562
-0.24630078019908527
-0.24643529728275487
-0.2465698143664245
-0.25248856604788805
-0.2531611514662362
-0.2532956685499058
-0.25343018563357544
-0.25356470271724507
-0.2536992198009147
-0.2538337368845843
-0.25396825396825395
-0.2541027710519236
-0.25423728813559315
-0.25437180521926284
-0.2545063223029324
-0.2546408393866021
-0.25477535647027166
-0.25490987355394135
-0.2550443906376109
-0.2551789077212806
-0.2563895614743072
-0.2565240785579768
-0.2882701103040086
-0.2884046273876782
-0.2885391444713478
-0.2894807640570352
-0.28961528114070484
-0.28974979822437447
-0.29015334947538335
-0.2902878665590529
-0.2904223836427226
-0.29055690072639223
-0.29069141781006186
-0.29082593489373143
-0.2909604519774011
-0.29109496906107074
-0.2921711057304277
-0.29230562281409733
-0.292440139897767
-0.29674468657519504
-0.29687920365886467
-0.29701372074253424
-0.2971482378262039
-0.29728275490987355
-0.2974172719935431
-0.29755178907721275
-0.29768630616088243
-0.29782082324455206
-0.29849340866290014
-0.29862792574656977
-0.29876244283023945
-0.298896959913909
-0.29903147699757865
-0.2991659940812483
-0.2993005111649179
-0.29943502824858753
-0.29956954533225716
-0.2997040624159268
-0.2998385794995964
-0.29997309658326604
-0.30010761366693567
-0.3002421307506053
-0.3003766478342749
-0.30051116491794455
-0.3006456820016142
-0.3007801990852838
-0.30104923325262306
-0.30118375033629263
-0.3013182674199623
-0.30145278450363194
-0.30158730158730157
-0.30172181867097114
-0.3018563357546408
-0.30199085283831045
-0.30212536992198
-0.30521926284638146
-0.3053537799300511
-0.3054882970137207
-0.30979284369114873
-0.30992736077481836
-0.310061877858488
-0.48614474038202843
-0.4862792574656981
-0.48641377454936774
-0.4865482916330373
-0.486682808716707
-0.2258541834813021
-0.22598870056497172
-0.22612321764864135
-0.22719935431799837
-0.227333871401668
-0.22746838848533762
-0.22760290556900722
-0.22773742265267688
-0.22800645682001613
-0.22867904223836424
-0.22881355932203387
-0.2289480764057035
-0.22908259348937313
-0.22921711057304275
-0.22935162765671238
-0.22948614474038198
-0.22962066182405164
-0.23029324724239975
-0.25490987355394135
-0.2550443906376109
-0.2551789077212806
-0.25531342480495023
-0.2554479418886198
-0.2555824589722895
-0.25571697605595906
-0.29876244283023945
-0.298896959913909
-0.29903147699757865
-0.2991659940812483
-0.2993005111649179
-0.29943502824858753
-0.29956954533225716
-0.2997040624159268
-0.2998385794995964
-0.29997309658326604
-0.30010761366693567
-0.3002421307506053
-0.3003766478342749
-0.30051116491794455
-0.3006456820016142
-0.3007801990852838
-0.30091471616895343
-0.30104923325262306
-0.30118375033629263
-0.3013182674199623
-0.30145278450363194
-0.30158730158730157
-0.30172181867097114
-0.3018563357546408
-0.7843691148775894
-0.7845036319612589
-0.21267150928167874
-0.21818670971213341
-0.21832122679580304
-0.21845574387947267
-0.21859026096314227
-0.2191283292978208
-0.21926284638149043
-0.21939736346516006
-0.22006994888350817
-0.22558514931396284
-0.22571966639763247
-0.2258541834813021
-0.22598870056497172
-0.22666128598331983
-0.2267958030669895
-0.22693032015065911
-0.22706483723432874
-0.22719935431799837
-0.22773742265267688
-0.22787193973634648
-0.22800645682001613
-0.22814097390368573
-0.2282754909873554
-0.228410008071025
-0.22854452515469462
-0.22867904223836424
-0.22881355932203387
-0.2289480764057035
-0.22908259348937313
-0.22921711057304275
-0.22935162765671238
-0.22948614474038198
-0.22962066182405164
-0.22975517890772124
-0.2298896959913909
-0.2300242130750605
-0.23015873015873015
-0.23029324724239975
-0.2304277643260694
-0.3213613128867366
-0.3214958299704062
-0.32163034705407584
-0.32176486413774547
-0.3218993812214151
-0.7772397094430992
-0.7773742265267688
-0.7775087436104384
-0.777643260694108
-0.7777777777777777
-0.7779122948614473
-0.7780468119451169
-0.7781813290287866
-0.7783158461124562
-0.7784503631961258
-0.7785848802797956
-0.7787193973634651
-0.7788539144471347
-0.7789884315308043
-0.779122948614474
-0.7792574656981436
-0.7793919827818132
-0.7795264998654828
-0.7796610169491525
-0.7797955340328221
-0.7799300511164917
-0.7800645682001612
-0.780199085283831
-0.7834274952919019
-0.7835620123755717
-0.7836965294592412
-0.7843691148775894
-0.7845036319612589
-0.7846381490449287
-0.7847726661285982
-0.7849071832122678
-0.7850417002959376
-0.7851762173796071
-0.7853107344632767
-0.7854452515469464
-0.785579768630616
-0.7857142857142857
-0.7858488027979552
-0.7859833198816248
-0.7861178369652946
-0.7862523540489641
-0.7863868711326337
-0.7865213882163035
-0.786655905299973
-0.7867904223836426
-0.7869249394673123
-0.14178100618778583
-0.21576540220608015
-0.21589991928974978
-0.2165725047080979
-0.2167070217917675
-0.22450901264460582
-0.22545063223029324
-0.22558514931396284
-0.22571966639763247
-0.22639225181598058
-0.22652676889965023
-0.22666128598331983
-0.2267958030669895
-0.22693032015065911
-0.22706483723432874
-0.22719935431799837
-0.22962066182405164
-0.22975517890772124
-0.2298896959913909
-0.23163841807909602
-0.29526499865482914
-0.29539951573849876
-0.29553403282216834
-0.295668549905838
-0.2974172719935431
-0.29755178907721275
-0.29822437449556094
-0.2983588915792305
-0.29849340866290014
-0.3196125907990315
-0.3204196933010492
-0.3205542103847189
-0.32068872746838845
-0.3208232445520581
-0.3209577616357277
-0.32109227871939733
-0.32122679580306696
-0.32216841538875435
-0.322302932472424
-0.3224374495560936
-0.3225719666397632
-0.32270648372343286
-0.3228410008071025
-0.32297551789077206
-0.3231100349744417
-0.32324455205811137
-0.323379069141781
-0.32351358622545057
-0.3236481033091202
-0.3237826203927899
-0.32391713747645945
-0.3240516545601291
-0.32418617164379876
-0.3243206887274684
-0.32445520581113796
-0.3245897228948076
-0.32472423997847727
-0.3248587570621469
-0.32499327414581647
-0.3251277912294861
-0.3252623083131558
-0.32539682539682535
-0.325531342480495
-0.3256658595641646
-0.3258003766478343
-0.32593489373150386
-0.3260694108151735
-0.32916330373957486
-0.3292978208232445
-0.3294323379069142
-0.3295668549905838
-0.3297013720742534
-0.329835889157923
-0.3299704062415927
-0.43233790691417806
-0.43247242399784763
-0.4326069410815173
-0.43274145816518694
-0.43287597524885657
-0.43301049233252614
-0.7637880010761365
-0.7639225181598062
-0.7640570352434759
-0.7645951035781543
-0.764729620661824
-0.7648641377454936
-0.7649986548291632
-0.7651331719128329
-0.7652676889965024
-0.7654022060801721
-0.7655367231638417
-0.7656712402475113
-0.7658057573311811
-0.7659402744148506
-0.7660747914985202
-0.7662093085821899
-0.7663438256658595
-0.7664783427495291
-0.7666128598331988
-0.7667473769168683
-0.766881894000538
-0.7670164110842076
-0.7783158461124562
-0.7784503631961258
-0.7785848802797956
-0.7787193973634651
-0.7788539144471347
-0.7789884315308043
-0.779122948614474
-0.7792574656981436
-0.7793919827818132
-0.7795264998654828
-0.7796610169491525
-0.7797955340328221
-0.7799300511164917
-0.7800645682001612
-0.780199085283831
-0.06631692224912564
-0.14339521119182136
-0.14352972827549096
-0.14366424535916061
-0.14998654829163302
-0.15012106537530265
-0.15025558245897228
-0.1503900995426419
-0.19720204465967175
-0.21643798762442829
-0.2165725047080979
-0.21737960721011568
-0.21751412429378528
-0.22033898305084743
-0.22047350013451708
-0.22060801721818668
-0.22168415388754367
-0.22504708097928433
-0.30938929244013985
-0.3095238095238095
-0.31611514662362117
-0.3162496637072908
-0.31746031746031744
-0.31759483454398707
-0.3177293516276567
-0.3184019370460048
-0.31853645412967446
-0.3186709712133441
-0.31880548829701366
-0.3189400053806833
-0.31907452246435297
-0.31920903954802254
-0.3213613128867366
-0.3214958299704062
-0.32163034705407584
-0.32176486413774547
-0.3218993812214151
-0.32203389830508466
-0.32216841538875435
-0.322302932472424
-0.3224374495560936
-0.3225719666397632
-0.32270648372343286
-0.3228410008071025
-0.32297551789077206
-0.3231100349744417
-0.32324455205811137
-0.323379069141781
-0.32351358622545057
-0.3236481033091202
-0.3237826203927899
-0.32391713747645945
-0.3240516545601291
-0.32418617164379876
-0.3243206887274684
-0.32445520581113796
-0.3245897228948076
-0.32472423997847727
-0.3248587570621469
-0.32499327414581647
-0.3251277912294861
-0.3252623083131558
-0.32539682539682535
-0.325531342480495
-0.3256658595641646
-0.3258003766478343
-0.32593489373150386
-0.3260694108151735
-0.3262039278988431
-0.32633844498251274
-0.32835620123755715
-0.328759752488566
-0.32889426957223566
-0.3290287866559053
-0.7475114339521118
-0.7589453860640301
-0.7590799031476997
-0.7592144202313693
-0.7593489373150389
-0.7601560398170566
-0.7602905569007263
-0.760425073984396
-0.7605595910680656
-0.7606941081517352
-0.7608286252354047
-0.7609631423190745
-0.7610976594027441
-0.7612321764864136
-0.7613666935700834
-0.761501210653753
-0.7637880010761365
-0.7639225181598062
-0.7640570352434759
-0.7641915523271454
-0.7643260694108152
-0.7644605864944847
-0.7660747914985202
-0.7662093085821899
-0.7663438256658595
-0.7664783427495291
-0.7666128598331988
-0.7667473769168683
-0.766881894000538
-0.7670164110842076
-0.7671509281678772
-0.7672854452515468
-0.7674199623352165
-0.7675544794188861
-0.7676889965025558
-0.7678235135862254
-0.767958030669895
-0.7680925477535646
-0.7682270648372342
-0.7683615819209039
-0.7684960990045735
-0.7686306160882431
-0.7687651331719128
-0.7688996502555824
-0.769034167339252
-0.7691686844229215
-0.7693032015065913
-0.7694377185902609
-0.7695722356739304
-0.7697067527576001
-0.7698412698412698
-0.7699757869249394
-0.770110304008609
-0.7702448210922787
-0.7771051923594297
-0.7772397094430992
-0.16411084207694374
-0.1642453591606134
-0.2951304815711595
-0.2974172719935431
-0.29755178907721275
-0.29768630616088243
-0.298896959913909
-0.29997309658326604
-0.30010761366693567
-0.3002421307506053
-0.3003766478342749
-0.30225988700564965
-0.3077750874361044
-0.30790960451977395
-0.30804412160344363
-0.30817863868711326
-0.3189400053806833
-0.31907452246435297
-0.31920903954802254
-0.3214958299704062
-0.32163034705407584
-0.32176486413774547
-0.32324455205811137
-0.323379069141781
-0.32351358622545057
-0.3236481033091202
-0.3237826203927899
-0.32391713747645945
-0.3240516545601291
-0.32418617164379876
-0.3243206887274684
-0.32445520581113796
-0.3245897228948076
-0.32472423997847727
-0.3248587570621469
-0.32499327414581647
-0.3251277912294861
-0.3252623083131558
-0.32539682539682535
-0.325531342480495
-0.3256658595641646
-0.3258003766478343
-0.32593489373150386
-0.3260694108151735
-0.3262039278988431
-0.32633844498251274
-0.328759752488566
-0.32889426957223566
-0.3290287866559053
-0.32916330373957486
-0.7602905569007263
-0.760425073984396
-0.7605595910680656
-0.7606941081517352
-0.7608286252354047
-0.7609631423190745
-0.7610976594027441
-0.7612321764864136
-0.7613666935700834
-0.761501210653753
-0.7616357277374225
-0.7617702448210922
-0.7619047619047619
-0.7620392789884314
-0.7621737960721011
-0.7623083131557706
-0.7624428302394404
-0.76257734732311
-0.0196394942157654
-0.019774011299435026
-0.019908528383104654
-0.020043045466774278
-0.020177562550443905
-0.02031207963411353
-0.020446596717783157
-0.02058111380145278
-0.16249663707290823
-0.3110034974441754
-0.3240516545601291
-0.32418617164379876
-0.3243206887274684
-0.32445520581113796
-0.3245897228948076
-0.32472423997847727
-0.3248587570621469
-0.32499327414581647
-0.32539682539682535
-0.3297013720742534
-0.5305353779930051
-0.5306698950766747
-0.5308044121603442
-0.530938929244014
-0.5310734463276836
-0.5312079634113532
-0.5313424804950228
-0.5314769975786925
-0.5316115146623621
-0.5317460317460316
-0.5318805488297013
-0.532015065913371
-0.5321495829970406
-0.5322841000807101
-0.5324186171643798
-0.5325531342480495
-0.532687651331719
-0.5328221684153887
-0.5329566854990583
-0.533091202582728
-0.5332257196663975
-0.5333602367500672
-0.5334947538337368
-0.5336292709174064
-0.533763788001076
-0.5338983050847457
-0.5340328221684153
-0.5341673392520849
-0.5343018563357546
-0.5345708905030938
-0.5347054075867634
-0.5348399246704331
-0.5856873822975517
-0.5858218993812213
-0.5866290018832392
