0.02592592592592593
0.040740740740740744
0.05714285714285715
0.06190476190476191
0.12433862433862435
0.12486772486772488
0.1253968253968254
0.12592592592592594
0.12645502645502646
0.126984126984127
0.1291005291005291
0.12962962962962965
0.13015873015873017
0.13068783068783071
0.13121693121693123
0.13174603174603175
0.13227513227513227
0.1417989417989418
0.14232804232804233
0.26455026455026454
0.3370370370370371
0.3375661375661376
0.3380952380952381
0.33862433862433866
0.3391534391534392
0.3396825396825397
0.34021164021164024
0.3407407407407408
0.3412698412698413
0.3417989417989418
0.3423280423280423
0.34285714285714286
0.3873015873015873
0.38783068783068786
0.6984126984126985
0.698941798941799
0.6994708994708995
0.7000000000000001
0.7634920634920636
0.764021164021164
0.7645502645502645
0.7650793650793651
0.7656084656084656
0.7661375661375661
0.7666666666666668
0.7671957671957673
0.7677248677248678
0.826984126984127
0.8275132275132275
0.828042328042328
0.8285714285714287
0.8291005291005292
0.8296296296296297
0.8301587301587303
0.8306878306878308
0.8312169312169313
0.8317460317460318
0.8322751322751324
0.8328042328042329
0.8333333333333334
0.833862433862434
0.8841269841269842
0.8846560846560847
0.8851851851851852
0.8857142857142858
0.8862433862433863
0.8867724867724868
0.8873015873015874
0.8878306878306879
0.8883597883597883
0.888888888888889
0.8894179894179894
0.8899470899470899
0.8904761904761906
0.8910052910052911
0.8915343915343916
0.8920634920634922
0.8925925925925927
0.8931216931216932
0.8936507936507937
0.8941798941798943
0.8947089947089948
0.8952380952380953
0.8957671957671959
0.8962962962962964
0.8968253968253969
0.8973544973544975
0.04920634920634921
0.05661375661375662
0.05714285714285715
0.05767195767195768
0.058201058201058205
0.05873015873015874
0.0634920634920635
0.06402116402116402
0.06455026455026455
0.07566137566137567
0.117989417989418
0.11851851851851852
0.11957671957671959
0.12010582010582012
0.12063492063492064
0.12275132275132275
0.1232804232804233
0.12592592592592594
0.12645502645502646
0.126984126984127
0.12751322751322752
0.12804232804232804
0.1285714285714286
0.1291005291005291
0.12962962962962965
0.13015873015873017
0.13068783068783071
0.13121693121693123
0.13174603174603175
0.13227513227513227
0.1328042328042328
0.13333333333333333
0.13386243386243388
0.1343915343915344
0.13492063492063494
0.13544973544973546
0.13597883597883598
0.13650793650793652
0.13915343915343917
0.13968253968253969
0.1402116402116402
0.14074074074074075
0.1412698412698413
0.1417989417989418
0.14232804232804233
0.14285714285714288
0.17566137566137566
0.17619047619047623
0.17671957671957675
0.17724867724867727
0.17777777777777778
0.17830687830687833
0.1994708994708995
0.20052910052910056
0.20105820105820107
0.2015873015873016
0.2021164021164021
0.20264550264550266
0.20317460317460317
0.20370370370370372
0.20423280423280427
0.20476190476190478
0.2052910052910053
0.20582010582010582
0.20634920634920637
0.20687830687830688
0.20740740740740743
0.20793650793650795
0.2084656084656085
0.208994708994709
0.20952380952380953
0.21005291005291005
0.2105820105820106
0.21111111111111114
0.21164021164021166
0.2121693121693122
0.21269841269841272
0.21322751322751324
0.21375661375661376
0.2142857142857143
0.21481481481481485
0.21534391534391537
0.24285714285714288
0.2433862433862434
0.24391534391534392
0.24444444444444446
0.24497354497354498
0.2455026455026455
0.24603174603174607
0.24814814814814817
0.2486772486772487
0.2492063492063492
0.24973544973544975
0.2502645502645503
0.2507936507936508
0.25132275132275134
0.2518518518518519
0.2523809523809524
0.2529100529100529
0.25343915343915346
0.253968253968254
0.2544973544973545
0.25502645502645505
0.2555555555555556
0.2560846560846561
0.2566137566137566
0.2571428571428572
0.2576719576719577
0.2582010582010582
0.25873015873015875
0.2592592592592593
0.2597883597883598
0.26031746031746034
0.2608465608465608
0.26137566137566143
0.2619047619047619
0.26243386243386246
0.262962962962963
0.2634920634920635
0.26402116402116405
0.26455026455026454
0.2650793650793651
0.2656084656084656
0.2661375661375662
0.26666666666666666
0.2671957671957672
0.26772486772486775
0.26825396825396824
0.2687830687830688
0.26931216931216934
0.2698412698412699
0.27037037037037037
0.2708994708994709
0.27142857142857146
0.27195767195767195
0.2724867724867725
0.27301587301587305
0.27354497354497354
0.2740740740740741
0.27460317460317457
0.30740740740740746
0.30793650793650795
0.3084656084656085
0.30899470899470904
0.30952380952380953
0.3100529100529101
0.31058201058201057
0.3111111111111111
0.31164021164021166
0.31216931216931215
0.3126984126984127
0.31322751322751324
0.3137566137566138
0.31428571428571433
0.3148148148148149
0.31534391534391537
0.3158730158730159
0.3164021164021164
0.31693121693121695
0.3174603174603175
0.317989417989418
0.31851851851851853
0.3190476190476191
0.31957671957671957
0.3201058201058201
0.3206349206349206
0.32116402116402115
0.32169312169312175
0.32222222222222224
0.3227513227513228
0.32328042328042333
0.32433862433862437
0.3248677248677249
0.3253968253968254
0.32592592592592595
0.32645502645502644
0.326984126984127
0.32751322751322753
0.328042328042328
0.32857142857142857
0.32910052910052917
0.32962962962962966
0.3301587301587302
0.33068783068783075
0.33121693121693124
0.3317460317460318
0.3322751322751323
0.3328042328042328
0.33333333333333337
0.33386243386243386
0.3343915343915344
0.33492063492063495
0.33544973544973544
0.335978835978836
0.3365079365079365
0.3370370370370371
0.3375661375661376
0.3380952380952381
0.33862433862433866
0.3391534391534392
0.3396825396825397
0.34021164021164024
0.3407407407407408
0.3412698412698413
0.3417989417989418
0.3423280423280423
0.34285714285714286
0.3433862433862434
0.3439153439153439
0.3444444444444445
0.34497354497354504
0.34550264550264553
0.3460317460317461
0.3465608465608466
0.3470899470899471
0.34761904761904766
0.34814814814814815
0.3486772486772487
0.34920634920634924
0.34973544973544973
0.3777777777777778
0.37830687830687837
0.37883597883597886
0.3793650793650794
0.3798941798941799
0.38042328042328044
0.380952380952381
0.3814814814814815
0.382010582010582
0.38253968253968257
0.38306878306878306
0.38359788359788366
0.38412698412698415
0.3846560846560847
0.38518518518518524
0.38571428571428573
0.3862433862433863
0.4931216931216932
0.4936507936507937
0.4941798941798942
0.49470899470899476
0.49523809523809526
0.5634920634920635
0.564021164021164
0.6211640211640211
0.6216931216931217
0.6222222222222222
0.6227513227513227
0.6232804232804233
0.6238095238095238
0.6243386243386243
0.6248677248677249
0.6253968253968254
0.6259259259259259
0.6264550264550265
0.6269841269841271
0.6275132275132276
0.6280423280423282
0.6285714285714287
0.6291005291005292
0.6296296296296298
0.6301587301587303
0.6306878306878307
0.6312169312169313
0.6317460317460318
0.6322751322751323
0.6936507936507937
0.6941798941798942
0.6947089947089947
0.6952380952380953
0.6957671957671958
0.6962962962962963
0.6968253968253969
0.6973544973544974
0.6978835978835979
0.6984126984126985
0.698941798941799
0.6994708994708995
0.7000000000000001
0.7005291005291006
0.701058201058201
0.7015873015873016
0.7021164021164021
0.7026455026455026
0.7031746031746031
0.7037037037037037
0.7042328042328042
0.7047619047619049
0.7052910052910054
0.7624338624338625
0.762962962962963
0.7634920634920636
0.764021164021164
0.7645502645502645
0.7650793650793651
0.7656084656084656
0.7661375661375661
0.7666666666666668
0.7671957671957673
0.7677248677248678
0.7682539682539683
0.7687830687830689
0.7693121693121694
0.7698412698412699
0.7703703703703705
0.770899470899471
0.7714285714285715
0.7719576719576721
0.7724867724867726
0.773015873015873
0.7735449735449736
0.7740740740740741
0.7746031746031746
0.7751322751322752
0.7756613756613757
0.7761904761904762
0.7767195767195768
0.8222222222222223
0.8227513227513228
0.8232804232804233
0.8238095238095239
0.8243386243386244
0.8248677248677249
0.8253968253968255
0.825925925925926
0.8264550264550264
0.826984126984127
0.8275132275132275
0.828042328042328
0.8285714285714287
0.8291005291005292
0.8296296296296297
0.8301587301587303
0.8306878306878308
0.8312169312169313
0.8317460317460318
0.8322751322751324
0.8328042328042329
0.8333333333333334
0.833862433862434
0.8343915343915345
0.834920634920635
0.8354497354497356
0.835978835978836
0.8365079365079365
0.8370370370370371
0.8375661375661376
0.8380952380952381
0.8386243386243387
0.8391534391534392
0.8396825396825397
0.8423280423280424
0.8428571428571429
0.8439153439153441
0.8444444444444446
0.8777777777777779
0.8783068783068784
0.878835978835979
0.8793650793650795
0.87989417989418
0.8804232804232806
0.880952380952381
0.8814814814814815
0.882010582010582
0.8825396825396826
0.8830687830687831
0.8835978835978836
0.8841269841269842
0.8846560846560847
0.8851851851851852
0.8857142857142858
0.8862433862433863
0.8867724867724868
0.8873015873015874
0.8878306878306879
0.8883597883597883
0.888888888888889
0.8894179894179894
0.8899470899470899
0.8904761904761906
0.8910052910052911
0.8915343915343916
0.8920634920634922
0.8925925925925927
0.8931216931216932
0.8936507936507937
0.8941798941798943
0.8947089947089948
0.8952380952380953
0.8957671957671959
0.8962962962962964
0.8968253968253969
0.8973544973544975
0.897883597883598
0.8984126984126984
0.898941798941799
0.8994708994708995
0.9
0.9005291005291006
0.9010582010582011
0.9015873015873016
0.9021164021164021
0.9026455026455027
0.9031746031746032
0.0047619047619047615
0.023280423280423283
0.03015873015873016
0.03597883597883598
0.03650793650793651
0.037037037037037035
0.03756613756613757
0.03809523809523809
0.03862433862433863
0.039153439153439155
0.03968253968253969
0.04867724867724868
0.04920634920634921
0.04973544973544974
0.05026455026455027
0.050793650793650794
0.051322751322751325
0.05185185185185186
0.05238095238095238
0.052910052910052914
0.05343915343915344
0.05396825396825397
0.06084656084656085
0.061375661375661375
0.06190476190476191
0.06243386243386244
0.06296296296296297
0.0634920634920635
0.06402116402116402
0.06455026455026455
0.06507936507936508
0.06560846560846562
0.06613756613756613
0.06666666666666667
0.0671957671957672
0.06772486772486773
0.06825396825396826
0.0687830687830688
0.06931216931216932
0.06984126984126984
0.07037037037037037
0.0708994708994709
0.07142857142857144
0.08412698412698412
0.0851851851851852
0.08571428571428572
0.08624338624338626
0.08677248677248678
0.08730158730158731
0.08783068783068783
0.08835978835978837
0.08888888888888889
0.09206349206349208
0.09312169312169313
0.09365079365079365
0.1
0.10052910052910054
0.10105820105820106
0.10158730158730159
0.10476190476190476
0.1052910052910053
0.10582010582010583
0.11111111111111112
0.11587301587301588
0.11640211640211641
0.11693121693121693
0.12962962962962965
0.13015873015873017
0.13703703703703704
0.1375661375661376
0.1380952380952381
0.13862433862433865
0.13915343915343917
0.13968253968253969
0.1402116402116402
0.14074074074074075
0.1412698412698413
0.1417989417989418
0.14232804232804233
0.14285714285714288
0.1433862433862434
0.1439153439153439
0.14444444444444446
0.14497354497354498
0.1835978835978836
0.18412698412698417
0.18465608465608468
0.18624338624338627
0.18677248677248678
0.1873015873015873
0.18783068783068785
0.1883597883597884
0.1888888888888889
0.18941798941798943
0.18994708994708995
0.1904761904761905
0.191005291005291
0.19153439153439153
0.19206349206349208
0.19259259259259262
0.19312169312169314
0.19365079365079366
0.1941798941798942
0.19470899470899472
0.19523809523809524
0.19576719576719578
0.19629629629629633
0.19682539682539685
0.19735449735449737
0.19788359788359788
0.19841269841269843
0.19894179894179895
0.1994708994708995
0.2
0.20052910052910056
0.20105820105820107
0.2015873015873016
0.2021164021164021
0.20264550264550266
0.20317460317460317
0.20370370370370372
0.20423280423280427
0.20476190476190478
0.2052910052910053
0.20582010582010582
0.20634920634920637
0.20687830687830688
0.20740740740740743
0.20793650793650795
0.2084656084656085
0.208994708994709
0.20952380952380953
0.21005291005291005
0.2105820105820106
0.21111111111111114
0.21164021164021166
0.2121693121693122
0.21269841269841272
0.21322751322751324
0.21375661375661376
0.2142857142857143
0.21481481481481485
0.21534391534391537
0.21587301587301588
0.21640211640211643
0.21693121693121695
0.21746031746031746
0.21798941798941798
0.21851851851851853
0.21904761904761907
0.2195767195767196
0.22010582010582014
0.22063492063492066
0.22116402116402117
0.2216931216931217
0.22222222222222224
0.22275132275132278
0.2232804232804233
0.22380952380952382
0.23121693121693124
0.23174603174603176
0.23492063492063495
0.2433862433862434
0.24391534391534392
0.24444444444444446
0.24497354497354498
0.2455026455026455
0.24603174603174607
0.2465608465608466
0.2470899470899471
0.24761904761904763
0.24814814814814817
0.2486772486772487
0.2492063492063492
0.24973544973544975
0.2502645502645503
0.2507936507936508
0.25132275132275134
0.2518518518518519
0.2523809523809524
0.2529100529100529
0.25343915343915346
0.253968253968254
0.2544973544973545
0.25502645502645505
0.2555555555555556
0.2560846560846561
0.2566137566137566
0.2571428571428572
0.2576719576719577
0.2582010582010582
0.25873015873015875
0.2592592592592593
0.2597883597883598
0.26031746031746034
0.2608465608465608
0.26137566137566143
0.2619047619047619
0.26243386243386246
0.262962962962963
0.2634920634920635
0.26402116402116405
0.26455026455026454
0.2650793650793651
0.2656084656084656
0.2661375661375662
0.26666666666666666
0.2671957671957672
0.26772486772486775
0.26825396825396824
0.2687830687830688
0.26931216931216934
0.2698412698412699
0.27037037037037037
0.2708994708994709
0.27195767195767195
0.2724867724867725
0.27301587301587305
0.27354497354497354
0.2740740740740741
0.27460317460317457
0.2751322751322752
0.2756613756613757
0.2761904761904762
0.28465608465608466
0.3068783068783069
0.30740740740740746
0.30793650793650795
0.3084656084656085
0.30899470899470904
0.30952380952380953
0.31216931216931215
0.3126984126984127
0.31322751322751324
0.3137566137566138
0.31428571428571433
0.3148148148148149
0.31534391534391537
0.3158730158730159
0.3164021164021164
0.31693121693121695
0.3174603174603175
0.317989417989418
0.31851851851851853
0.3190476190476191
0.31957671957671957
0.3201058201058201
0.3206349206349206
0.32116402116402115
0.32169312169312175
0.32222222222222224
0.3227513227513228
0.32328042328042333
0.3238095238095238
0.32433862433862437
0.3248677248677249
0.3253968253968254
0.32592592592592595
0.32645502645502644
0.326984126984127
0.32751322751322753
0.328042328042328
0.32857142857142857
0.32910052910052917
0.32962962962962966
0.3301587301587302
0.33068783068783075
0.33121693121693124
0.3317460317460318
0.3322751322751323
0.3328042328042328
0.33333333333333337
0.33386243386243386
0.3343915343915344
0.33492063492063495
0.33544973544973544
0.335978835978836
0.3365079365079365
0.3370370370370371
0.3375661375661376
0.3380952380952381
0.33862433862433866
0.3391534391534392
0.3396825396825397
0.34021164021164024
0.3407407407407408
0.3412698412698413
0.3417989417989418
0.3423280423280423
0.34285714285714286
0.3433862433862434
0.3439153439153439
0.3444444444444445
0.34497354497354504
0.34550264550264553
0.3460317460317461
0.3465608465608466
0.3470899470899471
0.34761904761904766
0.34814814814814815
0.3486772486772487
0.34920634920634924
0.34973544973544973
0.3502645502645503
0.3507936507936508
0.3513227513227513
0.35185185185185186
0.35238095238095246
0.35291005291005295
0.3534391534391535
0.353968253968254
0.35449735449735453
0.3978835978835979
0.39841269841269844
0.398941798941799
0.39947089947089953
0.4
0.40052910052910057
0.4010582010582011
0.4015873015873016
0.40211640211640215
0.4026455026455027
0.4031746031746032
0.40370370370370373
0.4042328042328042
0.40476190476190477
0.4052910052910053
0.4058201058201058
0.40634920634920635
0.40687830687830695
0.40740740740740744
0.407936507936508
0.40846560846560853
0.408994708994709
0.40952380952380957
0.41005291005291006
0.4105820105820106
0.41111111111111115
0.41164021164021164
0.4121693121693122
0.44497354497354497
0.44550264550264557
0.4460317460317461
0.4465608465608466
0.44708994708994715
0.44761904761904764
0.4481481481481482
0.44867724867724873
0.4492063492063492
0.44973544973544977
0.4502645502645503
0.4507936507936508
0.45132275132275135
0.45185185185185184
0.4523809523809524
0.452910052910053
0.4534391534391535
0.4740740740740741
0.47460317460317464
0.47513227513227513
0.4756613756613757
0.4761904761904763
0.47671957671957677
0.4841269841269842
0.48465608465608473
0.4851851851851852
0.48571428571428577
0.4862433862433863
0.4867724867724868
0.48730158730158735
0.48783068783068784
0.4883597883597884
0.48888888888888893
0.4894179894179894
0.48994708994708996
0.4904761904761905
0.491005291005291
0.4915343915343916
0.49206349206349215
0.49259259259259264
0.4931216931216932
0.4936507936507937
0.4941798941798942
0.49470899470899476
0.5280423280423281
0.5285714285714286
0.5592592592592592
0.5597883597883598
0.5603174603174603
0.5608465608465608
0.5613756613756614
0.5619047619047619
0.562962962962963
0.5634920634920635
0.564021164021164
0.6873015873015873
0.688888888888889
0.6894179894179895
0.6899470899470901
0.6904761904761906
0.6910052910052911
0.6915343915343917
0.6920634920634922
0.6925925925925926
0.6931216931216932
0.6936507936507937
0.6941798941798942
0.6947089947089947
0.6952380952380953
0.6957671957671958
0.6962962962962963
0.6968253968253969
0.6973544973544974
0.6978835978835979
0.6984126984126985
0.698941798941799
0.6994708994708995
0.7000000000000001
0.7005291005291006
0.701058201058201
0.7015873015873016
0.7021164021164021
0.7026455026455026
0.7031746031746031
0.7037037037037037
0.7042328042328042
0.7047619047619049
0.752910052910053
0.7534391534391536
0.7539682539682541
0.7544973544973546
0.7550264550264552
0.7555555555555556
0.7560846560846561
0.7571428571428572
0.7576719576719577
0.7693121693121694
0.7698412698412699
0.7703703703703705
0.770899470899471
0.7714285714285715
0.7719576719576721
0.7724867724867726
0.773015873015873
0.7735449735449736
0.7740740740740741
0.7746031746031746
0.7751322751322752
0.7756613756613757
0.7761904761904762
0.7767195767195768
0.7772486772486773
0.7777777777777778
0.7783068783068783
0.7788359788359789
0.7793650793650794
0.7798941798941799
0.7804232804232805
0.780952380952381
0.7814814814814814
0.7820105820105822
0.7825396825396826
0.7830687830687831
0.7835978835978837
0.7841269841269842
0.7846560846560847
0.7941798941798942
0.7947089947089947
0.7952380952380953
0.7957671957671958
0.7962962962962963
0.7968253968253969
0.7973544973544975
0.797883597883598
0.7984126984126986
0.7989417989417991
0.7994708994708996
0.808994708994709
0.8095238095238095
0.81005291005291
0.8105820105820106
0.8111111111111111
0.8116402116402116
0.8121693121693122
0.8126984126984127
0.8132275132275133
0.8137566137566139
0.8142857142857144
0.8206349206349207
0.8211640211640212
0.8216931216931217
0.8222222222222223
0.8227513227513228
0.8232804232804233
0.8238095238095239
0.8243386243386244
0.8248677248677249
0.8253968253968255
0.825925925925926
0.8264550264550264
0.826984126984127
0.8275132275132275
0.828042328042328
0.8285714285714287
0.8291005291005292
0.8296296296296297
0.8301587301587303
0.8306878306878308
0.8312169312169313
0.8317460317460318
0.8322751322751324
0.8328042328042329
0.8333333333333334
0.833862433862434
0.8343915343915345
0.834920634920635
0.8354497354497356
0.835978835978836
0.8365079365079365
0.8370370370370371
0.8375661375661376
0.8380952380952381
0.8386243386243387
0.8391534391534392
0.8396825396825397
0.8402116402116402
0.8407407407407408
0.8428571428571429
0.8433862433862434
0.8439153439153441
0.8444444444444446
0.844973544973545
0.8455026455026456
0.8460317460317461
0.8465608465608466
0.8470899470899472
0.8476190476190477
0.8481481481481482
0.8486772486772488
0.8492063492063493
0.8497354497354498
0.8502645502645504
0.8518518518518519
0.8523809523809525
0.852910052910053
0.8534391534391534
0.853968253968254
0.8544973544973545
0.855026455026455
0.8555555555555556
0.8560846560846561
0.8566137566137566
0.8571428571428572
0.8576719576719577
0.8582010582010582
0.8587301587301588
0.8592592592592594
0.8597883597883599
0.8603174603174605
0.860846560846561
0.8613756613756615
0.861904761904762
0.8624338624338626
0.862962962962963
0.8634920634920635
0.8873015873015874
0.8910052910052911
0.8915343915343916
0.8920634920634922
0.8925925925925927
0.8931216931216932
0.8936507936507937
0.8941798941798943
0.8947089947089948
0.8952380952380953
0.8973544973544975
0.897883597883598
0.8984126984126984
0.898941798941799
0.8994708994708995
0.9
0.9005291005291006
0.9010582010582011
0.9015873015873016
0.9021164021164021
0.9026455026455027
0.9031746031746032
0.9037037037037037
0.9042328042328043
0.9047619047619048
0.9052910052910053
0.905820105820106
0.9063492063492065
0.906878306878307
0.9074074074074076
0.907936507936508
0.9084656084656085
0.9089947089947091
0.9095238095238096
0.9100529100529101
0.9105820105820107
0.9111111111111112
0.9185185185185185
0.9190476190476191
0.9195767195767196
0.9201058201058201
0.9206349206349207
0.9211640211640213
0.9216931216931218
0.9222222222222224
0.9227513227513229
0.9232804232804234
0.923809523809524
0.9243386243386245
0.924867724867725
0.9253968253968254
0.925925925925926
0.9264550264550265
0.926984126984127
0.982010582010582
0.9825396825396826
0.9830687830687832
0.9835978835978837
0.9841269841269843
0.015873015873015876
0.019047619047619046
0.02275132275132275
0.02380952380952381
0.02433862433862434
0.02486772486772487
0.025396825396825397
0.02592592592592593
0.026455026455026457
0.026984126984126985
0.03174603174603175
0.032275132275132276
0.03280423280423281
0.03333333333333333
0.0343915343915344
0.03492063492063492
0.03544973544973545
0.03597883597883598
0.03650793650793651
0.037037037037037035
0.040740740740740744
0.041269841269841276
0.0417989417989418
0.04232804232804233
0.04285714285714286
0.04338624338624339
0.043915343915343914
0.044444444444444446
0.04497354497354497
0.04920634920634921
0.04973544973544974
0.05026455026455027
0.05185185185185186
0.055026455026455035
0.05555555555555556
0.05608465608465609
0.05661375661375662
0.05714285714285715
0.05767195767195768
0.058201058201058205
0.05873015873015874
0.05925925925925926
0.05978835978835979
0.06031746031746032
0.06084656084656085
0.061375661375661375
0.06190476190476191
0.06243386243386244
0.06296296296296297
0.0634920634920635
0.06402116402116402
0.06455026455026455
0.06507936507936508
0.06560846560846562
0.06613756613756613
0.06666666666666667
0.0671957671957672
0.06772486772486773
0.06825396825396826
0.0687830687830688
0.06931216931216932
0.06984126984126984
0.07037037037037037
0.0708994708994709
0.07142857142857144
0.07195767195767196
0.07248677248677249
0.07301587301587302
0.07354497354497355
0.07407407407407407
0.07460317460317462
0.07513227513227513
0.07566137566137567
0.08095238095238096
0.08677248677248678
0.08730158730158731
0.08994708994708994
0.09047619047619049
0.091005291005291
0.09153439153439154
0.09206349206349208
0.0925925925925926
0.09312169312169313
0.09365079365079365
0.0941798941798942
0.09470899470899471
0.09523809523809525
0.09576719576719576
0.09629629629629631
0.09682539682539683
0.09735449735449736
0.09788359788359789
0.09841269841269842
0.09894179894179894
0.09947089947089947
0.1
0.10052910052910054
0.10105820105820106
0.10158730158730159
0.10211640211640213
0.10264550264550265
0.10317460317460318
0.10370370370370371
0.10423280423280425
0.11746031746031747
0.1285714285714286
0.1291005291005291
0.12962962962962965
0.13015873015873017
0.13068783068783071
0.13227513227513227
0.1328042328042328
0.13333333333333333
0.13386243386243388
0.1343915343915344
0.13492063492063494
0.13544973544973546
0.13597883597883598
0.13650793650793652
0.13703703703703704
0.1375661375661376
0.1380952380952381
0.13862433862433865
0.13915343915343917
0.13968253968253969
0.1402116402116402
0.14074074074074075
0.1412698412698413
0.1417989417989418
0.14232804232804233
0.14285714285714288
0.1433862433862434
0.1439153439153439
0.14444444444444446
0.14497354497354498
0.14550264550264552
0.15661375661375662
0.15714285714285717
0.15767195767195769
0.1582010582010582
0.15873015873015875
0.15925925925925927
0.15978835978835979
0.1603174603174603
0.16084656084656088
0.1613756613756614
0.1619047619047619
0.16243386243386246
0.16296296296296298
0.1634920634920635
0.18571428571428572
0.18624338624338627
0.18677248677248678
0.1873015873015873
0.18783068783068785
0.1883597883597884
0.1888888888888889
0.18941798941798943
0.18994708994708995
0.1904761904761905
0.191005291005291
0.19153439153439153
0.19206349206349208
0.19259259259259262
0.19312169312169314
0.19365079365079366
0.1941798941798942
0.19470899470899472
0.19523809523809524
0.19576719576719578
0.19629629629629633
0.19682539682539685
0.19735449735449737
0.19788359788359788
0.19841269841269843
0.19894179894179895
0.1994708994708995
0.2
0.20052910052910056
0.20105820105820107
0.2015873015873016
0.2021164021164021
0.20264550264550266
0.20317460317460317
0.20370370370370372
0.20423280423280427
0.20476190476190478
0.2052910052910053
0.20582010582010582
0.20634920634920637
0.20687830687830688
0.20740740740740743
0.20793650793650795
0.2084656084656085
0.208994708994709
0.20952380952380953
0.21005291005291005
0.2105820105820106
0.21111111111111114
0.21164021164021166
0.2121693121693122
0.21269841269841272
0.21322751322751324
0.21375661375661376
0.2142857142857143
0.21481481481481485
0.21534391534391537
0.21587301587301588
0.21640211640211643
0.21693121693121695
0.21746031746031746
0.21798941798941798
0.21851851851851853
0.21904761904761907
0.2195767195767196
0.22010582010582014
0.22063492063492066
0.22116402116402117
0.2216931216931217
0.22222222222222224
0.22275132275132278
0.2232804232804233
0.22380952380952382
0.22433862433862437
0.22486772486772488
0.2253968253968254
0.22592592592592592
0.2264550264550265
0.226984126984127
0.22751322751322753
0.24497354497354498
0.2455026455026455
0.24603174603174607
0.2465608465608466
0.2470899470899471
0.24761904761904763
0.24814814814814817
0.2486772486772487
0.2492063492063492
0.24973544973544975
0.2502645502645503
0.2507936507936508
0.25132275132275134
0.2518518518518519
0.2523809523809524
0.2529100529100529
0.25343915343915346
0.253968253968254
0.2544973544973545
0.25502645502645505
0.2555555555555556
0.2560846560846561
0.2566137566137566
0.2571428571428572
0.2576719576719577
0.2582010582010582
0.25873015873015875
0.2592592592592593
0.2597883597883598
0.26031746031746034
0.2608465608465608
0.26137566137566143
0.2619047619047619
0.26243386243386246
0.262962962962963
0.2634920634920635
0.26402116402116405
0.26455026455026454
0.2650793650793651
0.2656084656084656
0.2661375661375662
0.26666666666666666
0.2671957671957672
0.26772486772486775
0.26825396825396824
0.2687830687830688
0.26931216931216934
0.2698412698412699
0.27037037037037037
0.2708994708994709
0.27142857142857146
0.2740740740740741
0.27460317460317457
0.2751322751322752
0.28571428571428575
0.28624338624338624
0.2867724867724868
0.28730158730158734
0.2878306878306878
0.28835978835978837
0.2888888888888889
0.2894179894179894
0.28994708994708995
0.2904761904761905
0.29100529100529104
0.2915343915343916
0.2920634920634921
0.3084656084656085
0.30899470899470904
0.30952380952380953
0.3100529100529101
0.31058201058201057
0.3111111111111111
0.31164021164021166
0.31216931216931215
0.3126984126984127
0.31322751322751324
0.3137566137566138
0.31428571428571433
0.3148148148148149
0.31534391534391537
0.3158730158730159
0.3164021164021164
0.31693121693121695
0.3174603174603175
0.317989417989418
0.31851851851851853
0.3190476190476191
0.31957671957671957
0.3201058201058201
0.3206349206349206
0.32116402116402115
0.32169312169312175
0.32222222222222224
0.3227513227513228
0.32328042328042333
0.3238095238095238
0.32433862433862437
0.3248677248677249
0.3253968253968254
0.32592592592592595
0.32645502645502644
0.326984126984127
0.32751322751322753
0.328042328042328
0.32857142857142857
0.32910052910052917
0.32962962962962966
0.3301587301587302
0.33068783068783075
0.33121693121693124
0.3317460317460318
0.3322751322751323
0.3328042328042328
0.33333333333333337
0.33386243386243386
0.3343915343915344
0.33492063492063495
0.33544973544973544
0.335978835978836
0.3365079365079365
0.3370370370370371
0.3375661375661376
0.3380952380952381
0.33862433862433866
0.3391534391534392
0.3396825396825397
0.34021164021164024
0.3407407407407408
0.3412698412698413
0.3417989417989418
0.3423280423280423
0.34285714285714286
0.3433862433862434
0.3439153439153439
0.3444444444444445
0.34497354497354504
0.34550264550264553
0.3460317460317461
0.3465608465608466
0.3470899470899471
0.34761904761904766
0.34814814814814815
0.3486772486772487
0.34920634920634924
0.34973544973544973
0.3502645502645503
0.3507936507936508
0.3513227513227513
0.35185185185185186
0.35238095238095246
0.35291005291005295
0.3534391534391535
0.353968253968254
0.35449735449735453
0.3550264550264551
0.37354497354497357
0.3941798941798942
0.39470899470899473
0.3952380952380953
0.39576719576719577
0.3962962962962963
0.4042328042328042
0.40476190476190477
0.4052910052910053
0.4058201058201058
0.40634920634920635
0.40687830687830695
0.40740740740740744
0.407936507936508
0.40846560846560853
0.408994708994709
0.40952380952380957
0.41005291005291006
0.4105820105820106
0.41111111111111115
0.41164021164021164
0.4121693121693122
0.41375661375661377
0.44973544973544977
0.45502645502645506
0.4555555555555556
0.45608465608465615
0.45661375661375664
0.4571428571428572
0.4576719576719577
0.4582010582010582
0.45873015873015877
0.45925925925925926
0.4597883597883598
0.46031746031746035
0.4608465608465609
0.46137566137566144
0.461904761904762
0.4624338624338625
0.47460317460317464
0.47513227513227513
0.4756613756613757
0.4761904761904763
0.47671957671957677
0.4772486772486773
0.4777777777777778
0.47830687830687835
0.4788359788359789
0.4793650793650794
0.47989417989417993
0.4804232804232805
0.48095238095238096
0.4814814814814815
0.48201058201058206
0.48253968253968255
0.4830687830687831
0.4835978835978836
0.4841269841269842
0.48465608465608473
0.4851851851851852
0.48571428571428577
0.4862433862433863
0.4867724867724868
0.48730158730158735
0.48783068783068784
0.4883597883597884
0.48888888888888893
0.4894179894179894
0.48994708994708996
0.4904761904761905
0.491005291005291
0.4915343915343916
0.49206349206349215
0.49259259259259264
0.4931216931216932
0.6878306878306878
0.6883597883597884
0.688888888888889
0.6894179894179895
0.6899470899470901
0.6904761904761906
0.6910052910052911
0.6915343915343917
0.6920634920634922
0.6925925925925926
0.6931216931216932
0.6936507936507937
0.6941798941798942
0.6947089947089947
0.6952380952380953
0.6957671957671958
0.6962962962962963
0.6978835978835979
0.6984126984126985
0.698941798941799
0.6994708994708995
0.7000000000000001
0.7005291005291006
0.701058201058201
0.7015873015873016
0.7021164021164021
0.7026455026455026
0.7031746031746031
0.7037037037037037
0.7042328042328042
0.7047619047619049
0.7052910052910054
0.7058201058201059
0.707936507936508
0.7084656084656086
0.7089947089947091
0.7095238095238096
0.7100529100529102
0.7105820105820106
0.7111111111111111
0.7116402116402117
0.7121693121693122
0.7126984126984127
0.7132275132275133
0.7137566137566138
0.7142857142857143
0.7148148148148148
0.7153439153439154
0.7158730158730159
0.7164021164021164
0.716931216931217
0.7174603174603175
0.717989417989418
0.7185185185185186
0.719047619047619
0.7195767195767195
0.7201058201058202
0.7206349206349207
0.7211640211640212
0.7216931216931218
0.7687830687830689
0.7693121693121694
0.7698412698412699
0.7703703703703705
0.770899470899471
0.7714285714285715
0.7719576719576721
0.7724867724867726
0.773015873015873
0.7735449735449736
0.7740740740740741
0.7746031746031746
0.7751322751322752
0.7756613756613757
0.7761904761904762
0.7767195767195768
0.7772486772486773
0.7777777777777778
0.7783068783068783
0.7788359788359789
0.7793650793650794
0.7798941798941799
0.7804232804232805
0.780952380952381
0.7814814814814814
0.7820105820105822
0.7825396825396826
0.7830687830687831
0.7835978835978837
0.7841269841269842
0.7846560846560847
0.7851851851851853
0.7857142857142858
0.7862433862433863
0.7867724867724869
0.7873015873015874
0.7878306878306879
0.7883597883597884
0.788888888888889
0.7894179894179895
0.78994708994709
0.7904761904761906
0.791005291005291
0.7915343915343915
0.7920634920634921
0.7925925925925926
0.7931216931216931
0.7936507936507937
0.7941798941798942
0.7947089947089947
0.7952380952380953
0.7957671957671958
0.7962962962962963
0.7968253968253969
0.7973544973544975
0.797883597883598
0.7984126984126986
0.7989417989417991
0.7994708994708996
0.8
0.8005291005291006
0.8010582010582011
0.8015873015873016
0.8021164021164022
0.8026455026455027
0.8031746031746032
0.8037037037037038
0.8042328042328043
0.8047619047619048
0.8052910052910054
0.8058201058201059
0.8063492063492064
0.806878306878307
0.8074074074074075
0.807936507936508
0.8084656084656084
0.808994708994709
0.8095238095238095
0.81005291005291
0.8105820105820106
0.8111111111111111
0.8116402116402116
0.8121693121693122
0.8126984126984127
0.8132275132275133
0.8137566137566139
0.8142857142857144
0.8148148148148149
0.8153439153439155
0.815873015873016
0.8164021164021165
0.8169312169312171
0.8174603174603176
0.817989417989418
0.8185185185185186
0.8190476190476191
0.8195767195767196
0.8201058201058201
0.8206349206349207
0.8211640211640212
0.8216931216931217
0.8222222222222223
0.8227513227513228
0.8232804232804233
0.8238095238095239
0.8243386243386244
0.8248677248677249
0.8253968253968255
0.825925925925926
0.8264550264550264
0.826984126984127
0.8275132275132275
0.828042328042328
0.8333333333333334
0.833862433862434
0.8343915343915345
0.834920634920635
0.8354497354497356
0.8444444444444446
0.844973544973545
0.8455026455026456
0.8460317460317461
0.8465608465608466
0.8470899470899472
0.8476190476190477
0.8481481481481482
0.8486772486772488
0.8492063492063493
0.8497354497354498
0.8502645502645504
0.8507936507936509
0.8513227513227514
0.8518518518518519
0.8523809523809525
0.852910052910053
0.8534391534391534
0.853968253968254
0.8544973544973545
0.855026455026455
0.8555555555555556
0.8560846560846561
0.8566137566137566
0.8571428571428572
0.8576719576719577
0.8582010582010582
0.8587301587301588
0.8592592592592594
0.8656084656084657
0.8661375661375662
0.8666666666666667
0.8671957671957673
0.8677248677248678
0.8682539682539683
0.8687830687830689
0.8693121693121694
0.8698412698412699
0.8703703703703705
0.870899470899471
0.8714285714285714
0.8719576719576719
0.8724867724867725
0.873015873015873
0.8735449735449735
0.8740740740740741
0.8746031746031746
0.8751322751322752
0.8756613756613758
0.8761904761904763
0.9031746031746032
0.9037037037037037
0.9042328042328043
0.9047619047619048
0.9052910052910053
0.905820105820106
0.9105820105820107
0.9111111111111112
0.9116402116402117
0.9121693121693123
0.9126984126984128
0.9132275132275133
0.9301587301587302
0.9306878306878308
0.9312169312169313
0.9317460317460318
0.9322751322751324
0.9661375661375662
0.9666666666666667
0.9671957671957672
0.9677248677248679
0.980952380952381
0.9814814814814815
0.982010582010582
0.9825396825396826
0.9830687830687832
0.9835978835978837
0.9841269841269843
0.02010582010582011
0.020634920634920638
0.023280423280423283
0.02380952380952381
0.02433862433862434
0.025396825396825397
0.02592592592592593
0.026455026455026457
0.026984126984126985
0.027513227513227517
0.028042328042328046
0.028571428571428574
0.029100529100529102
0.02962962962962963
0.03015873015873016
0.030687830687830688
0.03121693121693122
0.03174603174603175
0.03544973544973545
0.03597883597883598
0.037037037037037035
0.03756613756613757
0.03809523809523809
0.039153439153439155
0.03968253968253969
0.04021164021164022
0.040740740740740744
0.041269841269841276
0.04285714285714286
0.05555555555555556
0.05608465608465609
0.05661375661375662
0.05714285714285715
0.05767195767195768
0.058201058201058205
0.05873015873015874
0.05925925925925926
0.05978835978835979
0.06031746031746032
0.06084656084656085
0.061375661375661375
0.06190476190476191
0.06243386243386244
0.06296296296296297
0.0634920634920635
0.06402116402116402
0.06455026455026455
0.06507936507936508
0.06560846560846562
0.06613756613756613
0.06666666666666667
0.0671957671957672
0.06772486772486773
0.06825396825396826
0.0687830687830688
0.06931216931216932
0.07142857142857144
0.07195767195767196
0.07248677248677249
0.07301587301587302
0.07354497354497355
0.07407407407407407
0.07777777777777778
0.08306878306878307
0.0835978835978836
0.0851851851851852
0.08571428571428572
0.08624338624338626
0.08677248677248678
0.08730158730158731
0.08783068783068783
0.08835978835978837
0.08888888888888889
0.09788359788359789
0.12751322751322752
0.12804232804232804
0.1285714285714286
0.14497354497354498
0.17936507936507937
0.17989417989417988
0.18042328042328046
0.1888888888888889
0.18941798941798943
0.18994708994708995
0.1904761904761905
0.191005291005291
0.19153439153439153
0.19206349206349208
0.19259259259259262
0.19312169312169314
0.19365079365079366
0.1941798941798942
0.19470899470899472
0.19523809523809524
0.19576719576719578
0.19629629629629633
0.19682539682539685
0.19735449735449737
0.19788359788359788
0.19841269841269843
0.19894179894179895
0.1994708994708995
0.2
0.20052910052910056
0.20105820105820107
0.2015873015873016
0.2021164021164021
0.20264550264550266
0.20317460317460317
0.20370370370370372
0.20423280423280427
0.20476190476190478
0.2052910052910053
0.20582010582010582
0.20634920634920637
0.20687830687830688
0.20740740740740743
0.20793650793650795
0.2084656084656085
0.208994708994709
0.20952380952380953
0.21005291005291005
0.2105820105820106
0.21111111111111114
0.21164021164021166
0.2121693121693122
0.21269841269841272
0.21322751322751324
0.21375661375661376
0.2142857142857143
0.21481481481481485
0.21534391534391537
0.21587301587301588
0.21640211640211643
0.21693121693121695
0.21746031746031746
0.21798941798941798
0.21851851851851853
0.21904761904761907
0.2195767195767196
0.22010582010582014
0.22063492063492066
0.22116402116402117
0.2216931216931217
0.22222222222222224
0.22275132275132278
0.2232804232804233
0.22380952380952382
0.22433862433862437
0.22486772486772488
0.2253968253968254
0.22592592592592592
0.2264550264550265
0.226984126984127
0.22751322751322753
0.2285714285714286
0.23121693121693124
0.23174603174603176
0.2523809523809524
0.2529100529100529
0.25343915343915346
0.253968253968254
0.2544973544973545
0.25502645502645505
0.2555555555555556
0.2560846560846561
0.2566137566137566
0.2571428571428572
0.2576719576719577
0.2582010582010582
0.25873015873015875
0.2592592592592593
0.2597883597883598
0.26031746031746034
0.2608465608465608
0.26137566137566143
0.2619047619047619
0.26243386243386246
0.262962962962963
0.2634920634920635
0.26402116402116405
0.26455026455026454
0.2650793650793651
0.2656084656084656
0.2661375661375662
0.26666666666666666
0.2671957671957672
0.26772486772486775
0.26825396825396824
0.2687830687830688
0.26931216931216934
0.2698412698412699
0.27037037037037037
0.2708994708994709
0.27142857142857146
0.27195767195767195
0.2724867724867725
0.27301587301587305
0.27354497354497354
0.2740740740740741
0.27460317460317457
0.2751322751322752
0.2756613756613757
0.2761904761904762
0.27671957671957675
0.2777777777777778
0.3111111111111111
0.31164021164021166
0.31216931216931215
0.3126984126984127
0.31322751322751324
0.3137566137566138
0.31428571428571433
0.3148148148148149
0.31534391534391537
0.3158730158730159
0.3164021164021164
0.31693121693121695
0.3174603174603175
0.317989417989418
0.31851851851851853
0.3190476190476191
0.31957671957671957
0.3201058201058201
0.3206349206349206
0.32116402116402115
0.32169312169312175
0.32222222222222224
0.3227513227513228
0.32328042328042333
0.3238095238095238
0.32433862433862437
0.3248677248677249
0.3253968253968254
0.32592592592592595
0.32645502645502644
0.326984126984127
0.32751322751322753
0.328042328042328
0.32857142857142857
0.32910052910052917
0.32962962962962966
0.3301587301587302
0.33068783068783075
0.33121693121693124
0.3317460317460318
0.3322751322751323
0.3328042328042328
0.33333333333333337
0.33386243386243386
0.3343915343915344
0.33492063492063495
0.33544973544973544
0.335978835978836
0.3365079365079365
0.3370370370370371
0.3375661375661376
0.3380952380952381
0.33862433862433866
0.3391534391534392
0.3396825396825397
0.34021164021164024
0.3407407407407408
0.3412698412698413
0.3417989417989418
0.3423280423280423
0.34285714285714286
0.3433862433862434
0.3439153439153439
0.3444444444444445
0.34497354497354504
0.34550264550264553
0.3460317460317461
0.3465608465608466
0.3470899470899471
0.34761904761904766
0.34814814814814815
0.3486772486772487
0.34920634920634924
0.34973544973544973
0.3502645502645503
0.3507936507936508
0.3513227513227513
0.35185185185185186
0.35238095238095246
0.35291005291005295
0.3534391534391535
0.353968253968254
0.35449735449735453
0.3550264550264551
0.35555555555555557
0.3560846560846561
0.37354497354497357
0.37407407407407406
0.3746031746031746
0.37513227513227515
0.3756613756613757
0.408994708994709
0.40952380952380957
0.41005291005291006
0.4105820105820106
0.41111111111111115
0.41164021164021164
0.4121693121693122
0.41269841269841273
0.4132275132275132
0.41375661375661377
0.41428571428571437
0.41481481481481486
0.4153439153439154
0.4158730158730159
0.41640211640211644
0.416931216931217
0.4174603174603175
0.4608465608465609
0.46137566137566144
0.4624338624338625
0.4645502645502646
0.4650793650793651
0.46560846560846564
0.4661375661375662
0.4666666666666667
0.4677248677248677
0.46825396825396826
0.46878306878306886
0.46931216931216935
0.4698412698412699
0.4788359788359789
0.4793650793650794
0.47989417989417993
0.4804232804232805
0.48095238095238096
0.4814814814814815
0.48201058201058206
0.48253968253968255
0.4830687830687831
0.4835978835978836
0.4841269841269842
0.48465608465608473
0.4851851851851852
0.48571428571428577
0.4862433862433863
0.4867724867724868
0.48730158730158735
0.48783068783068784
0.4883597883597884
0.48888888888888893
0.4894179894179894
0.48994708994708996
0.4904761904761905
0.491005291005291
0.4915343915343916
0.49206349206349215
0.5624338624338624
0.562962962962963
0.5634920634920635
0.564021164021164
0.5645502645502646
0.5650793650793652
0.5656084656084657
0.5661375661375663
0.5708994708994709
0.5714285714285715
0.5724867724867725
0.5730158730158731
0.5735449735449736
0.5740740740740741
0.5746031746031747
0.5751322751322752
0.5756613756613757
0.5761904761904763
0.5767195767195767
0.5772486772486772
0.5777777777777778
0.5783068783068783
0.6201058201058202
0.6206349206349207
0.6211640211640211
0.6269841269841271
0.6275132275132276
0.6280423280423282
0.6285714285714287
0.6291005291005292
0.6296296296296298
0.6301587301587303
0.6312169312169313
0.6317460317460318
0.6322751322751323
0.6328042328042328
0.6333333333333334
0.6338624338624339
0.6343915343915344
0.634920634920635
0.6354497354497355
0.635978835978836
0.6365079365079366
0.6370370370370371
0.6375661375661376
0.6380952380952382
0.6386243386243386
0.6391534391534391
0.6396825396825397
0.6465608465608467
0.6470899470899472
0.6476190476190476
0.6481481481481483
0.6486772486772487
0.6783068783068784
0.6788359788359789
0.6793650793650794
0.67989417989418
0.6804232804232805
0.680952380952381
0.6814814814814816
0.6820105820105821
0.6825396825396826
0.683068783068783
0.6835978835978836
0.6841269841269841
0.6846560846560846
0.6851851851851852
0.6857142857142857
0.6862433862433862
0.6867724867724868
0.6873015873015873
0.6878306878306878
0.6883597883597884
0.688888888888889
0.6894179894179895
0.6899470899470901
0.6904761904761906
0.6910052910052911
0.6915343915343917
0.6920634920634922
0.6925925925925926
0.6931216931216932
0.6936507936507937
0.6941798941798942
0.6947089947089947
0.6952380952380953
0.6957671957671958
0.6962962962962963
0.6968253968253969
0.6973544973544974
0.6978835978835979
0.6984126984126985
0.698941798941799
0.6994708994708995
0.7000000000000001
0.7005291005291006
0.701058201058201
0.7015873015873016
0.7021164021164021
0.7026455026455026
0.7031746031746031
0.7037037037037037
0.7042328042328042
0.7047619047619049
0.7052910052910054
0.7058201058201059
0.7063492063492064
0.706878306878307
0.7074074074074075
0.707936507936508
0.7084656084656086
0.7121693121693122
0.7126984126984127
0.7132275132275133
0.7137566137566138
0.7142857142857143
0.7148148148148148
0.7153439153439154
0.7206349206349207
0.7211640211640212
0.7216931216931218
0.7222222222222223
0.7227513227513228
0.7232804232804234
0.7238095238095239
0.7243386243386244
0.724867724867725
0.7253968253968255
0.725925925925926
0.7264550264550265
0.7269841269841271
0.7275132275132276
0.728042328042328
0.7285714285714286
0.7291005291005291
0.7296296296296296
0.7301587301587302
0.7306878306878307
0.7312169312169312
0.7317460317460318
0.7322751322751323
0.7328042328042328
0.7333333333333334
0.7338624338624339
0.7365079365079367
0.7370370370370372
0.7375661375661376
0.7380952380952381
0.7386243386243387
0.7391534391534392
0.7396825396825397
0.7402116402116403
0.7407407407407408
0.7412698412698413
0.7417989417989419
0.7423280423280424
0.7428571428571429
0.7433862433862435
0.7645502645502645
0.7650793650793651
0.7656084656084656
0.7661375661375661
0.7666666666666668
0.7671957671957673
0.7677248677248678
0.7682539682539683
0.7687830687830689
0.7693121693121694
0.9365079365079365
0.9370370370370371
0.9375661375661377
0.9380952380952382
0.9386243386243387
0.9391534391534393
0.9793650793650794
0.9798941798941799
0.9804232804232804
0.980952380952381
0.02486772486772487
0.025396825396825397
0.02592592592592593
0.026455026455026457
0.026984126984126985
0.027513227513227517
0.02962962962962963
0.037037037037037035
0.03756613756613757
0.03809523809523809
0.03862433862433863
0.04920634920634921
0.04973544973544974
0.05026455026455027
0.050793650793650794
0.051322751322751325
0.05185185185185186
0.05238095238095238
0.052910052910052914
0.05343915343915344
0.05396825396825397
0.054497354497354496
0.055026455026455035
0.05555555555555556
0.05608465608465609
0.05661375661375662
0.05714285714285715
0.05767195767195768
0.058201058201058205
0.05873015873015874
0.05925925925925926
0.05978835978835979
0.06031746031746032
0.06084656084656085
0.061375661375661375
0.06190476190476191
0.06243386243386244
0.06296296296296297
0.0634920634920635
0.06402116402116402
0.06455026455026455
0.06507936507936508
0.06560846560846562
0.06613756613756613
0.06666666666666667
0.0671957671957672
0.06772486772486773
0.06825396825396826
0.0687830687830688
0.06931216931216932
0.06984126984126984
0.07037037037037037
0.0708994708994709
0.07142857142857144
0.07195767195767196
0.07248677248677249
0.07301587301587302
0.07354497354497355
0.07407407407407407
0.07460317460317462
0.07513227513227513
0.07566137566137567
0.07777777777777778
0.07830687830687831
0.07883597883597884
0.07936507936507937
0.07989417989417989
0.08042328042328044
0.08095238095238096
0.08148148148148149
0.082010582010582
0.08253968253968255
0.08306878306878307
0.0835978835978836
0.08412698412698412
0.08465608465608467
0.0851851851851852
0.08571428571428572
0.08624338624338626
0.08677248677248678
0.08730158730158731
0.08783068783068783
0.08835978835978837
0.08888888888888889
0.09047619047619049
0.091005291005291
0.09153439153439154
0.12010582010582012
0.12592592592592594
0.12645502645502646
0.126984126984127
0.12751322751322752
0.12804232804232804
0.1285714285714286
0.1291005291005291
0.12962962962962965
0.13015873015873017
0.13068783068783071
0.13121693121693123
0.13174603174603175
0.13227513227513227
0.1328042328042328
0.13333333333333333
0.13386243386243388
0.1343915343915344
0.13492063492063494
0.13544973544973546
0.13597883597883598
0.13650793650793652
0.13703703703703704
0.1375661375661376
0.1380952380952381
0.13862433862433865
0.13915343915343917
0.13968253968253969
0.1402116402116402
0.14074074074074075
0.1412698412698413
0.1417989417989418
0.14232804232804233
0.14285714285714288
0.1433862433862434
0.1439153439153439
0.14444444444444446
0.14497354497354498
0.14550264550264552
0.14603174603174604
0.14656084656084659
0.1470899470899471
0.18677248677248678
0.1873015873015873
0.18783068783068785
0.1883597883597884
0.1888888888888889
0.18941798941798943
0.18994708994708995
0.1904761904761905
0.191005291005291
0.19153439153439153
0.19206349206349208
0.19259259259259262
0.19312169312169314
0.19365079365079366
0.1941798941798942
0.19470899470899472
0.19523809523809524
0.19576719576719578
0.19629629629629633
0.19682539682539685
0.19735449735449737
0.19788359788359788
0.19841269841269843
0.19894179894179895
0.1994708994708995
0.2
0.20052910052910056
0.20105820105820107
0.2015873015873016
0.2021164021164021
0.20264550264550266
0.20317460317460317
0.20370370370370372
0.20423280423280427
0.20476190476190478
0.2052910052910053
0.20582010582010582
0.20634920634920637
0.20687830687830688
0.20740740740740743
0.20793650793650795
0.2084656084656085
0.208994708994709
0.20952380952380953
0.21005291005291005
0.2105820105820106
0.21111111111111114
0.21164021164021166
0.2121693121693122
0.21269841269841272
0.21322751322751324
0.21375661375661376
0.2142857142857143
0.21481481481481485
0.21534391534391537
0.21587301587301588
0.21640211640211643
0.21693121693121695
0.21746031746031746
0.21798941798941798
0.21851851851851853
0.21904761904761907
0.2195767195767196
0.22010582010582014
0.22063492063492066
0.22116402116402117
0.2216931216931217
0.22222222222222224
0.22275132275132278
0.2232804232804233
0.22380952380952382
0.22433862433862437
0.22486772486772488
0.2253968253968254
0.22592592592592592
0.2264550264550265
0.226984126984127
0.22751322751322753
0.22804232804232807
0.2285714285714286
0.2291005291005291
0.22962962962962963
0.235978835978836
0.2518518518518519
0.2523809523809524
0.2529100529100529
0.25343915343915346
0.253968253968254
0.2544973544973545
0.25502645502645505
0.2555555555555556
0.2560846560846561
0.2566137566137566
0.2571428571428572
0.2576719576719577
0.2582010582010582
0.25873015873015875
0.2592592592592593
0.2597883597883598
0.26031746031746034
0.2608465608465608
0.26137566137566143
0.2619047619047619
0.26243386243386246
0.262962962962963
0.2634920634920635
0.26402116402116405
0.26455026455026454
0.2650793650793651
0.2656084656084656
0.2661375661375662
0.26666666666666666
0.2671957671957672
0.26772486772486775
0.26825396825396824
0.2687830687830688
0.26931216931216934
0.2698412698412699
0.27037037037037037
0.2708994708994709
0.27142857142857146
0.27195767195767195
0.2724867724867725
0.27301587301587305
0.27354497354497354
0.2740740740740741
0.27460317460317457
0.2751322751322752
0.2756613756613757
0.2761904761904762
0.27671957671957675
0.2772486772486773
0.2777777777777778
0.27830687830687834
0.2788359788359789
0.27936507936507937
0.2798941798941799
0.2804232804232804
0.29312169312169317
0.29365079365079366
0.2941798941798942
0.2947089947089947
0.29523809523809524
0.3201058201058201
0.3206349206349206
0.32116402116402115
0.32169312169312175
0.32222222222222224
0.3227513227513228
0.32328042328042333
0.3238095238095238
0.32433862433862437
0.3248677248677249
0.3253968253968254
0.32592592592592595
0.32645502645502644
0.326984126984127
0.32751322751322753
0.328042328042328
0.32857142857142857
0.32910052910052917
0.32962962962962966
0.3301587301587302
0.33068783068783075
0.33121693121693124
0.3317460317460318
0.3322751322751323
0.3328042328042328
0.33333333333333337
0.33386243386243386
0.3343915343915344
0.33492063492063495
0.33544973544973544
0.335978835978836
0.3365079365079365
0.3370370370370371
0.3375661375661376
0.3380952380952381
0.33862433862433866
0.3391534391534392
0.3396825396825397
0.34021164021164024
0.3407407407407408
0.3412698412698413
0.3417989417989418
0.3423280423280423
0.34285714285714286
0.3433862433862434
0.3439153439153439
0.3444444444444445
0.34497354497354504
0.34550264550264553
0.3460317460317461
0.3465608465608466
0.3470899470899471
0.34761904761904766
0.34814814814814815
0.3486772486772487
0.34920634920634924
0.34973544973544973
0.3502645502645503
0.3507936507936508
0.3513227513227513
0.35185185185185186
0.35238095238095246
0.35291005291005295
0.3534391534391535
0.353968253968254
0.35449735449735453
0.3550264550264551
0.35555555555555557
0.3560846560846561
0.35661375661375666
0.35714285714285715
0.3576719576719577
0.3582010582010582
0.35873015873015873
0.41428571428571437
0.41481481481481486
0.4153439153439154
0.4158730158730159
0.41640211640211644
0.416931216931217
0.47671957671957677
0.4883597883597884
0.48888888888888893
0.4894179894179894
0.48994708994708996
0.4904761904761905
0.491005291005291
0.4915343915343916
0.49206349206349215
0.49259259259259264
0.5661375661375663
0.5666666666666668
0.5671957671957673
0.5677248677248679
0.5682539682539683
0.5687830687830688
0.5693121693121693
0.5698412698412699
0.5703703703703704
0.5708994708994709
0.5714285714285715
0.571957671957672
0.5724867724867725
0.5730158730158731
0.5735449735449736
0.5740740740740741
0.5746031746031747
0.5751322751322752
0.5788359788359788
0.6365079365079366
0.6370370370370371
0.6375661375661376
0.6380952380952382
0.6386243386243386
0.6391534391534391
0.6396825396825397
0.6402116402116402
0.6407407407407407
0.6412698412698412
0.6417989417989418
0.6423280423280423
0.6428571428571429
0.6433862433862435
0.643915343915344
0.6444444444444445
0.7042328042328042
0.7047619047619049
0.7052910052910054
0.7058201058201059
0.026455026455026457
0.037037037037037035
0.03756613756613757
0.043915343915343914
0.044444444444444446
0.04603174603174604
0.04656084656084657
0.0470899470899471
0.04761904761904762
0.048148148148148155
0.05343915343915344
0.05396825396825397
0.054497354497354496
0.055026455026455035
0.05555555555555556
0.05608465608465609
0.05661375661375662
0.058201058201058205
0.05873015873015874
0.05925925925925926
0.05978835978835979
0.06031746031746032
0.06084656084656085
0.061375661375661375
0.06190476190476191
0.06243386243386244
0.06296296296296297
0.0634920634920635
0.06402116402116402
0.06455026455026455
0.06507936507936508
0.06560846560846562
0.06613756613756613
0.06666666666666667
0.0671957671957672
0.06772486772486773
0.06825396825396826
0.0687830687830688
0.06931216931216932
0.06984126984126984
0.07037037037037037
0.0708994708994709
0.07142857142857144
0.07195767195767196
0.07248677248677249
0.07301587301587302
0.07354497354497355
0.07407407407407407
0.07460317460317462
0.07513227513227513
0.07566137566137567
0.07619047619047618
0.07671957671957673
0.07724867724867726
0.07777777777777778
0.07830687830687831
0.07883597883597884
0.07936507936507937
0.07989417989417989
0.08042328042328044
0.08095238095238096
0.08148148148148149
0.082010582010582
0.08253968253968255
0.08306878306878307
0.0835978835978836
0.08412698412698412
0.0851851851851852
0.08571428571428572
0.08624338624338626
0.08677248677248678
0.08835978835978837
0.08888888888888889
0.08941798941798942
0.11534391534391536
0.11587301587301588
0.11640211640211641
0.11693121693121693
0.11746031746031747
0.12116402116402118
0.1216931216931217
0.12222222222222223
0.12275132275132275
0.1232804232804233
0.12380952380952381
0.12433862433862435
0.12751322751322752
0.13333333333333333
0.13386243386243388
0.1343915343915344
0.13492063492063494
0.13544973544973546
0.13597883597883598
0.13650793650793652
0.13703703703703704
0.1375661375661376
0.1380952380952381
0.13862433862433865
0.13915343915343917
0.13968253968253969
0.1402116402116402
0.14074074074074075
0.1412698412698413
0.1417989417989418
0.14232804232804233
0.14285714285714288
0.1433862433862434
0.1439153439153439
0.14444444444444446
0.14497354497354498
0.14550264550264552
0.14603174603174604
0.14656084656084659
0.1470899470899471
0.18783068783068785
0.1883597883597884
0.1888888888888889
0.18941798941798943
0.18994708994708995
0.1904761904761905
0.191005291005291
0.19153439153439153
0.19206349206349208
0.19259259259259262
0.19312169312169314
0.19365079365079366
0.1941798941798942
0.19470899470899472
0.19523809523809524
0.19576719576719578
0.19629629629629633
0.19682539682539685
0.19735449735449737
0.19788359788359788
0.19841269841269843
0.19894179894179895
0.1994708994708995
0.2
0.20052910052910056
0.20105820105820107
0.2015873015873016
0.2021164021164021
0.20264550264550266
0.20317460317460317
0.20370370370370372
0.20423280423280427
0.20476190476190478
0.2052910052910053
0.20582010582010582
0.20634920634920637
0.20687830687830688
0.20740740740740743
0.20793650793650795
0.2084656084656085
0.208994708994709
0.20952380952380953
0.21005291005291005
0.2105820105820106
0.21111111111111114
0.21164021164021166
0.2121693121693122
0.21269841269841272
0.21322751322751324
0.21375661375661376
0.2142857142857143
0.21481481481481485
0.21534391534391537
0.21587301587301588
0.21640211640211643
0.21693121693121695
0.21746031746031746
0.21798941798941798
0.21851851851851853
0.21904761904761907
0.2195767195767196
0.22010582010582014
0.22063492063492066
0.22116402116402117
0.2216931216931217
0.22222222222222224
0.22275132275132278
0.2232804232804233
0.22380952380952382
0.22433862433862437
0.22486772486772488
0.2253968253968254
0.22592592592592592
0.2264550264550265
0.226984126984127
0.22751322751322753
0.22804232804232807
0.2285714285714286
0.2291005291005291
0.22962962962962963
0.23015873015873017
0.23068783068783072
0.2544973544973545
0.25502645502645505
0.2555555555555556
0.2560846560846561
0.2566137566137566
0.2571428571428572
0.2576719576719577
0.2582010582010582
0.25873015873015875
0.2592592592592593
0.2597883597883598
0.26031746031746034
0.2608465608465608
0.26137566137566143
0.2619047619047619
0.26243386243386246
0.262962962962963
0.2634920634920635
0.26402116402116405
0.26455026455026454
0.2650793650793651
0.2656084656084656
0.2661375661375662
0.26666666666666666
0.2671957671957672
0.26772486772486775
0.26825396825396824
0.2687830687830688
0.26931216931216934
0.2698412698412699
0.27037037037037037
0.2708994708994709
0.27142857142857146
0.27195767195767195
0.2724867724867725
0.27301587301587305
0.27354497354497354
0.2740740740740741
0.27460317460317457
0.2751322751322752
0.2756613756613757
0.2761904761904762
0.27671957671957675
0.2772486772486773
0.2777777777777778
0.27830687830687834
0.2788359788359789
0.27936507936507937
0.2798941798941799
0.2804232804232804
0.28095238095238095
0.3227513227513228
0.3238095238095238
0.32433862433862437
0.3248677248677249
0.3253968253968254
0.32592592592592595
0.32645502645502644
0.326984126984127
0.32751322751322753
0.328042328042328
0.32857142857142857
0.32910052910052917
0.32962962962962966
0.3301587301587302
0.33068783068783075
0.33121693121693124
0.3317460317460318
0.3322751322751323
0.3328042328042328
0.33333333333333337
0.33386243386243386
0.3343915343915344
0.33492063492063495
0.33544973544973544
0.335978835978836
0.3365079365079365
0.3370370370370371
0.3375661375661376
0.3380952380952381
0.33862433862433866
0.3391534391534392
0.3396825396825397
0.34021164021164024
0.3407407407407408
0.3412698412698413
0.3417989417989418
0.3423280423280423
0.34285714285714286
0.3433862433862434
0.3439153439153439
0.3444444444444445
0.34497354497354504
0.34550264550264553
0.3460317460317461
0.3465608465608466
0.3470899470899471
0.34761904761904766
0.34814814814814815
0.3486772486772487
0.34920634920634924
0.34973544973544973
0.3502645502645503
0.3507936507936508
0.3513227513227513
0.35185185185185186
0.35238095238095246
0.35291005291005295
0.3534391534391535
0.353968253968254
0.35449735449735453
0.3550264550264551
0.35555555555555557
0.3560846560846561
0.35661375661375666
0.35714285714285715
0.3576719576719577
0.3582010582010582
0.35873015873015873
0.3592592592592593
0.4714285714285715
0.471957671957672
0.4724867724867725
0.47301587301587306
0.47354497354497355
0.4740740740740741
0.47460317460317464
0.47513227513227513
0.4756613756613757
0.4761904761904763
0.47671957671957677
0.4772486772486773
0.4777777777777778
0.47830687830687835
0.491005291005291
0.4915343915343916
0.49206349206349215
0.49259259259259264
0.4931216931216932
0.4936507936507937
0.4941798941798942
0.49470899470899476
0.49523809523809526
0.4957671957671958
0.49629629629629635
0.49682539682539684
0.4973544973544974
0.4978835978835979
0.4984126984126984
0.5010582010582011
0.5015873015873016
0.5291005291005291
0.5698412698412699
0.5703703703703704
0.5777777777777778
0.5783068783068783
0.5788359788359788
0.5793650793650793
0.5798941798941799
0.5804232804232804
0.580952380952381
0.5814814814814816
0.5820105820105821
0.5825396825396826
0.5830687830687832
0.5835978835978837
0.5841269841269842
0.02592592592592593
0.028042328042328046
0.028571428571428574
0.029100529100529102
0.03650793650793651
0.037037037037037035
0.044444444444444446
0.04497354497354497
0.0455026455026455
0.05978835978835979
0.06031746031746032
0.06084656084656085
0.061375661375661375
0.06190476190476191
0.06243386243386244
0.06296296296296297
0.0634920634920635
0.06402116402116402
0.06455026455026455
0.06507936507936508
0.06560846560846562
0.06613756613756613
0.06666666666666667
0.0671957671957672
0.06772486772486773
0.06825396825396826
0.0687830687830688
0.06931216931216932
0.06984126984126984
0.07037037037037037
0.0708994708994709
0.07142857142857144
0.07195767195767196
0.07248677248677249
0.07301587301587302
0.07354497354497355
0.07407407407407407
0.07460317460317462
0.07513227513227513
0.07566137566137567
0.07619047619047618
0.07671957671957673
0.07724867724867726
0.07777777777777778
0.07830687830687831
0.07883597883597884
0.08730158730158731
0.08783068783068783
0.13544973544973546
0.13597883597883598
0.13650793650793652
0.13703703703703704
0.1375661375661376
0.1380952380952381
0.13862433862433865
0.13915343915343917
0.13968253968253969
0.1402116402116402
0.14074074074074075
0.1412698412698413
0.1417989417989418
0.14232804232804233
0.14285714285714288
0.1433862433862434
0.1439153439153439
0.14444444444444446
0.14497354497354498
0.14603174603174604
0.14656084656084659
0.1470899470899471
0.14761904761904762
0.14814814814814814
0.14867724867724869
0.18253968253968256
0.18306878306878308
0.1835978835978836
0.18412698412698417
0.18465608465608468
0.1851851851851852
0.18571428571428572
0.18624338624338627
0.1873015873015873
0.18783068783068785
0.1883597883597884
0.1888888888888889
0.18941798941798943
0.18994708994708995
0.1904761904761905
0.191005291005291
0.19153439153439153
0.19206349206349208
0.19259259259259262
0.19312169312169314
0.19365079365079366
0.1941798941798942
0.19470899470899472
0.19523809523809524
0.19576719576719578
0.19629629629629633
0.19682539682539685
0.19735449735449737
0.19788359788359788
0.19841269841269843
0.19894179894179895
0.1994708994708995
0.2
0.20052910052910056
0.20105820105820107
0.2015873015873016
0.2021164021164021
0.20264550264550266
0.20370370370370372
0.20423280423280427
0.2052910052910053
0.20582010582010582
0.20634920634920637
0.20687830687830688
0.20740740740740743
0.20793650793650795
0.2084656084656085
0.208994708994709
0.20952380952380953
0.21005291005291005
0.2105820105820106
0.21111111111111114
0.21164021164021166
0.2121693121693122
0.21269841269841272
0.21322751322751324
0.21375661375661376
0.2142857142857143
0.21481481481481485
0.21534391534391537
0.21587301587301588
0.21640211640211643
0.21693121693121695
0.21746031746031746
0.21798941798941798
0.21851851851851853
0.21904761904761907
0.2195767195767196
0.22010582010582014
0.22063492063492066
0.22116402116402117
0.2216931216931217
0.22222222222222224
0.22275132275132278
0.2232804232804233
0.22380952380952382
0.22433862433862437
0.22486772486772488
0.2253968253968254
0.22592592592592592
0.2264550264550265
0.226984126984127
0.22751322751322753
0.22804232804232807
0.2285714285714286
0.2291005291005291
0.22962962962962963
0.23015873015873017
0.23492063492063495
0.2566137566137566
0.2571428571428572
0.2576719576719577
0.2582010582010582
0.25873015873015875
0.2592592592592593
0.2597883597883598
0.26031746031746034
0.2608465608465608
0.26137566137566143
0.2619047619047619
0.26243386243386246
0.262962962962963
0.2634920634920635
0.26402116402116405
0.26455026455026454
0.2650793650793651
0.2656084656084656
0.2661375661375662
0.26666666666666666
0.2671957671957672
0.26772486772486775
0.26825396825396824
0.2687830687830688
0.26931216931216934
0.2698412698412699
0.27037037037037037
0.2708994708994709
0.27142857142857146
0.27195767195767195
0.2724867724867725
0.27301587301587305
0.27354497354497354
0.2740740740740741
0.27460317460317457
0.2751322751322752
0.2756613756613757
0.2761904761904762
0.27671957671957675
0.2772486772486773
0.2777777777777778
0.27830687830687834
0.2788359788359789
0.27936507936507937
0.2798941798941799
0.2804232804232804
0.28095238095238095
0.3227513227513228
0.32328042328042333
0.3238095238095238
0.32433862433862437
0.3248677248677249
0.3253968253968254
0.32592592592592595
0.32645502645502644
0.326984126984127
0.32751322751322753
0.328042328042328
0.32857142857142857
0.32910052910052917
0.32962962962962966
0.3301587301587302
0.33068783068783075
0.33121693121693124
0.3317460317460318
0.3322751322751323
0.3328042328042328
0.33333333333333337
0.33386243386243386
0.3343915343915344
0.33492063492063495
0.33544973544973544
0.335978835978836
0.3365079365079365
0.3370370370370371
0.3375661375661376
0.3380952380952381
0.33862433862433866
0.3391534391534392
0.3396825396825397
0.34021164021164024
0.3407407407407408
0.3412698412698413
0.3417989417989418
0.3423280423280423
0.34285714285714286
0.3433862433862434
0.3439153439153439
0.3444444444444445
0.34497354497354504
0.34550264550264553
0.3460317460317461
0.3465608465608466
0.3470899470899471
0.34761904761904766
0.34814814814814815
0.3486772486772487
0.34920634920634924
0.34973544973544973
0.3502645502645503
0.3507936507936508
0.3513227513227513
0.35185185185185186
0.35238095238095246
0.35291005291005295
0.3534391534391535
0.353968253968254
0.35449735449735453
0.3550264550264551
0.35555555555555557
0.4
0.40052910052910057
0.4010582010582011
0.4015873015873016
0.40211640211640215
0.4026455026455027
0.4714285714285715
0.471957671957672
0.4724867724867725
0.47301587301587306
0.47354497354497355
0.4740740740740741
0.47460317460317464
0.47513227513227513
0.4761904761904763
0.47671957671957677
0.4772486772486773
0.4777777777777778
0.47830687830687835
0.48994708994708996
0.4904761904761905
0.491005291005291
0.4915343915343916
0.49206349206349215
0.4984126984126984
0.49894179894179896
0.4994708994708995
0.008994708994708995
0.026455026455026457
0.026984126984126985
0.027513227513227517
0.028042328042328046
0.04285714285714286
0.06031746031746032
0.06084656084656085
0.061375661375661375
0.06190476190476191
0.06243386243386244
0.06296296296296297
0.0634920634920635
0.06402116402116402
0.06455026455026455
0.06507936507936508
0.06560846560846562
0.06613756613756613
0.06666666666666667
0.0671957671957672
0.06772486772486773
0.06825396825396826
0.0687830687830688
0.06931216931216932
0.06984126984126984
0.07037037037037037
0.0708994708994709
0.07142857142857144
0.07195767195767196
0.07248677248677249
0.07301587301587302
0.07354497354497355
0.07407407407407407
0.07460317460317462
0.07513227513227513
0.07566137566137567
0.07619047619047618
0.08677248677248678
0.08730158730158731
0.08941798941798942
0.13650793650793652
0.13703703703703704
0.1375661375661376
0.1380952380952381
0.13862433862433865
0.13915343915343917
0.13968253968253969
0.1402116402116402
0.14074074074074075
0.1412698412698413
0.1417989417989418
0.14232804232804233
0.14285714285714288
0.1433862433862434
0.1439153439153439
0.14444444444444446
0.14497354497354498
0.14550264550264552
0.14656084656084659
0.1470899470899471
0.14814814814814814
0.14867724867724869
0.14920634920634923
0.17883597883597885
0.17936507936507937
0.17989417989417988
0.18042328042328046
0.18095238095238098
0.1814814814814815
0.182010582010582
0.18253968253968256
0.18306878306878308
0.1835978835978836
0.18412698412698417
0.18465608465608468
0.1851851851851852
0.18571428571428572
0.18624338624338627
0.18677248677248678
0.1873015873015873
0.18783068783068785
0.1883597883597884
0.1888888888888889
0.18941798941798943
0.18994708994708995
0.1904761904761905
0.191005291005291
0.19365079365079366
0.1941798941798942
0.19470899470899472
0.19523809523809524
0.19576719576719578
0.19629629629629633
0.19682539682539685
0.19735449735449737
0.19788359788359788
0.19841269841269843
0.19894179894179895
0.1994708994708995
0.2
0.20052910052910056
0.20105820105820107
0.2015873015873016
0.2021164021164021
0.20264550264550266
0.20317460317460317
0.20370370370370372
0.20423280423280427
0.20476190476190478
0.2052910052910053
0.20582010582010582
0.20634920634920637
0.20687830687830688
0.20740740740740743
0.20793650793650795
0.2084656084656085
0.208994708994709
0.20952380952380953
0.21005291005291005
0.2105820105820106
0.21111111111111114
0.21164021164021166
0.2121693121693122
0.21269841269841272
0.21322751322751324
0.21375661375661376
0.2142857142857143
0.21481481481481485
0.21534391534391537
0.21587301587301588
0.21640211640211643
0.21693121693121695
0.21746031746031746
0.21798941798941798
0.21851851851851853
0.21904761904761907
0.2195767195767196
0.22010582010582014
0.22063492063492066
0.22116402116402117
0.2216931216931217
0.22222222222222224
0.22275132275132278
0.2232804232804233
0.22380952380952382
0.22433862433862437
0.22486772486772488
0.2253968253968254
0.22592592592592592
0.2264550264550265
0.226984126984127
0.22751322751322753
0.22804232804232807
0.2285714285714286
0.2291005291005291
0.22962962962962963
0.23015873015873017
0.23068783068783072
0.23121693121693124
0.23174603174603176
0.23386243386243386
0.23439153439153443
0.23492063492063495
0.2566137566137566
0.2571428571428572
0.2576719576719577
0.2582010582010582
0.25873015873015875
0.2592592592592593
0.2597883597883598
0.26031746031746034
0.2608465608465608
0.26137566137566143
0.2619047619047619
0.26243386243386246
0.262962962962963
0.2634920634920635
0.26402116402116405
0.26455026455026454
0.2650793650793651
0.2656084656084656
0.2661375661375662
0.26666666666666666
0.2671957671957672
0.26772486772486775
0.26825396825396824
0.2687830687830688
0.26931216931216934
0.2698412698412699
0.27037037037037037
0.2708994708994709
0.27142857142857146
0.27195767195767195
0.2724867724867725
0.27301587301587305
0.27354497354497354
0.2740740740740741
0.27460317460317457
0.2751322751322752
0.2756613756613757
0.2761904761904762
0.27671957671957675
0.2772486772486773
0.2777777777777778
0.27830687830687834
0.2788359788359789
0.27936507936507937
0.32592592592592595
0.32645502645502644
0.326984126984127
0.32751322751322753
0.328042328042328
0.32857142857142857
0.32910052910052917
0.32962962962962966
0.3301587301587302
0.33068783068783075
0.33121693121693124
0.3317460317460318
0.3322751322751323
0.3328042328042328
0.33333333333333337
0.33386243386243386
0.3343915343915344
0.33492063492063495
0.33544973544973544
0.335978835978836
0.3365079365079365
0.3370370370370371
0.3375661375661376
0.3380952380952381
0.33862433862433866
0.3391534391534392
0.3396825396825397
0.34021164021164024
0.3407407407407408
0.3412698412698413
0.3417989417989418
0.3423280423280423
0.34285714285714286
0.3433862433862434
0.3439153439153439
0.3444444444444445
0.34497354497354504
0.34550264550264553
0.3460317460317461
0.3465608465608466
0.3470899470899471
0.34761904761904766
0.34814814814814815
0.3486772486772487
0.34920634920634924
0.34973544973544973
0.3502645502645503
0.3507936507936508
0.3513227513227513
0.35185185185185186
0.35238095238095246
0.35291005291005295
0.3534391534391535
0.353968253968254
0.35449735449735453
0.3550264550264551
0.35555555555555557
0.3560846560846561
0.39470899470899473
0.3952380952380953
0.39576719576719577
0.3962962962962963
0.39682539682539686
0.39735449735449735
0.3978835978835979
0.39841269841269844
0.398941798941799
0.39947089947089953
0.4
0.40052910052910057
0.4010582010582011
0.4015873015873016
0.471957671957672
0.4724867724867725
0.47301587301587306
0.4740740740740741
0.47460317460317464
0.47513227513227513
0.4756613756613757
0.4761904761904763
0.4931216931216932
0.4936507936507937
0.4941798941798942
0.49470899470899476
0.49523809523809526
0.4957671957671958
0.49629629629629635
0.49682539682539684
0.4973544973544974
0.0031746031746031746
0.003703703703703704
0.004232804232804233
0.008994708994708995
0.05608465608465609
0.05978835978835979
0.06031746031746032
0.06084656084656085
0.061375661375661375
0.06190476190476191
0.06243386243386244
0.06296296296296297
0.0634920634920635
0.06402116402116402
0.06455026455026455
0.06507936507936508
0.06560846560846562
0.06613756613756613
0.06666666666666667
0.0671957671957672
0.06772486772486773
0.06825396825396826
0.0687830687830688
0.06931216931216932
0.06984126984126984
0.07037037037037037
0.0708994708994709
0.07142857142857144
0.07195767195767196
0.07248677248677249
0.07301587301587302
0.07354497354497355
0.07407407407407407
0.07460317460317462
0.082010582010582
0.08253968253968255
0.08306878306878307
0.0835978835978836
0.08412698412698412
0.08624338624338626
0.08677248677248678
0.08730158730158731
0.08783068783068783
0.13915343915343917
0.13968253968253969
0.1402116402116402
0.14074074074074075
0.1412698412698413
0.1417989417989418
0.14232804232804233
0.14285714285714288
0.1433862433862434
0.1439153439153439
0.14444444444444446
0.14497354497354498
0.14550264550264552
0.14603174603174604
0.14656084656084659
0.1470899470899471
0.14761904761904762
0.1851851851851852
0.18571428571428572
0.18624338624338627
0.18677248677248678
0.1873015873015873
0.18783068783068785
0.1883597883597884
0.19312169312169314
0.19365079365079366
0.1941798941798942
0.19470899470899472
0.19523809523809524
0.19576719576719578
0.19629629629629633
0.19682539682539685
0.19735449735449737
0.19788359788359788
0.19841269841269843
0.20052910052910056
0.2015873015873016
0.2021164021164021
0.20264550264550266
0.20317460317460317
0.20370370370370372
0.20423280423280427
0.20476190476190478
0.2052910052910053
0.20582010582010582
0.20634920634920637
0.20687830687830688
0.20740740740740743
0.20793650793650795
0.2084656084656085
0.208994708994709
0.20952380952380953
0.21005291005291005
0.2105820105820106
0.21111111111111114
0.21164021164021166
0.2121693121693122
0.21269841269841272
0.21322751322751324
0.21375661375661376
0.2142857142857143
0.21481481481481485
0.21534391534391537
0.21587301587301588
0.21640211640211643
0.21693121693121695
0.21746031746031746
0.21798941798941798
0.21851851851851853
0.21904761904761907
0.2195767195767196
0.22010582010582014
0.22063492063492066
0.22116402116402117
0.2216931216931217
0.22222222222222224
0.22275132275132278
0.2232804232804233
0.22380952380952382
0.22433862433862437
0.22486772486772488
0.2253968253968254
0.22592592592592592
0.2264550264550265
0.226984126984127
0.22751322751322753
0.22804232804232807
0.2285714285714286
0.2291005291005291
0.22962962962962963
0.23015873015873017
0.23386243386243386
0.2529100529100529
0.25343915343915346
0.253968253968254
0.2544973544973545
0.25502645502645505
0.2555555555555556
0.2560846560846561
0.2566137566137566
0.2571428571428572
0.262962962962963
0.2634920634920635
0.26402116402116405
0.26455026455026454
0.2650793650793651
0.2656084656084656
0.2661375661375662
0.26666666666666666
0.2671957671957672
0.26772486772486775
0.26825396825396824
0.2687830687830688
0.26931216931216934
0.2698412698412699
0.27037037037037037
0.2708994708994709
0.27142857142857146
0.27195767195767195
0.2724867724867725
0.27301587301587305
0.27354497354497354
0.2740740740740741
0.27460317460317457
0.2751322751322752
0.2756613756613757
0.2761904761904762
0.27671957671957675
0.2772486772486773
0.2777777777777778
0.27830687830687834
0.2788359788359789
0.27936507936507937
0.2798941798941799
0.33121693121693124
0.3317460317460318
0.3322751322751323
0.3328042328042328
0.33333333333333337
0.33386243386243386
0.3343915343915344
0.33492063492063495
0.33544973544973544
0.335978835978836
0.3365079365079365
0.3370370370370371
0.3375661375661376
0.3380952380952381
0.33862433862433866
0.3391534391534392
0.3396825396825397
0.34021164021164024
0.3407407407407408
0.3412698412698413
0.3417989417989418
0.3423280423280423
0.34285714285714286
0.3433862433862434
0.3439153439153439
0.3444444444444445
0.34497354497354504
0.34550264550264553
0.3460317460317461
0.3465608465608466
0.3470899470899471
0.34761904761904766
0.34814814814814815
0.3486772486772487
0.34920634920634924
0.34973544973544973
0.3502645502645503
0.3507936507936508
0.3513227513227513
0.35185185185185186
0.35238095238095246
0.35291005291005295
0.3534391534391535
0.353968253968254
0.35449735449735453
0.3550264550264551
0.39576719576719577
0.3962962962962963
0.39682539682539686
0.39735449735449735
0.3978835978835979
0.6227513227513227
0.6264550264550265
0.6269841269841271
0.6275132275132276
0.21746031746031746
0.21798941798941798
0.2650793650793651
0.2661375661375662
0.3301587301587302
0.33068783068783075
0.33121693121693124
0.3317460317460318
0.3322751322751323
0.3328042328042328
0.33333333333333337
0.33386243386243386
0.3343915343915344
0.33492063492063495
0.33544973544973544
0.335978835978836
0.3365079365079365
0.3370370370370371
0.3375661375661376
0.3380952380952381
0.33862433862433866
0.3391534391534392
0.3396825396825397
0.34021164021164024
0.3407407407407408
0.3412698412698413
0.3417989417989418
0.3423280423280423
0.34285714285714286
0.5174603174603175
0.517989417989418
0.5185185185185186
0.5190476190476191
0.5216931216931217
0.5222222222222223
0.5227513227513229
0.6343915343915344
0.634920634920635
0.6354497354497355
0.635978835978836
0.6365079365079366
0.6370370370370371
0.6375661375661376
0.6380952380952382
0.6386243386243386
-0.3084656084656085
-0.30899470899470904
-0.3137566137566138
-0.31428571428571433
-0.33862433862433866
-0.3391534391534392
-0.34021164021164024
-0.3412698412698413
-0.6243386243386243
-0.6248677248677249
-0.6253968253968254
-0.6259259259259259
-0.6264550264550265
-0.6645502645502646
-0.6650793650793652
-0.6656084656084656
-0.6661375661375661
-0.6666666666666667
-0.6671957671957672
-0.6677248677248677
-0.6682539682539683
-0.6687830687830688
-0.6693121693121693
-0.6698412698412699
-0.6703703703703704
-0.6708994708994709
-0.6714285714285715
-0.671957671957672
-0.6724867724867725
-0.673015873015873
-0.6735449735449737
-0.6740740740740742
-0.6746031746031746
-0.6751322751322753
-0.6756613756613757
-0.6761904761904762
-0.6767195767195768
-0.6772486772486773
-0.6777777777777778
-0.6783068783068784
-0.6788359788359789
-0.6793650793650794
-0.67989417989418
-0.6804232804232805
-0.680952380952381
-0.6814814814814816
-0.6820105820105821
-0.6825396825396826
-0.683068783068783
-0.6835978835978836
-0.6841269841269841
-0.6846560846560846
-0.6851851851851852
-0.6857142857142857
-0.6862433862433862
-0.6867724867724868
-0.6873015873015873
-0.6878306878306878
-0.6883597883597884
-0.688888888888889
-0.6894179894179895
-0.6899470899470901
-0.6904761904761906
-0.6910052910052911
-0.6915343915343917
-0.6920634920634922
-0.6925925925925926
-0.6931216931216932
-0.6936507936507937
-0.6941798941798942
-0.021164021164021166
-0.021693121693121695
-0.022222222222222223
-0.02275132275132275
-0.023280423280423283
-0.02380952380952381
-0.02433862433862434
-0.02486772486772487
-0.025396825396825397
-0.02592592592592593
-0.026455026455026457
-0.026984126984126985
-0.6703703703703704
-0.6708994708994709
-0.6714285714285715
-0.671957671957672
-0.6724867724867725
-0.6904761904761906
-0.6910052910052911
-0.6915343915343917
-0.6920634920634922
-0.6925925925925926
-0.6931216931216932
-0.6936507936507937
-0.6941798941798942
-0.6947089947089947
-0.6952380952380953
-0.6957671957671958
-0.6962962962962963
-0.6968253968253969
-0.6973544973544974
-0.6978835978835979
-0.6984126984126985
-0.698941798941799
-0.6994708994708995
-0.7000000000000001
-0.7005291005291006
-0.701058201058201
-0.7015873015873016
-0.7021164021164021
-0.7026455026455026
-0.7031746031746031
-0.7037037037037037
-0.7042328042328042
-0.7047619047619049
-0.7052910052910054
-0.7058201058201059
-0.7063492063492064
-0.706878306878307
-0.7074074074074075
-0.9947089947089948
-0.9952380952380953
-0.9957671957671957
-0.9962962962962963
-0.006878306878306879
-0.007407407407407408
-0.007936507936507938
-0.008465608465608466
-0.010052910052910055
-0.010582010582010583
-0.011111111111111112
-0.011640211640211642
-0.01216931216931217
-0.02962962962962963
-0.03015873015873016
-0.030687830687830688
-0.03121693121693122
-0.3396825396825397
-0.3407407407407408
-0.3412698412698413
-0.6148148148148149
-0.6153439153439154
-0.6158730158730159
-0.6275132275132276
-0.6280423280423282
-0.6285714285714287
-0.6291005291005292
-0.6296296296296298
-0.6301587301587303
-0.6306878306878307
-0.635978835978836
-0.6365079365079366
-0.6370370370370371
-0.6375661375661376
-0.6380952380952382
-0.6386243386243386
-0.6391534391534391
-0.6396825396825397
-0.6402116402116402
-0.6407407407407407
-0.6412698412698412
-0.6417989417989418
-0.6423280423280423
-0.6428571428571429
-0.6433862433862435
-0.643915343915344
-0.6444444444444445
-0.6449735449735451
-0.6587301587301588
-0.6592592592592593
-0.6597883597883599
-0.6603174603174604
-0.6608465608465609
-0.6613756613756615
-0.661904761904762
-0.6873015873015873
-0.6878306878306878
-0.6883597883597884
-0.688888888888889
-0.6894179894179895
-0.6899470899470901
-0.6904761904761906
-0.6910052910052911
-0.6915343915343917
-0.6920634920634922
-0.6994708994708995
-0.7000000000000001
-0.7005291005291006
-0.701058201058201
-0.7015873015873016
-0.7021164021164021
-0.7026455026455026
-0.7031746031746031
-0.7037037037037037
-0.7042328042328042
-0.7047619047619049
-0.7052910052910054
-0.7058201058201059
-0.7063492063492064
-0.706878306878307
-0.7074074074074075
-0.707936507936508
-0.7084656084656086
-0.7089947089947091
-0.7095238095238096
-0.7100529100529102
-0.7105820105820106
-0.7111111111111111
-0.7116402116402117
-0.7121693121693122
-0.7126984126984127
-0.7132275132275133
-0.7137566137566138
-0.7142857142857143
-0.7148148148148148
-0.7153439153439154
-0.7158730158730159
-0.0031746031746031746
-0.003703703703703704
-0.004232804232804233
-0.0047619047619047615
-0.005291005291005292
-0.005820105820105821
-0.006349206349206349
-0.006878306878306879
-0.014285714285714287
-0.014814814814814815
-0.015343915343915344
-0.015873015873015876
-0.016402116402116404
-0.016931216931216932
-0.01746031746031746
-0.01798941798941799
-0.018518518518518517
-0.019047619047619046
-0.019576719576719578
-0.02010582010582011
-0.020634920634920638
-0.021164021164021166
-0.021693121693121695
-0.7883597883597884
-0.788888888888889
-0.7894179894179895
-0.78994708994709
-0.7904761904761906
-0.791005291005291
-0.7915343915343915
-0.8126984126984127
-0.8132275132275133
-0.8137566137566139
-0.8142857142857144
-0.8148148148148149
-0.8153439153439155
-0.815873015873016
-0.8164021164021165
-0.8169312169312171
-0.8174603174603176
-0.817989417989418
-0.8185185185185186
-0.8190476190476191
-0.8195767195767196
-0.8201058201058201
-0.8206349206349207
-0.8211640211640212
-0.8216931216931217
-0.8222222222222223
-0.8227513227513228
-0.8232804232804233
-0.8238095238095239
-0.8243386243386244
-0.8248677248677249
-0.8253968253968255
-0.825925925925926
-0.8264550264550264
-0.826984126984127
-0.8275132275132275
-0.828042328042328
-0.8354497354497356
-0.835978835978836
-0.8365079365079365
-0.8370370370370371
-0.8375661375661376
-0.8380952380952381
-0.8386243386243387
-0.8391534391534392
-0.8396825396825397
-0.8402116402116402
-0.8407407407407408
-0.8412698412698413
-0.8417989417989418
-0.8423280423280424
-0.8428571428571429
-0.8433862433862434
-0.8439153439153441
-0.8444444444444446
-0.844973544973545
-0.8455026455026456
-0.8460317460317461
-0.8465608465608466
-0.8470899470899472
-0.8476190476190477
-0.8481481481481482
-0.8486772486772488
-0.8492063492063493
-0.8497354497354498
-0.8502645502645504
-0.8507936507936509
-0.8513227513227514
-0.8518518518518519
-0.8523809523809525
-0.852910052910053
-0.8534391534391534
-0.853968253968254
-0.8544973544973545
-0.855026455026455
-0.8555555555555556
-0.8560846560846561
-0.8566137566137566
-0.8571428571428572
-0.8814814814814815
-0.882010582010582
-0.8825396825396826
-0.8830687830687831
-0.8835978835978836
-0.8841269841269842
-0.8846560846560847
-0.8851851851851852
-0.8857142857142858
-0.8862433862433863
-0.8867724867724868
-0.8873015873015874
-0.8878306878306879
-0.8883597883597883
-0.888888888888889
-0.8894179894179894
-0.8899470899470899
-0.8904761904761906
-0.9042328042328043
-0.9047619047619048
-0.905820105820106
-0.9063492063492065
-0.906878306878307
-0.9074074074074076
-0.907936507936508
-0.9084656084656085
-0.9089947089947091
-0.9095238095238096
-0.9100529100529101
-0.9105820105820107
-0.9111111111111112
-0.0015873015873015873
-0.0021164021164021165
-0.002645502645502646
-0.0031746031746031746
-0.003703703703703704
-0.004232804232804233
-0.0047619047619047615
-0.005291005291005292
-0.005820105820105821
-0.006349206349206349
-0.006878306878306879
-0.007407407407407408
-0.015343915343915344
-0.015873015873015876
-0.016402116402116404
-0.016931216931216932
-0.01746031746031746
-0.01798941798941799
-0.018518518518518517
-0.019047619047619046
-0.019576719576719578
-0.02010582010582011
-0.020634920634920638
-0.021164021164021166
-0.021693121693121695
-0.022222222222222223
-0.02275132275132275
-0.023280423280423283
-0.03809523809523809
-0.03862433862433863
-0.039153439153439155
-0.03968253968253969
-0.04021164021164022
-0.040740740740740744
-0.041269841269841276
-0.8142857142857144
-0.8148148148148149
-0.8153439153439155
-0.815873015873016
-0.8164021164021165
-0.8169312169312171
-0.8174603174603176
-0.817989417989418
-0.8185185185185186
-0.8190476190476191
-0.8195767195767196
-0.8201058201058201
-0.8206349206349207
-0.8211640211640212
-0.8216931216931217
-0.8222222222222223
-0.8227513227513228
-0.8232804232804233
-0.8238095238095239
-0.8243386243386244
-0.8248677248677249
-0.8253968253968255
-0.825925925925926
-0.8264550264550264
-0.826984126984127
-0.8275132275132275
-0.828042328042328
-0.8285714285714287
-0.8291005291005292
-0.8296296296296297
-0.8301587301587303
-0.8306878306878308
-0.8312169312169313
-0.8317460317460318
-0.8322751322751324
-0.8328042328042329
-0.8333333333333334
-0.833862433862434
-0.8343915343915345
-0.834920634920635
-0.8354497354497356
-0.835978835978836
-0.8365079365079365
-0.8370370370370371
-0.8375661375661376
-0.8380952380952381
-0.8386243386243387
-0.8391534391534392
-0.8396825396825397
-0.8402116402116402
-0.8407407407407408
-0.8412698412698413
-0.8417989417989418
-0.8423280423280424
-0.8428571428571429
-0.8433862433862434
-0.8439153439153441
-0.8444444444444446
-0.844973544973545
-0.8455026455026456
-0.8460317460317461
-0.8465608465608466
-0.8470899470899472
-0.8476190476190477
-0.8481481481481482
-0.8486772486772488
-0.8492063492063493
-0.8497354497354498
-0.8502645502645504
-0.8507936507936509
-0.8513227513227514
-0.8518518518518519
-0.8523809523809525
-0.852910052910053
-0.8534391534391534
-0.853968253968254
-0.8544973544973545
-0.855026455026455
-0.878835978835979
-0.8793650793650795
-0.87989417989418
-0.8804232804232806
-0.880952380952381
-0.8814814814814815
-0.882010582010582
-0.8825396825396826
-0.8830687830687831
-0.8851851851851852
-0.8857142857142858
-0.8862433862433863
-0.8867724867724868
-0.8873015873015874
-0.8878306878306879
-0.8883597883597883
-0.888888888888889
-0.8894179894179894
-0.8899470899470899
-0.8952380952380953
-0.8957671957671959
-0.8962962962962964
-0.8994708994708995
-0.9
-0.9005291005291006
-0.9010582010582011
-0.9015873015873016
-0.9021164021164021
-0.0010582010582010583
-0.0015873015873015873
-0.0021164021164021165
-0.002645502645502646
-0.0031746031746031746
-0.003703703703703704
-0.014814814814814815
-0.015343915343915344
-0.015873015873015876
-0.8142857142857144
-0.8148148148148149
-0.8153439153439155
-0.815873015873016
-0.8164021164021165
-0.8169312169312171
-0.8174603174603176
-0.817989417989418
-0.8185185185185186
-0.8190476190476191
-0.8195767195767196
-0.8201058201058201
-0.8206349206349207
-0.8211640211640212
-0.8216931216931217
-0.8222222222222223
-0.8227513227513228
-0.8232804232804233
-0.8238095238095239
-0.8243386243386244
-0.8248677248677249
-0.8253968253968255
-0.825925925925926
-0.8264550264550264
-0.826984126984127
-0.8275132275132275
-0.828042328042328
-0.8285714285714287
-0.8291005291005292
-0.8296296296296297
-0.8301587301587303
-0.8306878306878308
-0.8312169312169313
-0.8317460317460318
-0.8322751322751324
-0.8328042328042329
-0.8333333333333334
-0.833862433862434
-0.8343915343915345
-0.834920634920635
-0.8354497354497356
-0.835978835978836
-0.8365079365079365
-0.8370370370370371
-0.8375661375661376
-0.8380952380952381
-0.8386243386243387
-0.8391534391534392
-0.8396825396825397
-0.8402116402116402
-0.8407407407407408
-0.8412698412698413
-0.8417989417989418
-0.8423280423280424
-0.8428571428571429
-0.8433862433862434
-0.8439153439153441
-0.8444444444444446
-0.844973544973545
-0.8455026455026456
-0.8460317460317461
-0.8465608465608466
-0.8470899470899472
-0.8476190476190477
-0.8481481481481482
-0.8486772486772488
-0.8492063492063493
-0.8497354497354498
-0.8502645502645504
-0.8507936507936509
-0.8513227513227514
-0.8518518518518519
-0.8523809523809525
-0.0005291005291005291
-0.0010582010582010583
-0.006878306878306879
-0.007407407407407408
-0.007936507936507938
-0.008465608465608466
-0.008994708994708995
-0.016402116402116404
-0.016931216931216932
-0.01746031746031746
-0.01798941798941799
-0.018518518518518517
-0.019047619047619046
-0.021164021164021166
-0.021693121693121695
-0.7608465608465609
-0.7613756613756614
-0.761904761904762
-0.7624338624338625
-0.762962962962963
-0.7634920634920636
-0.764021164021164
-0.7645502645502645
-0.7650793650793651
-0.7656084656084656
-0.7661375661375661
-0.7666666666666668
-0.7671957671957673
-0.7677248677248678
-0.7719576719576721
-0.7851851851851853
-0.7857142857142858
-0.7862433862433863
-0.7867724867724869
-0.7873015873015874
-0.7878306878306879
-0.7883597883597884
-0.788888888888889
-0.7894179894179895
-0.78994708994709
-0.7904761904761906
-0.791005291005291
-0.7915343915343915
-0.7920634920634921
-0.7925925925925926
-0.7931216931216931
-0.7936507936507937
-0.7941798941798942
-0.7947089947089947
-0.7952380952380953
-0.7957671957671958
-0.8126984126984127
-0.8132275132275133
-0.8137566137566139
-0.8142857142857144
-0.8148148148148149
-0.8153439153439155
-0.815873015873016
-0.8164021164021165
-0.8169312169312171
-0.8174603174603176
-0.817989417989418
-0.8185185185185186
-0.8190476190476191
-0.8195767195767196
-0.8201058201058201
-0.8206349206349207
-0.8211640211640212
-0.8216931216931217
-0.8222222222222223
-0.8227513227513228
-0.8232804232804233
-0.8238095238095239
-0.8243386243386244
-0.8248677248677249
-0.8253968253968255
-0.825925925925926
-0.8264550264550264
-0.826984126984127
-0.8275132275132275
-0.828042328042328
-0.8285714285714287
-0.8291005291005292
-0.8296296296296297
-0.8301587301587303
-0.8306878306878308
-0.8312169312169313
-0.8317460317460318
-0.8322751322751324
-0.8328042328042329
-0.8333333333333334
-0.833862433862434
-0.8343915343915345
-0.834920634920635
-0.8354497354497356
-0.835978835978836
-0.8365079365079365
-0.8370370370370371
-0.8375661375661376
-0.8380952380952381
-0.8386243386243387
-0.8391534391534392
-0.8396825396825397
-0.8402116402116402
-0.8407407407407408
-0.8412698412698413
-0.8417989417989418
-0.8423280423280424
-0.8428571428571429
-0.8433862433862434
-0.8439153439153441
-0.8444444444444446
-0.844973544973545
-0.8455026455026456
-0.8460317460317461
-0.8465608465608466
-0.8470899470899472
-0.8476190476190477
-0.8481481481481482
-0.8486772486772488
-0.8492063492063493
-0.8497354497354498
-0.8502645502645504
-0.8507936507936509
-0.8513227513227514
-0.8518518518518519
-0.8523809523809525
-0.852910052910053
-0.8534391534391534
-0.853968253968254
-0.8544973544973545
-0.855026455026455
-0.8555555555555556
-0.8560846560846561
-0.8566137566137566
-0.8571428571428572
-0.8576719576719577
-0.8582010582010582
-0.8587301587301588
-0.8772486772486774
-0.8777777777777779
-0.8783068783068784
-0.878835978835979
-0.8793650793650795
-0.87989417989418
-0.8804232804232806
-0.880952380952381
-0.8814814814814815
-0.882010582010582
-0.8825396825396826
-0.8867724867724868
-0.8873015873015874
-0.8878306878306879
-0.8883597883597883
-0.888888888888889
-0.8894179894179894
-0.8899470899470899
-0.8904761904761906
-0.8910052910052911
-0.8915343915343916
-0.8920634920634922
-0.8925925925925927
-0.8931216931216932
-0.8936507936507937
-0.8941798941798943
-0.8994708994708995
-0.9
-0.9005291005291006
-0.9010582010582011
-0.9015873015873016
-0.9021164021164021
-0.9026455026455027
-0.9031746031746032
-0.9037037037037037
-0.9042328042328043
-0.9047619047619048
-0.9052910052910053
-0.905820105820106
-0.9063492063492065
-0.906878306878307
-0.9074074074074076
-0.907936507936508
-0.9084656084656085
-0.9089947089947091
-0.9095238095238096
-0.9100529100529101
-0.9105820105820107
-0.9111111111111112
-0.9116402116402117
-0.9121693121693123
-0.9126984126984128
-0.9132275132275133
-0.9137566137566138
-0.9142857142857144
-0.9148148148148149
-0.9153439153439153
-0.915873015873016
-0.9164021164021164
-0.9169312169312169
-0.9174603174603175
-0.917989417989418
-0.002645502645502646
-0.0031746031746031746
-0.003703703703703704
-0.004232804232804233
-0.0047619047619047615
-0.02275132275132275
-0.023280423280423283
-0.02380952380952381
-0.02433862433862434
-0.02486772486772487
-0.025396825396825397
-0.02592592592592593
-0.026455026455026457
-0.04021164021164022
-0.040740740740740744
-0.041269841269841276
-0.0417989417989418
-0.04232804232804233
-0.04285714285714286
-0.04338624338624339
-0.04867724867724868
-0.04920634920634921
-0.04973544973544974
-0.1285714285714286
-0.1291005291005291
-0.12962962962962965
-0.13015873015873017
-0.13068783068783071
-0.13121693121693123
-0.13174603174603175
-0.13227513227513227
-0.1328042328042328
-0.13333333333333333
-0.13386243386243388
-0.1343915343915344
-0.26243386243386246
-0.262962962962963
-0.2634920634920635
-0.26402116402116405
-0.26455026455026454
-0.2650793650793651
-0.2656084656084656
-0.2661375661375662
-0.26666666666666666
-0.2671957671957672
-0.26772486772486775
-0.26825396825396824
-0.2687830687830688
-0.26931216931216934
-0.2698412698412699
-0.8169312169312171
-0.8174603174603176
-0.817989417989418
-0.8185185185185186
-0.8190476190476191
-0.8195767195767196
-0.8201058201058201
-0.8206349206349207
-0.8211640211640212
-0.8216931216931217
-0.8222222222222223
-0.8227513227513228
-0.8232804232804233
-0.8238095238095239
-0.8243386243386244
-0.8248677248677249
-0.8253968253968255
-0.825925925925926
-0.8264550264550264
-0.826984126984127
-0.8275132275132275
-0.828042328042328
-0.8285714285714287
-0.8291005291005292
-0.8296296296296297
-0.8301587301587303
-0.8306878306878308
-0.8312169312169313
-0.8317460317460318
-0.8322751322751324
-0.8328042328042329
-0.8333333333333334
-0.833862433862434
-0.8343915343915345
-0.834920634920635
-0.8354497354497356
-0.835978835978836
-0.8365079365079365
-0.8370370370370371
-0.8375661375661376
-0.8380952380952381
-0.8386243386243387
-0.8391534391534392
-0.8396825396825397
-0.8402116402116402
-0.8407407407407408
-0.8412698412698413
-0.8417989417989418
-0.8423280423280424
-0.8502645502645504
-0.8507936507936509
-0.8513227513227514
-0.8518518518518519
-0.8523809523809525
-0.852910052910053
-0.8534391534391534
-0.853968253968254
-0.8544973544973545
-0.855026455026455
-0.8814814814814815
-0.882010582010582
-0.8825396825396826
-0.8830687830687831
-0.8835978835978836
-0.8841269841269842
-0.8846560846560847
-0.8851851851851852
-0.8857142857142858
-0.8862433862433863
-0.888888888888889
-0.8894179894179894
-0.8899470899470899
-0.8904761904761906
-0.8910052910052911
-0.8915343915343916
-0.8947089947089948
-0.8952380952380953
-0.8957671957671959
-0.8962962962962964
-0.8968253968253969
-0.8973544973544975
-0.897883597883598
-0.8984126984126984
-0.898941798941799
-0.8994708994708995
-0.9
-0.04021164021164022
-0.040740740740740744
-0.043915343915343914
-0.10793650793650794
-0.10846560846560847
-0.10899470899470899
-0.10952380952380954
-0.11005291005291007
-0.11058201058201059
-0.11111111111111112
-0.11164021164021165
-0.11216931216931218
-0.1126984126984127
-0.11322751322751325
-0.11375661375661376
-0.2470899470899471
-0.24761904761904763
-0.24814814814814817
-0.2486772486772487
-0.2492063492063492
-0.24973544973544975
-0.2502645502645503
-0.2507936507936508
-0.25132275132275134
-0.8190476190476191
-0.8195767195767196
-0.8201058201058201
-0.8206349206349207
-0.8211640211640212
-0.8216931216931217
-0.8222222222222223
-0.8227513227513228
-0.8232804232804233
-0.8238095238095239
-0.8243386243386244
-0.8248677248677249
-0.8253968253968255
-0.825925925925926
-0.8264550264550264
-0.826984126984127
-0.8275132275132275
-0.828042328042328
-0.8285714285714287
-0.8291005291005292
-0.8296296296296297
-0.8301587301587303
-0.8306878306878308
-0.8312169312169313
-0.8317460317460318
-0.8322751322751324
-0.8328042328042329
-0.8333333333333334
-0.833862433862434
-0.8343915343915345
-0.834920634920635
-0.8354497354497356
-0.835978835978836
-0.8365079365079365
-0.8370370370370371
-0.8375661375661376
-0.8380952380952381
-0.8830687830687831
-0.8835978835978836
-0.8841269841269842
-0.8846560846560847
-0.8851851851851852
-0.8857142857142858
-0.8862433862433863
-0.8867724867724868
-0.8873015873015874
-0.8878306878306879
-0.8904761904761906
-0.8910052910052911
-0.8915343915343916
-0.8920634920634922
-0.8925925925925927
-0.8931216931216932
-0.8936507936507937
-0.8941798941798943
-0.8947089947089948
-0.8952380952380953
-0.8957671957671959
-0.8962962962962964
