0.15151515151515152
0.15182124273033365
0.15273951637588
0.4346495255586165
0.4349556167737987
0.4352617079889808
0.4355677992041629
0.43587389041934504
0.43832262014080203
0.43862871135598414
0.43893480257116624
0.4392408937863484
0.4395469850015305
0.8160391796755434
0.8187940006121824
0.8191000918273647
0.8194061830425468
0.819712274257729
0.820018365472911
0.8203244566880932
0.15151515151515152
0.15273951637588
0.15304560759106214
0.15335169880624427
0.35139271502907865
0.4328129782675238
0.4331190694827059
0.43342516069788806
0.43373125191307016
0.43403734312825226
0.4343434343434344
0.4346495255586165
0.4349556167737987
0.4352617079889808
0.4355677992041629
0.43771043771043777
0.4380165289256199
0.8120599938781757
0.812366085093358
0.8157330884603613
0.8160391796755434
0.8163452708907255
0.4355677992041629
0.43587389041934504
0.43617998163452715
0.43648607284970925
0.4367921640648914
0.4370982552800735
0.43740434649525567
0.815120906029997
0.8154269972451792
0.8157330884603613
0.8160391796755434
0.8163452708907255
0.8166513621059077
0.8169574533210897
0.8172635445362719
0.817569635751454
0.8178757269666361
0.8181818181818182
0.8184879093970004
0.8187940006121824
0.8191000918273647
0.8194061830425468
0.39240893786348335
0.39271502907866546
0.3930211202938476
0.3933272115090297
0.3936333027242118
0.393939393939394
0.39638812366085097
0.4600550964187328
0.460361187633915
0.4606672788490971
0.46097337006427924
0.46127946127946134
0.46158555249464345
0.4618916437098256
0.4621977349250077
0.8080808080808081
0.8083868992959903
0.8086929905111724
0.8089990817263545
0.8093051729415366
0.8096112641567188
0.809917355371901
0.6932966023875116
0.6936026936026937
0.6960514233241506
0.6963575145393328
0.6966636057545149
0.696969696969697
0.6972757881848791
0.6975818794000613
0.6978879706152433
0.6981940618304255
0.6985001530456076
0.6988062442607897
0.6991123354759718
0.7869605142332416
0.7872666054484236
0.7875726966636059
0.787878787878788
0.7881848790939702
0.7884909703091522
0.7887970615243344
0.9828588919498011
0.1992653810835629
0.19957147229874503
0.19987756351392716
0.2001836547291093
0.2283440465258647
0.34741352923171104
0.3477196204468932
0.3480257116620753
0.34833180287725746
0.34863789409243956
0.3624119987756352
0.3627180899908173
0.36302418120599944
0.3679216406489134
0.3688399142944598
0.4315886134067953
0.43189470462197743
0.43220079583715953
0.4325068870523417
0.4328129782675238
0.4331190694827059
0.4983164983164984
0.4986225895316805
0.4989286807468626
0.49923477196204474
0.49954086317722685
0.49984695439240895
0.5001530456075911
0.5004591368227732
0.502601775329048
0.5029078665442303
0.5032139577594124
0.5035200489745945
0.9724517906336089
0.9727578818487911
0.9730639730639732
0.9733700642791553
0.9736761554943374
0.9739822467095196
0.9742883379247016
0.9745944291398838
0.9749005203550659
0.975206611570248
0.9755127027854301
0.9758187940006123
0.9761248852157943
0.9764309764309765
0.9767370676461586
0.9770431588613409
0.9773492500765228
0.9776553412917051
0.9822467095194368
0.982552800734619
0.9828588919498011
0.9831649831649832
0.9834710743801653
0.15916743189470464
0.16039179675543314
0.16069788797061524
0.16100397918579737
0.20171411080501989
0.20202020202020202
0.20232629323538415
0.3455769819406183
0.34588307315580047
0.34618916437098257
0.35108662381389655
0.3520048974594429
0.352310988674625
0.35261707988980723
0.9644934190388736
0.9856137128864403
0.9859198041016223
0.9862258953168045
0.9865319865319866
0.9868380777471688
0.9871441689623508
0.987450260177533
0.9877563513927151
0.9880624426078972
0.9883685338230793
0.34251606978879706
0.3535353535353536
0.35384144475053575
0.3780226507499235
0.3783287419651056
0.9871441689623508
0.9877563513927151
0.9880624426078972
0.9883685338230793
0.9886746250382615
0.9889807162534435
0.9892868074686257
0.9895928986838078
0.98989898989899
0.990205081114172
0.9905111723293543
0.3556779920416285
0.3559840832568106
0.9871441689623508
0.987450260177533
0.9877563513927151
0.9880624426078972
0.9883685338230793
0.9886746250382615
0.9889807162534435
0.9892868074686257
0.9895928986838078
0.98989898989899
0.990205081114172
0.9905111723293543
0.9908172635445363
0.9911233547597185
0.9914294459749006
0.9917355371900828
0.162534435261708
0.16284052647689012
0.16314661769207223
0.16345270890725438
0.3363942454851546
0.3367003367003367
0.3370064279155189
0.337312519130701
0.9889807162534435
0.9892868074686257
0.9895928986838078
0.98989898989899
0.990205081114172
0.9905111723293543
0.9908172635445363
0.9911233547597185
0.9914294459749006
0.9917355371900828
0.9920416284052648
0.15977961432506887
0.160085705540251
0.18457300275482094
0.22926232017141113
0.22956841138659323
0.22987450260177536
0.2301805938169575
0.23048668503213962
0.23079277624732172
0.23109886746250385
0.23140495867768598
0.23171104989286812
0.23201714110805022
0.23232323232323235
0.23262932353841448
0.2329354147535966
0.2332415059687787
0.23354759718396084
0.23385368839914297
0.2341597796143251
0.2344658708295072
0.23477196204468934
0.3905723905723906
0.39087848178757273
0.39118457300275483
-0.04866850321395776
-0.04897459442913989
-0.04928068564432201
-0.049586776859504134
-0.04989286807468626
-0.05723905723905725
-0.05754514845423937
-0.057851239669421496
-0.05815733088460362
-0.05846342209978574
-0.05876951331496787
-0.05907560453014999
-0.059381695745332114
-0.15671870217324765
-0.15702479338842976
-0.1573308846036119
-0.15824915824915825
-0.15855524946434038
-0.1588613406795225
-0.16345270890725438
-0.1925313743495562
-0.009488827670645853
-0.04713804713804714
-0.04744413835322927
-0.05325987144168962
-0.053565962656871746
-0.05387205387205387
-0.05417814508723601
-0.05448423630241813
-0.0554025099479645
-0.055708601163146625
-0.05601469237832875
-0.05632078359351087
-0.056626874808692995
-0.05693296602387512
-0.05723905723905725
-0.05754514845423937
-0.06305479032751761
-0.06336088154269973
-0.04438322620140803
-0.04468931741659015
-0.044995408631772274
-0.0453014998469544
-0.04621977349250077
-0.04652586470768289
-0.046831955922865015
-0.14539332721150905
-0.14569941842669115
-0.14600550964187328
-0.1463116008570554
-0.14661769207223754
-0.14692378328741965
-0.1472298745026018
-0.1475359657177839
-0.14784205693296604
-0.14814814814814817
-0.1484542393633303
-0.1487603305785124
-0.14906642179369453
-0.14937251300887666
-0.1496786042240588
-0.15671870217324765
-0.15702479338842976
-0.1573308846036119
-0.15763697581879402
-0.15794306703397615
-0.15824915824915825
-0.15855524946434038
-0.1588613406795225
-0.15916743189470464
-0.16192225283134373
-0.16222834404652586
-0.162534435261708
-0.16284052647689012
-0.4793388429752066
-0.4796449341903887
-0.4799510254055709
-0.05723905723905725
-0.05754514845423937
-0.057851239669421496
-0.15335169880624427
-0.1536577900214264
-0.15396388123660854
-0.15426997245179067
-0.15457606366697277
-0.15794306703397615
-0.3868992959902051
-0.3872053872053873
-0.3875114784205694
-0.39026629935720847
-0.3905723905723906
-0.39087848178757273
-0.391490664217937
-0.3957759412304867
-0.4349556167737987
-0.4352617079889808
-0.4355677992041629
-0.43648607284970925
-0.9797979797979799
-0.980104071013162
-0.9804101622283441
-0.9807162534435263
-0.9810223446587083
-0.9837771655953476
-0.9840832568105295
-0.9843893480257118
-0.9846954392408939
-0.985001530456076
-0.9853076216712581
-0.9856137128864403
-0.9859198041016223
-0.9862258953168045
-0.9865319865319866
-0.9868380777471688
-0.9871441689623508
-0.987450260177533
-0.9877563513927151
-0.9880624426078972
-0.9883685338230793
-0.9886746250382615
-0.9889807162534435
-0.9892868074686257
-0.15977961432506887
-0.33578206305479036
-0.3360881542699725
-0.38996020814202637
-0.39669421487603307
-0.40312213039485767
-0.4064891337618611
-0.40679522497704323
-0.40710131619222534
-0.40863177226813596
-0.40893786348331806
-0.4092439546985002
-0.4095500459136823
-0.4098561371288645
-0.4101622283440466
-0.4104683195592287
-0.41077441077441085
-0.41108050198959295
-0.41138659320477505
-0.4116926844199572
-0.4126109580655036
-0.4220997857361494
-0.4224058769513315
-0.42271196816651363
-0.4230180593816958
-0.4233241505968779
-0.42363024181206
-0.42393633302724215
-0.42424242424242425
-0.4245485154576064
-0.4248546066727885
-0.4251606978879706
-0.4254667891031528
-0.4343434343434344
-0.4346495255586165
-0.4695439240893787
-0.4698500153045608
-0.47015610651974293
-0.47046219773492504
-0.4707682889501072
-0.6550352004897461
-0.9816345270890726
-0.9819406183042548
-0.9822467095194368
-0.982552800734619
-0.9828588919498011
-0.9831649831649832
-0.9834710743801653
-0.32384450566268747
-0.3376186103458831
-0.33792470156106524
-0.33823079277624735
-0.3388429752066116
-0.3813896541169269
-0.3872053872053873
-0.3875114784205694
-0.3878175696357515
-0.3893480257116621
-0.38965411692684426
-0.38996020814202637
-0.40679522497704323
-0.40710131619222534
-0.40893786348331806
-0.41108050198959295
-0.41138659320477505
-0.4116926844199572
-0.4119987756351393
-0.4181205999387818
-0.4184266911539639
-0.418732782369146
-0.4190388735843282
-0.4193449647995103
-0.9819406183042548
-0.9822467095194368
-0.982552800734619
-0.9828588919498011
-0.9831649831649832
-0.9837771655953476
-0.9840832568105295
-0.9843893480257118
-0.9846954392408939
-0.2206917661463116
-0.22099785736149374
-0.22130394857667587
-0.221610039791858
-0.22344658708295073
-0.224058769513315
-0.3771043771043771
-0.3774104683195592
-0.38383838383838387
-0.38996020814202637
-0.39026629935720847
-0.3905723905723906
-0.39087848178757273
-0.39271502907866546
-0.3930211202938476
-0.3933272115090297
-0.4003673094582186
-0.4006734006734007
-0.4009794918885828
-0.40128558310376494
-0.40159167431894705
-0.4018977655341292
-0.40281603917967557
-0.40312213039485767
-0.40342822161003977
-0.40373431282522193
-0.40404040404040403
-0.4043464952555862
-0.4046525864707683
-0.4049586776859505
-0.4052647689011326
-0.4055708601163147
-0.40587695133149687
-0.406183042546679
-0.4064891337618611
-0.40679522497704323
-0.40710131619222534
-0.41077441077441085
-0.41108050198959295
-0.41352923171104994
-0.41383532292623204
-0.4141414141414142
-0.4144475053565963
-0.41475359657177846
-0.41505968778696056
-0.41536577900214267
-0.4156718702173248
-0.4159779614325069
-0.41628405264768903
-0.4165901438628712
-0.4168962350780533
-0.41720232629323545
-0.42638506274869914
-0.42669115396388124
-0.4269972451790634
-0.4273033363942455
-0.4276094276094276
-0.42791551882460976
-0.42822161003979187
-0.42852770125497397
-0.4288337924701561
-0.42913988368533823
-0.4294459749005204
-0.4297520661157025
-0.4300581573308846
-0.43036424854606675
-0.43067033976124885
-0.43097643097643096
-0.4331190694827059
-0.43342516069788806
-0.4355677992041629
-0.43587389041934504
-0.43617998163452715
-0.43648607284970925
-0.4367921640648914
-0.4370982552800735
-0.43740434649525567
-0.21242730333639426
-0.2127333945515764
-0.21395775941230488
-0.21426385062748698
-0.21456994184266912
-0.21487603305785125
-0.2910927456382002
-0.2913988368533823
-0.29170492806856446
-0.29201101928374656
-0.29231711049892867
-0.29415365779002145
-0.2944597490052036
-0.2947658402203857
-0.3100704009794919
-0.31037649219467406
-0.31068258340985616
-0.3109886746250383
-0.37649219467401285
-0.376798285889195
-0.37771655953474137
-0.3780226507499235
-0.3783287419651056
-0.38322620140801966
-0.38353229262320176
-0.38383838383838387
-0.3853688399142945
-0.38567493112947665
-0.38598102234465875
-0.386593204775023
-0.3868992959902051
-0.3872053872053873
-0.3875114784205694
-0.3905723905723906
-0.39087848178757273
-0.39271502907866546
-0.3930211202938476
-0.3933272115090297
-0.3936333027242118
-0.393939393939394
-0.39485766758494034
-0.39516375880012244
-0.3954698500153046
-0.3957759412304867
-0.3997551270278543
-0.4000612182430364
-0.4003673094582186
-0.4006734006734007
-0.4009794918885828
-0.40128558310376494
-0.40159167431894705
-0.4025099479644934
-0.406183042546679
-0.4064891337618611
-0.40679522497704323
-0.40710131619222534
-0.4074074074074075
-0.4077134986225896
-0.4080195898377717
-0.40832568105295386
-0.40863177226813596
-0.40893786348331806
-0.4092439546985002
-0.4095500459136823
-0.4098561371288645
-0.4101622283440466
-0.4104683195592287
-0.41077441077441085
-0.41108050198959295
-0.41138659320477505
-0.4116926844199572
-0.4119987756351393
-0.41230486685032147
-0.41505968778696056
-0.41536577900214267
-0.4156718702173248
-0.4159779614325069
-0.41628405264768903
-0.4165901438628712
-0.4168962350780533
-0.41720232629323545
-0.41750841750841755
-0.421181512090603
-0.42148760330578516
-0.42179369452096727
-0.4220997857361494
-0.4224058769513315
-0.42271196816651363
-0.4230180593816958
-0.4233241505968779
-0.42363024181206
-0.42393633302724215
-0.42424242424242425
-0.4245485154576064
-0.4248546066727885
-0.4251606978879706
-0.4254667891031528
-0.4257728803183349
-0.426078971533517
-0.42638506274869914
-0.42669115396388124
-0.4269972451790634
-0.4273033363942455
-0.4276094276094276
-0.42791551882460976
-0.42822161003979187
-0.42852770125497397
-0.4288337924701561
-0.42913988368533823
-0.4294459749005204
-0.4297520661157025
-0.4300581573308846
-0.43036424854606675
-0.43067033976124885
-0.43097643097643096
-0.43128252219161317
-0.4315886134067953
-0.43189470462197743
-0.43220079583715953
-0.4325068870523417
-0.4328129782675238
-0.4331190694827059
-0.43342516069788806
-0.43373125191307016
-0.43403734312825226
-0.4343434343434344
-0.4346495255586165
-0.4349556167737987
-0.4352617079889808
-0.4355677992041629
-0.43587389041934504
-0.43617998163452715
-0.43648607284970925
-0.4367921640648914
-0.4370982552800735
-0.43740434649525567
-0.43771043771043777
-0.4380165289256199
-0.43832262014080203
-0.43862871135598414
-0.43893480257116624
-0.4392408937863484
-0.4395469850015305
-0.43985307621671266
-0.44015916743189476
-0.44046525864707686
-0.440771349862259
-0.22375267829813286
-0.2252831343740435
-0.2255892255892256
-0.22589531680440772
-0.2996632996632997
-0.2999693908784818
-0.30027548209366395
-0.30058157330884605
-0.3008876645240282
-0.3011937557392103
-0.337312519130701
-0.3376186103458831
-0.33823079277624735
-0.4297520661157025
-0.4300581573308846
-0.43036424854606675
-0.43067033976124885
-0.43097643097643096
-0.43128252219161317
-0.4315886134067953
-0.43189470462197743
-0.43220079583715953
-0.4325068870523417
-0.4328129782675238
-0.4331190694827059
-0.43342516069788806
-0.43373125191307016
-0.43403734312825226
-0.4343434343434344
-0.4346495255586165
-0.4349556167737987
-0.4352617079889808
-0.4355677992041629
