0.32402826855123673
0.33833922261484095
0.34408127208480566
0.34416961130742046
0.3442579505300353
0.34434628975265014
0.344434628975265
0.3445229681978798
0.3522968197879858
0.3523851590106007
0.3524734982332155
0.3604240282685512
0.36051236749116605
0.552208480565371
0.5522968197879858
0.7901943462897526
0.7902826855123675
0.7903710247349822
0.7936395759717314
0.7937279151943463
0.793816254416961
0.7939045936395759
0.7939929328621909
0.7940812720848056
0.7941696113074205
0.794434628975265
0.7945229681978798
0.7946113074204946
0.84160777385159
0.8416961130742049
0.8417844522968196
0.8418727915194345
0.8419611307420495
0.8420494699646642
0.8514134275618374
0.8515017667844522
0.851590106007067
0.851678445229682
0.8575088339222615
0.8575971731448763
0.8576855123674911
0.8577738515901059
0.8578621908127209
0.8579505300353356
0.8580388692579505
0.8581272084805652
0.8582155477031801
0.8583038869257951
0.8583922261484098
0.8584805653710247
0.8585689045936394
0.8586572438162544
0.8587455830388692
0.858833922261484
0.8589222614840988
0.8590106007067136
0.8590989399293286
0.8591872791519434
0.8592756183745582
0.859363957597173
0.859452296819788
0.8595406360424028
0.8596289752650176
0.8597173144876323
0.8598056537102473
0.8598939929328622
0.8599823321554769
0.8600706713780918
0.8601590106007065
0.8602473498233215
0.8603356890459364
0.8604240282685511
0.860512367491166
0.8606007067137809
0.8606890459363957
0.8607773851590105
0.8608657243816253
0.8609540636042401
0.8610424028268551
0.8611307420494699
0.8612190812720847
0.8735865724381625
0.8736749116607773
0.8737632508833921
0.8742932862190812
0.8743816254416961
0.8744699646643108
0.8745583038869257
0.8746466431095407
0.8747349823321554
0.8748233215547703
0.874911660777385
0.875
0.8750883392226148
0.55273851590106
0.5528268551236749
0.5552120141342756
0.5553886925795053
0.55547703180212
0.5656360424028267
0.5657243816254417
0.5659010600706713
0.5659893992932862
0.566077738515901
0.7825971731448762
0.7826855123674912
0.7827738515901059
0.7828621908127208
0.7829505300353355
0.7872791519434628
0.7873674911660777
0.7874558303886926
0.7875441696113074
0.7876325088339221
0.787720848056537
0.787809187279152
0.7879858657243816
0.7880742049469963
0.7881625441696113
0.7882508833922262
0.7883392226148409
0.7884275618374558
0.7939929328621909
0.7940812720848056
0.7941696113074205
0.7942579505300352
0.79434628975265
0.794434628975265
0.7945229681978798
0.7946113074204946
0.7946996466431094
0.7947879858657244
0.7948763250883392
0.794964664310954
0.7950530035335688
0.7951413427561836
0.7952296819787985
0.7953180212014134
0.7954063604240281
0.795494699646643
0.795583038869258
0.7973498233215547
0.7999116607773852
0.7999999999999999
0.8000883392226147
0.8001766784452296
0.8002650176678445
0.8017667844522967
0.8018551236749116
0.8019434628975265
0.8020318021201412
0.8079505300353356
0.8080388692579505
0.8081272084805653
0.8082155477031802
0.8083038869257949
0.8083922261484099
0.8084805653710248
0.8085689045936395
0.8086572438162544
0.8087455830388691
0.8088339222614841
0.8089222614840988
0.8090106007067137
0.8121024734982332
0.8121908127208479
0.8122791519434628
0.8157243816254416
0.8158127208480566
0.8159010600706713
0.8159893992932862
0.8160777385159009
0.8161660777385158
0.8162544169611308
0.8163427561837455
0.8164310954063603
0.8165194346289751
0.8166077738515901
0.8166961130742049
0.8167844522968197
0.8168727915194345
0.8169611307420495
0.8170494699646643
0.8171378091872791
0.8172261484098939
0.8173144876325087
0.8174028268551237
0.8174911660777384
0.8175795053003533
0.817667844522968
0.8227915194346288
0.8228798586572438
0.8229681978798586
0.8230565371024734
0.8275618374558303
0.8276501766784452
0.82773851590106
0.8278268551236748
0.8279151943462897
0.8280035335689045
0.8280918727915193
0.8281802120141342
0.8282685512367491
0.8283568904593639
0.8284452296819788
0.8285335689045935
0.8286219081272084
0.8287102473498233
0.8287985865724381
0.828886925795053
0.8289752650176677
0.8290636042402827
0.8291519434628974
0.8292402826855123
0.8293286219081271
0.8294169611307419
0.8295053003533569
0.8295936395759717
0.8296819787985865
0.8297703180212013
0.8298586572438162
0.8348939929328622
0.834982332155477
0.8350706713780918
0.8351590106007066
0.8352473498233214
0.8353356890459364
0.8354240282685512
0.835512367491166
0.8412544169611307
0.8413427561837455
0.8414310954063603
0.8437279151943462
0.843816254416961
0.8439045936395759
0.8439929328621908
0.8440812720848055
0.8441696113074204
0.8442579505300353
0.8443462897526501
0.8447879858657243
0.8453180212014133
0.8454063604240283
0.845494699646643
0.8455830388692579
0.8456713780918726
0.8457597173144875
0.8458480565371025
0.8459363957597172
0.8460247349823321
0.8461130742049469
0.8462014134275618
0.8462897526501766
0.8463780918727914
0.8464664310954062
0.8465547703180211
0.8485865724381625
0.8486749116607774
0.8487632508833921
0.848851590106007
0.848939929328622
0.8497349823321555
0.8498233215547703
0.8499116607773851
0.8499999999999999
0.8500883392226148
0.8501766784452296
0.8502650176678445
0.8503533568904592
0.8504416961130741
0.850530035335689
0.8506183745583038
0.8507067137809187
0.8507950530035334
0.8508833922261484
0.8509717314487633
0.851060070671378
0.8511484098939928
0.8512367491166077
0.8513250883392226
0.8514134275618374
0.8515017667844522
0.851590106007067
0.851678445229682
0.8517667844522968
0.8518551236749116
0.853268551236749
0.8533568904593639
0.8534452296819787
0.8535335689045935
0.8536219081272085
0.8537102473498233
0.8537985865724381
0.8538869257950529
0.8539752650176679
0.8540636042402826
0.8541519434628975
0.8542402826855122
0.8577738515901059
0.8578621908127209
0.8579505300353356
0.8580388692579505
0.8581272084805652
0.8582155477031801
0.8583038869257951
0.8583922261484098
0.8584805653710247
0.8585689045936394
0.8586572438162544
0.8587455830388692
0.858833922261484
0.8589222614840988
0.8590106007067136
0.8590989399293286
0.8591872791519434
0.8592756183745582
0.859363957597173
0.859452296819788
0.8595406360424028
0.8596289752650176
0.8597173144876323
0.8598056537102473
0.8598939929328622
0.8599823321554769
0.8600706713780918
0.8601590106007065
0.8602473498233215
0.8603356890459364
0.8604240282685511
0.860512367491166
0.8606007067137809
0.8606890459363957
0.8607773851590105
0.8608657243816253
0.8609540636042401
0.8610424028268551
0.8611307420494699
0.8612190812720847
0.8613074204946995
0.8613957597173145
0.8614840989399293
0.8615724381625441
0.8616607773851589
0.8617491166077736
0.8618374558303886
0.8619257950530035
0.8620141342756182
0.8621024734982331
0.8621908127208481
0.8622791519434628
0.8623674911660777
0.8624558303886924
0.8625441696113074
0.8626325088339222
0.8644876325088339
0.8645759717314487
0.8646643109540635
0.8647526501766784
0.8648409893992931
0.8651060070671377
0.8651943462897526
0.8652826855123675
0.8653710247349823
0.865459363957597
0.8751766784452296
0.8752650176678444
0.8753533568904592
0.8754416961130742
0.875530035335689
0.8756183745583038
0.8757067137809186
0.8757950530035336
0.8758833922261484
0.8759717314487632
0.8760600706713779
0.8761484098939928
0.8762367491166078
0.8763250883392225
0.8764134275618374
0.8765017667844521
0.8765901060070671
0.876678445229682
0.8767667844522967
0.8768551236749116
0.8817137809187279
0.8818021201413426
0.8818904593639575
0.8819787985865722
0.8820671378091872
0.8821554770318021
0.8822438162544168
0.8823321554770317
0.8824204946996467
0.8825088339222614
0.8825971731448763
0.882685512367491
0.8827738515901059
0.8886925795053003
0.8887809187279151
0.88886925795053
0.8889575971731447
0.8890459363957597
0.8935512367491165
0.8955830388692578
0.9570671378091872
0.9571554770318019
0.9572438162544169
0.9573321554770318
0.7704063604240282
0.770494699646643
0.7705830388692578
0.7706713780918728
0.7707597173144876
0.7708480565371024
0.7709363957597172
0.7737632508833923
0.773851590106007
0.7771201413427561
0.7772084805653708
0.7772968197879858
0.7773851590106007
0.7774734982332154
0.7775618374558303
0.7818904593639574
0.7840106007067137
0.7840989399293286
0.7871024734982331
0.787190812720848
0.787809187279152
0.7878975265017667
0.7879858657243816
0.7886925795053003
0.7887809187279151
0.7888692579505299
0.7889575971731448
0.7890459363957597
0.7891342756183745
0.7892226148409893
0.7893109540636043
0.7930212014134275
0.7931095406360423
0.7931978798586571
0.7932862190812721
0.7933745583038868
0.7934628975265017
0.7935512367491164
0.7936395759717314
0.7937279151943463
0.793816254416961
0.7939045936395759
0.7939929328621909
0.7940812720848056
0.7941696113074205
0.7947879858657244
0.7948763250883392
0.794964664310954
0.7950530035335688
0.7951413427561836
0.7952296819787985
0.7953180212014134
0.795583038869258
0.7956713780918727
0.7957597173144876
0.7958480565371023
0.7960247349823322
0.7961130742049469
0.7962014134275618
0.7962897526501765
0.7963780918727915
0.7964664310954063
0.7965547703180211
0.7970848056537101
0.7971731448763251
0.7972614840989398
0.7980565371024735
0.7981448763250882
0.798233215547703
0.798321554770318
0.7984098939929328
0.7984982332155476
0.7985865724381624
0.7987632508833922
0.7989399293286218
0.7990282685512367
0.7991166077738515
0.7992049469964664
0.7992932862190811
0.799381625441696
0.799469964664311
0.7995583038869257
0.7996466431095406
0.7997349823321553
0.7998233215547703
0.7999116607773852
0.7999999999999999
0.8000883392226147
0.8001766784452296
0.8002650176678445
0.8003533568904593
0.8004416961130741
0.8005300353356889
0.8006183745583039
0.8014134275618374
0.8015017667844523
0.801590106007067
0.8016784452296819
0.8017667844522967
0.8022968197879858
0.8023851590106006
0.8024734982332155
0.8025618374558304
0.8026501766784452
0.8038869257950529
0.8039752650176677
0.8040636042402826
0.8041519434628975
0.8042402826855123
0.8043286219081272
0.8044169611307419
0.8045053003533569
0.8045936395759717
0.8046819787985865
0.8047703180212014
0.806007067137809
0.806095406360424
0.8061837455830388
0.8062720848056536
0.8068021201413427
0.8068904593639575
0.8069787985865724
0.8070671378091872
0.807155477031802
0.807243816254417
0.8073321554770317
0.8074204946996466
0.8075088339222614
0.8075971731448762
0.8076855123674912
0.807773851590106
0.8078621908127207
0.8079505300353356
0.8080388692579505
0.8081272084805653
0.8082155477031802
0.8083038869257949
0.8083922261484099
0.8087455830388691
0.8088339222614841
0.8089222614840988
0.8090106007067137
0.8090989399293285
0.8091872791519434
0.8092756183745583
0.8093639575971731
0.8094522968197879
0.8095406360424027
0.8096289752650176
0.8097173144876324
0.8098056537102473
0.809893992932862
0.809982332155477
0.8100706713780919
0.8120141342756183
0.8121024734982332
0.8121908127208479
0.8122791519434628
0.8123674911660778
0.8124558303886925
0.8125441696113074
0.8126325088339221
0.8145759717314486
0.8148409893992932
0.814929328621908
0.815017667844523
0.8151060070671378
0.8151943462897526
0.8152826855123674
0.8153710247349822
0.8154593639575971
0.815547703180212
0.8156360424028267
0.8157243816254416
0.8158127208480566
0.8159010600706713
0.8159893992932862
0.8160777385159009
0.8173144876325087
0.8174028268551237
0.8174911660777384
0.8175795053003533
0.817667844522968
0.817756183745583
0.8178445229681979
0.8179328621908126
0.8180212014134275
0.8181095406360422
0.8181978798586572
0.8182862190812721
0.8183745583038868
0.8191696113074204
0.8192579505300353
0.8193462897526501
0.819434628975265
0.8195229681978797
0.8201413427561838
0.8203180212014133
0.8204063604240281
0.8204946996466431
0.8205830388692579
0.8206713780918727
0.8207597173144875
0.8208480565371024
0.8209363957597173
0.8210247349823321
0.8222614840989398
0.8223498233215546
0.8224381625441696
0.8225265017667844
0.8226148409893992
0.822703180212014
0.8227915194346288
0.8228798586572438
0.8229681978798586
0.8230565371024734
0.8231448763250883
0.8232332155477031
0.823321554770318
0.826060070671378
0.8261484098939929
0.8332155477031801
0.8333038869257949
0.8333922261484099
0.8336572438162543
0.8337455830388693
0.833833922261484
0.8339222614840989
0.8340106007067136
0.8370141342756183
0.8371024734982331
0.8371908127208479
0.8414310954063603
0.8415194346289753
0.84160777385159
0.8416961130742049
0.8453180212014133
0.8454063604240283
0.845494699646643
0.8455830388692579
0.8456713780918726
0.847173144876325
0.848939929328622
0.8490282685512367
0.8491166077738515
0.8492049469964663
0.8492932862190813
0.849381625441696
0.8494699646643109
0.8495583038869257
0.8506183745583038
0.8507067137809187
0.8507950530035334
0.8508833922261484
0.8509717314487633
0.851060070671378
0.8511484098939928
0.8512367491166077
0.8513250883392226
0.8514134275618374
0.8515017667844522
0.851590106007067
0.8574204946996465
0.8575088339222615
0.8575971731448763
0.8576855123674911
0.8577738515901059
0.8578621908127209
0.8579505300353356
0.8580388692579505
0.8581272084805652
0.8582155477031801
0.8583038869257951
0.8583922261484098
0.8584805653710247
0.8585689045936394
0.8586572438162544
0.8587455830388692
0.8590989399293286
0.8617491166077736
0.8618374558303886
0.8619257950530035
0.8620141342756182
0.8621024734982331
0.8621908127208481
0.8622791519434628
0.8623674911660777
0.8636925795053002
0.8637809187279152
0.8638692579505299
0.8639575971731448
0.8640459363957596
0.8641342756183745
0.8642226148409894
0.8643109540636041
0.864399293286219
0.8644876325088339
0.8645759717314487
0.8646643109540635
0.8647526501766784
0.8648409893992931
0.8649293286219081
0.8650176678445229
0.8651060070671377
0.8718197879858656
0.872791519434629
0.8728798586572437
0.8729681978798586
0.8730565371024736
0.8731448763250883
0.8732332155477031
0.8733215547703179
0.8734098939929327
0.8756183745583038
0.8757067137809186
0.8757950530035336
0.8758833922261484
0.8759717314487632
0.8760600706713779
0.8761484098939928
0.8768551236749116
0.8786219081272084
0.8787102473498233
0.878798586572438
0.8788869257950529
0.8789752650176678
0.8790636042402826
0.8791519434628974
0.8792402826855122
0.8793286219081272
0.879416961130742
0.8795053003533568
0.8795936395759716
0.8796819787985866
0.8797703180212014
0.8798586572438162
0.8799469964664309
0.8800353356890458
0.8808303886925793
0.8809187279151943
0.8810070671378091
0.8810954063604239
0.8815371024734981
0.8820671378091872
0.8821554770318021
0.8822438162544168
0.8823321554770317
0.8824204946996467
0.8825088339222614
0.8825971731448763
0.882685512367491
0.8827738515901059
0.8828621908127208
0.8829505300353356
0.8830388692579504
0.8893992932862189
0.8894876325088339
0.8921378091872791
0.8952296819787985
0.8953180212014133
0.8954063604240282
0.895494699646643
0.8955830388692578
0.8956713780918728
0.8957597173144876
0.8958480565371024
0.8959363957597172
0.896113074204947
0.8970848056537102
0.8971731448763249
0.9020318021201412
0.9021201413427561
0.9022084805653708
0.9028268551236749
0.9029151943462896
0.9052120141342755
0.9053003533568903
0.9053886925795053
0.9054770318021201
0.9055653710247349
0.9056537102473498
0.9085689045936396
0.9086572438162543
0.9104240282685511
0.910512367491166
0.9106007067137809
0.9106890459363957
0.9107773851590104
0.9124558303886926
0.9125441696113074
0.9126325088339221
0.9173144876325088
0.9174028268551235
0.9174911660777385
0.9175795053003533
0.9181978798586571
0.9182862190812721
0.9183745583038868
0.9184628975265017
0.9185512367491164
0.9186395759717314
0.9187279151943463
0.918816254416961
0.9190812720848056
0.9191696113074205
0.9192579505300352
0.91934628975265
0.919434628975265
0.9195229681978798
0.9196113074204946
0.9196996466431094
0.9197879858657244
0.9198763250883392
0.919964664310954
0.9219081272084805
0.9219964664310953
0.9220848056537101
0.9221731448763251
0.9222614840989398
0.9223498233215547
0.9224381625441694
0.9225265017667844
0.9226148409893993
0.922703180212014
0.9227915194346289
0.9228798586572436
0.923321554770318
0.9234098939929328
0.9234982332155476
0.9257950530035335
0.9258833922261483
0.9259717314487631
0.9260600706713781
0.9261484098939928
0.9262367491166077
0.9263250883392224
0.9264134275618374
0.9275618374558302
0.9320671378091872
0.932155477031802
0.9339222614840988
0.9340106007067137
0.9346289752650176
0.9347173144876324
0.9431095406360422
0.9431978798586572
0.9435512367491166
0.9436395759717314
0.9437279151943462
0.943816254416961
0.9439045936395758
0.9439929328621908
0.9440812720848056
0.9441696113074204
0.9442579505300353
0.9443462897526501
0.944434628975265
0.9445229681978797
0.9446113074204946
0.9446996466431093
0.9447879858657243
0.9448763250883392
0.9449646643109539
0.9450530035335688
0.9451413427561838
0.9452296819787985
0.9453180212014133
0.9454063604240281
0.9454946996466431
0.9455830388692579
0.9462897526501767
0.9463780918727914
0.9464664310954063
0.946554770318021
0.9466431095406359
0.9467314487632509
0.9468197879858656
0.9469081272084805
0.9469964664310953
0.9470848056537102
0.947173144876325
0.9472614840989398
0.9473498233215546
0.9474381625441696
0.9475265017667844
0.9476148409893992
0.947703180212014
0.9477915194346288
0.9478798586572438
0.9479681978798586
0.9480565371024734
0.9481448763250883
0.9482332155477031
0.948321554770318
0.9484098939929327
0.9484982332155476
0.9485865724381624
0.9486749116607773
0.9487632508833922
0.948851590106007
0.9489399293286218
0.9490282685512368
0.9491166077738515
0.9492049469964663
0.9492932862190812
0.9493816254416959
0.9494699646643109
0.9495583038869257
0.9496466431095405
0.9497349823321554
0.9498233215547703
0.952208480565371
0.9522968197879857
0.9523851590106006
0.9524734982332154
0.9525618374558303
0.9526501766784452
0.95273851590106
0.9528268551236748
0.9529151943462897
0.9530035335689045
0.9536219081272084
0.9537102473498233
0.9537985865724381
0.953886925795053
0.9539752650176677
0.9540636042402827
0.9541519434628974
0.9542402826855123
0.9543286219081271
0.9544169611307419
0.9545053003533569
0.9545936395759717
0.9546819787985865
0.9567137809187278
0.9568021201413427
0.9568904593639576
0.9583038869257949
0.9583922261484099
0.9584805653710247
0.9592756183745582
0.9593639575971731
0.9594522968197878
0.9595406360424028
0.9596289752650177
0.9597173144876324
0.959893992932862
0.9613074204946995
0.9613957597173144
0.9614840989399294
0.9615724381625441
0.9622791519434629
0.9623674911660777
0.9647526501766783
0.9648409893992932
0.964929328621908
0.9650176678445229
0.9790636042402826
0.9791519434628975
0.9792402826855122
0.9847173144876323
0.9880742049469964
0.9881625441696112
0.988250883392226
0.988339222614841
0.9884275618374558
0.9885159010600706
0.9898409893992931
0.9899293286219081
0.9908127208480565
0.9909010600706712
0.9909893992932861
0.9931095406360424
0.9931978798586572
0.993286219081272
0.9933745583038868
0.9934628975265017
0.9935512367491165
0.9936395759717314
0.6270318021201413
0.6271201413427561
0.627208480565371
0.6272968197879858
0.6273851590106007
0.6274734982332155
0.6284452296819787
0.6506183745583038
0.6507067137809186
0.7703180212014133
0.774381625441696
0.7744699646643108
0.7745583038869258
0.7746466431095406
0.7769434628975265
0.7770318021201412
0.7771201413427561
0.7772084805653708
0.7843639575971731
0.785512367491166
0.7889575971731448
0.7890459363957597
0.7891342756183745
0.7892226148409893
0.7893109540636043
0.789399293286219
0.7894876325088338
0.7895759717314487
0.791077738515901
0.7911660777385158
0.7912544169611307
0.7913427561837456
0.7914310954063604
0.7918727915194346
0.7919611307420493
0.7920494699646643
0.7921378091872792
0.7922261484098939
0.7923144876325088
0.7924028268551235
0.7924911660777385
0.7925795053003533
0.7926678445229681
0.7927561837455829
0.7928445229681979
0.7929328621908127
0.7930212014134275
0.7931095406360423
0.7931978798586571
0.7932862190812721
0.7933745583038868
0.7934628975265017
0.7935512367491164
0.7945229681978798
0.7946113074204946
0.7946996466431094
0.7947879858657244
0.7948763250883392
0.794964664310954
0.7950530035335688
0.7975265017667844
0.7976148409893993
0.797703180212014
0.7977915194346289
0.7978798586572439
0.7979681978798586
0.7980565371024735
0.7981448763250882
0.798233215547703
0.798321554770318
0.7984098939929328
0.7984982332155476
0.7985865724381624
0.7986749116607774
0.7987632508833922
0.798851590106007
0.7989399293286218
0.7990282685512367
0.7991166077738515
0.7992049469964664
0.7992932862190811
0.799381625441696
0.799469964664311
0.7995583038869257
0.7996466431095406
0.7997349823321553
0.80273851590106
0.8028268551236748
0.8029151943462897
0.8030035335689045
0.8030918727915194
0.8031802120141341
0.803268551236749
0.803356890459364
0.8034452296819787
0.8035335689045936
0.8036219081272084
0.8037102473498232
0.8037985865724382
0.8038869257950529
0.8039752650176677
0.8040636042402826
0.8041519434628975
0.8042402826855123
0.8043286219081272
0.8044169611307419
0.8045053003533569
0.8045936395759717
0.8046819787985865
0.8047703180212014
0.8048586572438161
0.8049469964664311
0.8050353356890458
0.8051236749116607
0.8052120141342755
0.8053003533568904
0.8053886925795053
0.80547703180212
0.8055653710247349
0.8056537102473497
0.8057420494699646
0.8059187279151943
0.806007067137809
0.806095406360424
0.8061837455830388
0.8062720848056536
0.8063604240282685
0.8067137809187278
0.8068021201413427
0.8068904593639575
0.8069787985865724
0.8070671378091872
0.807155477031802
0.807243816254417
0.8073321554770317
0.8074204946996466
0.8075088339222614
0.8075971731448762
0.8076855123674912
0.807773851590106
0.8078621908127207
0.8079505300353356
0.8080388692579505
0.8098056537102473
0.809893992932862
0.809982332155477
0.8100706713780919
0.8101590106007066
0.8102473498233215
0.8103356890459362
0.8104240282685512
0.8105123674911661
0.8106007067137808
0.8106890459363956
0.8107773851590105
0.8108657243816254
0.8109540636042402
0.811042402826855
0.81113074204947
0.8112190812720848
0.8113074204946996
0.8113957597173144
0.8114840989399292
0.8115724381625441
0.811660777385159
0.8117491166077737
0.8118374558303886
0.8119257950530036
0.8120141342756183
0.8121024734982332
0.8121908127208479
0.8122791519434628
0.8123674911660778
0.8124558303886925
0.8125441696113074
0.8126325088339221
0.8127208480565371
0.8134275618374557
0.8135159010600707
0.8136042402826854
0.8136925795053003
0.8142226148409892
0.8143109540636042
0.8143992932862191
0.8144876325088338
0.8145759717314486
0.8146643109540636
0.8147526501766784
0.8148409893992932
0.8178445229681979
0.8179328621908126
0.8180212014134275
0.8181095406360422
0.8181978798586572
0.8189929328621908
0.8190812720848056
0.8191696113074204
0.8192579505300353
0.8193462897526501
0.819434628975265
0.8195229681978797
0.8196113074204946
0.8196996466431096
0.8197879858657243
0.8198763250883392
0.8199646643109539
0.8200530035335688
0.8201413427561838
0.8202296819787985
0.8203180212014133
0.8204063604240281
0.8204946996466431
0.8206713780918727
0.8207597173144875
0.8208480565371024
0.8209363957597173
0.8210247349823321
0.821113074204947
0.8212014134275617
0.8212897526501767
0.8213780918727914
0.8214664310954063
0.821554770318021
0.821643109540636
0.8217314487632509
0.8218197879858656
0.8219081272084805
0.8219964664310953
0.8231448763250883
0.8232332155477031
0.823321554770318
0.8234098939929327
0.8234982332155476
0.8235865724381626
0.8236749116607773
0.8240282685512368
0.8241166077738515
0.8242049469964663
0.8242932862190812
0.8243816254416961
0.8244699646643109
0.8245583038869257
0.8246466431095405
0.8247349823321554
0.8248233215547703
0.8249116607773851
0.825
0.8250883392226147
0.8251766784452297
0.8268551236749117
0.8331272084805653
0.8332155477031801
0.8333038869257949
0.8333922261484099
0.8334805653710247
0.8337455830388693
0.8483215547703179
0.8484098939929328
0.8484982332155475
0.8514134275618374
0.8565371024734981
0.856625441696113
0.856713780918728
0.8568021201413427
0.8568904593639575
0.8569787985865723
0.8570671378091871
0.8571554770318021
0.8572438162544169
0.8573321554770317
0.8574204946996465
0.8575088339222615
0.8575971731448763
0.8576855123674911
0.8577738515901059
0.8578621908127209
0.8579505300353356
0.8580388692579505
0.8581272084805652
0.8582155477031801
0.8644876325088339
0.8645759717314487
0.8646643109540635
0.8647526501766784
0.8648409893992931
0.8719964664310954
0.8720848056537102
0.872173144876325
0.8722614840989398
0.8723498233215548
0.8724381625441695
0.8725265017667844
0.8726148409893991
0.8727031802120141
0.872791519434629
0.8728798586572437
0.8729681978798586
0.8730565371024736
0.8731448763250883
0.8785335689045937
0.8786219081272084
0.8787102473498233
0.878798586572438
0.8788869257950529
0.8789752650176678
0.8790636042402826
0.8791519434628974
0.8792402826855122
0.8793286219081272
0.8818904593639575
0.8819787985865722
0.8820671378091872
0.8821554770318021
0.8822438162544168
0.8823321554770317
0.8824204946996467
0.8825088339222614
0.8825971731448763
0.8864840989399293
0.8903710247349823
0.8904593639575971
0.8905477031802118
0.8906360424028268
0.8907243816254417
0.8908127208480564
0.8909010600706713
0.8909893992932862
0.891077738515901
0.8911660777385159
0.8912544169611306
0.8913427561837455
0.8914310954063603
0.8915194346289752
0.89160777385159
0.8916961130742048
0.8917844522968198
0.8918727915194345
0.8919611307420494
0.8920494699646642
0.8921378091872791
0.892226148409894
0.8923144876325088
0.8924028268551235
0.8924911660777384
0.8925795053003533
0.8926678445229681
0.892756183745583
0.8928445229681977
0.8929328621908127
0.8930212014134276
0.8931095406360423
0.8931978798586572
0.8932862190812719
0.8933745583038869
0.8939929328621907
0.8940812720848057
0.8941696113074205
0.8942579505300353
0.8943462897526501
0.8951413427561836
0.8952296819787985
0.8953180212014133
0.8954063604240282
0.895494699646643
0.8955830388692578
0.8956713780918728
0.8957597173144876
0.8958480565371024
0.8959363957597172
0.896024734982332
0.896113074204947
0.8962014134275618
0.8962897526501765
0.8963780918727914
0.8964664310954064
0.8965547703180211
0.896643109540636
0.9010600706713779
0.9106007067137809
0.9106890459363957
0.9107773851590104
0.9108657243816254
0.9109540636042402
0.9132508833922262
0.9133392226148409
0.9134275618374558
0.9135159010600705
0.9136042402826855
0.9136925795053003
0.9137809187279151
0.9138692579505299
0.9139575971731448
0.9140459363957597
0.9141342756183745
0.9142226148409893
0.9143109540636041
0.914399293286219
0.9144876325088338
0.9145759717314487
0.9156360424028268
0.9157243816254416
0.9158127208480564
0.9159010600706714
0.9159893992932862
0.916077738515901
0.9161660777385158
0.9162544169611306
0.9163427561837456
0.9164310954063604
0.9165194346289751
0.91660777385159
0.916696113074205
0.9167844522968197
0.9168727915194346
0.9169611307420493
0.9170494699646642
0.9171378091872792
0.9172261484098939
0.9173144876325088
0.9174028268551235
0.9174911660777385
0.9175795053003533
0.9176678445229681
0.9177561837455829
0.9178445229681979
0.9179328621908127
0.9180212014134275
0.9181095406360423
0.9181978798586571
0.9182862190812721
0.9183745583038868
0.9184628975265017
0.9185512367491164
0.9186395759717314
0.9187279151943463
0.918816254416961
0.9189045936395759
0.9189929328621906
0.9190812720848056
0.9191696113074205
0.9196113074204946
0.9198763250883392
0.9215547703180211
0.9216431095406359
0.9217314487632509
0.9218197879858657
0.9219081272084805
0.9219964664310953
0.9220848056537101
0.9248233215547702
0.9249116607773852
0.9249999999999999
0.9250883392226147
0.9276501766784452
0.92773851590106
0.9278268551236748
0.9312720848056536
0.9313604240282685
0.9317137809187278
0.9318021201413427
0.9318904593639575
0.9319787985865724
0.9320671378091872
0.9331272084805653
0.9332155477031802
0.9333038869257949
0.9333922261484098
0.9338339222614841
0.9339222614840988
0.9340106007067137
0.9340989399293285
0.9341872791519433
0.9342756183745583
0.9343639575971731
0.9344522968197879
0.9345406360424027
0.9346289752650176
0.9347173144876324
0.9348056537102473
0.934893992932862
0.934982332155477
0.9350706713780919
0.936660777385159
0.9371024734982332
0.9371908127208479
0.9372791519434628
0.9373674911660778
0.9374558303886925
0.9375441696113074
0.9376325088339221
0.9377208480565371
0.9378091872791519
0.9378975265017667
0.9380742049469963
0.9381625441696113
0.9382508833922261
0.9383392226148409
0.9384275618374557
0.9385159010600707
0.9386042402826854
0.9386925795053003
0.9431095406360422
0.9431978798586572
0.9432862190812721
0.9440812720848056
0.9441696113074204
0.9442579505300353
0.9443462897526501
0.944434628975265
0.9445229681978797
0.9446113074204946
0.9446996466431093
0.9447879858657243
0.9448763250883392
0.9449646643109539
0.9450530035335688
0.9451413427561838
0.9452296819787985
0.9453180212014133
0.9454063604240281
0.9455830388692579
0.9456713780918727
0.9457597173144875
0.9458480565371024
0.9459363957597173
0.9460247349823321
0.946113074204947
0.9462014134275617
0.9462897526501767
0.9463780918727914
0.9464664310954063
0.946554770318021
0.9466431095406359
0.9467314487632509
0.9476148409893992
0.947703180212014
0.9477915194346288
0.9489399293286218
0.9490282685512368
0.9491166077738515
0.9492049469964663
0.9492932862190812
0.9493816254416959
0.9494699646643109
0.9495583038869257
0.9496466431095405
0.9497349823321554
0.9498233215547703
0.9500883392226147
0.9501766784452297
0.9502650176678444
0.9503533568904593
0.950441696113074
0.9505300353356889
0.9506183745583039
0.9507067137809186
0.9507950530035335
0.9508833922261483
0.9509717314487632
0.951060070671378
0.9511484098939929
0.9512367491166076
0.9513250883392225
0.9514134275618374
0.9515017667844522
0.9515901060070671
0.9516784452296818
0.9517667844522968
0.9518551236749117
0.9519434628975264
0.9520318021201412
0.9521201413427561
0.952208480565371
0.9522968197879857
0.9523851590106006
0.9524734982332154
0.9525618374558303
0.954946996466431
0.9550353356890459
0.9551236749116606
0.9552120141342755
0.9593639575971731
0.9594522968197878
0.9595406360424028
0.9607773851590106
0.9608657243816253
0.9609540636042402
0.9610424028268549
0.9611307420494699
0.9612190812720848
0.9613074204946995
0.9791519434628975
0.9876325088339222
0.987720848056537
0.9878091872791518
0.9878975265017667
0.9879858657243816
0.9880742049469964
0.9881625441696112
0.988250883392226
0.9892226148409894
0.9893109540636041
0.989399293286219
0.9894876325088338
0.9895759717314487
0.9906360424028267
0.9907243816254416
0.9910777385159011
0.9911660777385158
0.9912544169611307
0.9913427561837455
0.9914310954063603
0.9915194346289752
0.99160777385159
0.9916961130742048
0.9917844522968197
0.9918727915194346
0.9919611307420494
0.9925795053003532
0.9926678445229682
0.9927561837455829
0.9928445229681978
0.9929328621908126
0.9930212014134275
0.9931095406360424
0.9931978798586572
0.6362190812720847
0.6363074204946996
0.6363957597173144
0.6364840989399293
0.6365724381625442
0.6366607773851589
0.6367491166077738
0.6368374558303886
0.6369257950530035
0.6370141342756184
0.6406360424028268
0.6407243816254417
0.6408127208480565
0.6409010600706713
0.6409893992932861
0.641077738515901
0.6507950530035336
0.6508833922261483
0.6509717314487632
0.651060070671378
0.6511484098939929
0.7718197879858657
0.7719081272084806
0.7719964664310953
0.7720848056537102
0.772173144876325
0.7722614840989399
0.7723498233215547
0.7724381625441695
0.7725265017667843
0.7726148409893993
0.7774734982332154
0.7775618374558303
0.7776501766784453
0.7909010600706714
0.7909893992932862
0.7914310954063604
0.7915194346289751
0.79160777385159
0.791696113074205
0.7917844522968197
0.7918727915194346
0.7919611307420493
0.7920494699646643
0.7921378091872792
0.7922261484098939
0.7923144876325088
0.7924028268551235
0.7924911660777385
0.7941696113074205
0.7942579505300352
0.79434628975265
0.794434628975265
0.7945229681978798
0.7946113074204946
0.7946996466431094
0.7947879858657244
0.7948763250883392
0.794964664310954
0.7950530035335688
0.7951413427561836
0.7952296819787985
0.797703180212014
0.7977915194346289
0.7978798586572439
0.7979681978798586
0.7985865724381624
0.7986749116607774
0.7987632508833922
0.798851590106007
0.7989399293286218
0.7990282685512367
0.7998233215547703
0.8026501766784452
0.80273851590106
0.8028268551236748
0.8029151943462897
0.8030035335689045
0.8030918727915194
0.8031802120141341
0.803268551236749
0.803356890459364
0.8034452296819787
0.8035335689045936
0.8036219081272084
0.8037102473498232
0.8037985865724382
0.8038869257950529
0.8039752650176677
0.8040636042402826
0.8041519434628975
0.8042402826855123
0.8043286219081272
0.8044169611307419
0.8045053003533569
0.8045936395759717
0.8046819787985865
0.8047703180212014
0.8048586572438161
0.8049469964664311
0.8050353356890458
0.8051236749116607
0.8052120141342755
0.8053003533568904
0.8053886925795053
0.80547703180212
0.8056537102473497
0.8057420494699646
0.8058303886925794
0.8059187279151943
0.806007067137809
0.806095406360424
0.8061837455830388
0.8068021201413427
0.8075088339222614
0.8075971731448762
0.8076855123674912
0.807773851590106
0.8078621908127207
0.8100706713780919
0.8101590106007066
0.8102473498233215
0.8103356890459362
0.8104240282685512
0.8105123674911661
0.8106007067137808
0.8106890459363956
0.8107773851590105
0.8108657243816254
0.8109540636042402
0.811042402826855
0.81113074204947
0.8112190812720848
0.8113074204946996
0.8113957597173144
0.8114840989399292
0.8115724381625441
0.811660777385159
0.8117491166077737
0.8118374558303886
0.8119257950530036
0.8120141342756183
0.8121024734982332
0.8121908127208479
0.8122791519434628
0.8123674911660778
0.8124558303886925
0.8125441696113074
0.8126325088339221
0.8127208480565371
0.8128091872791519
0.8128975265017667
0.8129858657243815
0.8130742049469964
0.8131625441696113
0.8132508833922261
0.8133392226148409
0.8134275618374557
0.8135159010600707
0.8136042402826854
0.8136925795053003
0.813780918727915
0.81386925795053
0.8139575971731449
0.8140459363957596
0.8141342756183745
0.8142226148409892
0.8245583038869257
0.8246466431095405
0.8247349823321554
0.8329505300353357
0.8330388692579505
0.8331272084805653
0.8332155477031801
0.8333038869257949
0.8333922261484099
0.8334805653710247
0.8335689045936395
0.8570671378091871
0.8571554770318021
0.8572438162544169
0.8573321554770317
0.8574204946996465
0.8575088339222615
0.8575971731448763
0.8576855123674911
0.8577738515901059
0.8715547703180212
0.871643109540636
0.8717314487632508
0.8718197879858656
0.8719081272084805
0.8719964664310954
0.8720848056537102
0.872173144876325
0.8722614840989398
0.8723498233215548
0.8724381625441695
0.8725265017667844
0.8726148409893991
0.8727031802120141
0.872791519434629
0.8728798586572437
0.8729681978798586
0.8730565371024736
0.8731448763250883
0.8732332155477031
0.8737632508833921
0.8738515901060071
0.8739399293286219
0.8779151943462897
0.8780035335689045
0.8780918727915192
0.8781802120141342
0.8782685512367491
0.8819787985865722
0.8820671378091872
0.8821554770318021
0.8822438162544168
0.8823321554770317
0.8863957597173144
0.8901943462897527
0.8902826855123674
0.8903710247349823
0.8904593639575971
0.8905477031802118
0.8906360424028268
0.8907243816254417
0.8908127208480564
0.8909010600706713
0.8909893992932862
0.891077738515901
0.8911660777385159
0.8912544169611306
0.8913427561837455
0.8914310954063603
0.8915194346289752
0.89160777385159
0.8916961130742048
0.8917844522968198
0.8918727915194345
0.8919611307420494
0.8920494699646642
0.8921378091872791
0.892226148409894
0.8923144876325088
0.8924028268551235
0.8924911660777384
0.8925795053003533
0.8926678445229681
0.892756183745583
0.8928445229681977
0.8929328621908127
0.8955830388692578
0.8956713780918728
0.8957597173144876
0.8958480565371024
0.8959363957597172
0.896024734982332
0.896113074204947
0.8962014134275618
0.8962897526501765
0.8969964664310953
0.8970848056537102
0.8971731448763249
0.8972614840989399
0.8973498233215547
0.9143109540636041
0.914399293286219
0.9144876325088338
0.9145759717314487
0.9146643109540634
0.9147526501766784
0.9148409893992933
0.914929328621908
0.9150176678445229
0.9151060070671376
0.9151943462897526
0.9152826855123675
0.9153710247349822
0.9154593639575971
0.915547703180212
0.9156360424028268
0.9157243816254416
0.9158127208480564
0.9159010600706714
0.9159893992932862
0.916077738515901
0.9161660777385158
0.9162544169611306
0.9163427561837456
0.9164310954063604
0.9165194346289751
0.91660777385159
0.916696113074205
0.9167844522968197
0.9168727915194346
0.9169611307420493
0.9170494699646642
0.9171378091872792
0.9172261484098939
0.9173144876325088
0.9174028268551235
0.9174911660777385
0.9175795053003533
0.9176678445229681
0.9177561837455829
0.9178445229681979
0.9179328621908127
0.9180212014134275
0.9181095406360423
0.9181978798586571
0.9182862190812721
0.9183745583038868
0.9184628975265017
0.9185512367491164
0.9186395759717314
0.9187279151943463
0.918816254416961
0.9189045936395759
0.9189929328621906
0.9195229681978798
0.9212014134275618
0.9212897526501765
0.9213780918727915
0.9214664310954063
0.9217314487632509
0.9218197879858657
0.9241166077738515
0.9242049469964664
0.9242932862190811
0.924381625441696
0.924469964664311
0.9245583038869257
0.9246466431095406
0.9247349823321553
0.9248233215547702
0.9249116607773852
0.9249999999999999
0.9250883392226147
0.9251766784452296
0.9307420494699646
0.9328621908127207
0.9329505300353356
0.9330388692579505
0.9331272084805653
0.9332155477031802
0.9333038869257949
0.9333922261484098
0.9341872791519433
0.9342756183745583
0.9343639575971731
0.9344522968197879
0.9345406360424027
0.9346289752650176
0.9347173144876324
0.9348056537102473
0.934893992932862
0.934982332155477
0.9350706713780919
0.9351590106007066
0.9352473498233215
0.9368374558303886
0.9369257950530036
0.9370141342756183
0.9371024734982332
0.9371908127208479
0.9372791519434628
0.9373674911660778
0.9374558303886925
0.9375441696113074
0.9376325088339221
0.9377208480565371
0.9378091872791519
0.9378975265017667
0.9379858657243815
0.9380742049469963
0.9381625441696113
0.9382508833922261
0.9422261484098939
0.9423144876325087
0.9424028268551237
0.9424911660777384
0.9425795053003533
0.942667844522968
0.9427561837455829
0.9428445229681979
0.9462014134275617
0.9462897526501767
0.9463780918727914
0.9489399293286218
0.9490282685512368
0.9491166077738515
0.9492049469964663
0.9492932862190812
0.9493816254416959
0.9494699646643109
0.9495583038869257
0.9496466431095405
0.9497349823321554
0.9498233215547703
0.9499116607773851
0.95
0.9500883392226147
0.9501766784452297
0.9502650176678444
0.9503533568904593
0.950441696113074
0.9505300353356889
0.9506183745583039
0.9507067137809186
0.9507950530035335
0.9508833922261483
0.9509717314487632
0.951060070671378
0.9511484098939929
0.9512367491166076
0.9513250883392225
0.9514134275618374
0.9515017667844522
0.9515901060070671
0.9516784452296818
0.960512367491166
0.9606007067137808
0.9606890459363957
0.9607773851590106
0.9870141342756182
0.9871024734982331
0.9871908127208481
0.9872791519434628
0.9873674911660777
0.9874558303886924
0.9875441696113073
0.9876325088339222
0.987720848056537
0.9878091872791518
0.9878975265017667
0.9879858657243816
0.9880742049469964
0.9890459363957596
0.9891342756183745
0.9892226148409894
0.9893109540636041
0.989399293286219
0.9903710247349823
0.990459363957597
0.9907243816254416
0.9908127208480565
0.9909010600706712
0.9909893992932861
0.9910777385159011
0.9911660777385158
0.9912544169611307
0.9913427561837455
0.9914310954063603
0.9915194346289752
0.99160777385159
0.9916961130742048
0.9917844522968197
0.9918727915194346
0.9919611307420494
0.9920494699646643
0.992137809187279
0.9922261484098939
0.9923144876325088
0.9924028268551236
0.9924911660777384
0.9925795053003532
0.9926678445229682
0.9927561837455829
0.9928445229681978
0.49346289752650174
0.6279151943462897
0.6280918727915193
0.6281802120141342
0.6282685512367491
0.6286219081272084
0.6295936395759717
0.6296819787985865
0.6297703180212014
0.6301236749116608
0.63047703180212
0.630565371024735
0.6306537102473497
0.6307420494699646
0.6308303886925795
0.6309187279151943
0.6310070671378091
0.631095406360424
0.6311837455830388
0.6312720848056537
0.6313604240282685
0.6314487632508833
0.6315371024734981
0.631625441696113
0.6317137809187279
0.6331272084805654
0.6381625441696113
0.638250883392226
0.638339222614841
0.6384275618374557
0.6385159010600706
0.6386042402826855
0.6386925795053003
0.6387809187279151
0.6388692579505301
0.6389575971731448
0.6390459363957596
0.6391342756183745
0.6392226148409893
0.6393109540636042
0.639399293286219
0.6394876325088339
0.6395759717314486
0.6396643109540636
0.6397526501766784
0.6398409893992932
0.6399293286219081
0.6400176678445229
0.6401060070671377
0.6401943462897526
0.6411660777385159
0.6455830388692579
0.6459363957597173
0.6462014134275618
0.6509717314487632
0.651060070671378
0.6511484098939929
0.6512367491166077
0.7630742049469964
0.7631625441696112
0.7632508833922261
0.763339222614841
0.7634275618374557
0.7870141342756184
0.7871024734982331
0.787190812720848
0.7872791519434628
0.7873674911660777
0.7891342756183745
0.7892226148409893
0.7893109540636043
0.789399293286219
0.7894876325088338
0.7895759717314487
0.7896643109540634
0.7897526501766784
0.7898409893992933
0.789929328621908
0.7900176678445229
0.7901060070671378
0.7901943462897526
0.7902826855123675
0.7903710247349822
0.7904593639575971
0.790547703180212
0.7906360424028268
0.7907243816254416
0.7908127208480564
0.7909010600706714
0.7909893992932862
0.791077738515901
0.7911660777385158
0.7912544169611307
0.7913427561837456
0.7914310954063604
0.7915194346289751
0.79160777385159
0.791696113074205
0.7917844522968197
0.7918727915194346
0.7934628975265017
0.7935512367491164
0.7936395759717314
0.7937279151943463
0.793816254416961
0.7939045936395759
0.7939929328621909
0.7940812720848056
0.7941696113074205
0.7942579505300352
0.79434628975265
0.794434628975265
0.7945229681978798
0.7946113074204946
0.7946996466431094
0.7947879858657244
0.7948763250883392
0.8037985865724382
0.8038869257950529
0.8049469964664311
0.8050353356890458
0.8051236749116607
0.8052120141342755
0.8053003533568904
0.8053886925795053
0.8131625441696113
0.8132508833922261
0.8133392226148409
0.8134275618374557
0.8914310954063603
0.9140459363957597
0.9141342756183745
0.9157243816254416
0.9158127208480564
0.9159010600706714
0.9159893992932862
0.916077738515901
0.9161660777385158
0.9162544169611306
0.9163427561837456
0.9164310954063604
0.9165194346289751
0.91660777385159
0.916696113074205
0.9167844522968197
0.9168727915194346
0.9169611307420493
0.9170494699646642
0.9171378091872792
0.9172261484098939
0.9173144876325088
0.9174028268551235
0.9174911660777385
0.9175795053003533
0.9492049469964663
0.9492932862190812
0.9914310954063603
0.9915194346289752
0.99160777385159
0.9916961130742048
0.9917844522968197
0.9922261484098939
0.9923144876325088
0.9924028268551236
0.48886925795053
0.48895759717314485
0.6292402826855124
0.6293286219081272
0.629416961130742
0.6295053003533568
0.6295936395759717
0.6296819787985865
0.6297703180212014
0.6298586572438162
0.629946996466431
0.6300353356890459
0.6301236749116608
0.6302120141342755
0.6303003533568904
0.6303886925795052
0.63047703180212
0.630565371024735
0.6306537102473497
0.6308303886925795
0.6311837455830388
0.632243816254417
0.6323321554770317
0.6324204946996466
0.6325088339222614
0.6325971731448763
0.6326855123674912
0.6327738515901059
0.6342756183745583
0.634363957597173
0.634452296819788
0.6345406360424027
0.6346289752650176
0.6347173144876325
0.6348056537102473
0.6348939929328621
0.6349823321554771
0.6377208480565371
0.6378091872791519
0.6378975265017668
0.6379858657243815
0.6380742049469964
0.6381625441696113
0.638250883392226
0.638339222614841
0.6384275618374557
0.6385159010600706
0.6386042402826855
0.6386925795053003
0.6387809187279151
0.6388692579505301
0.6389575971731448
0.6390459363957596
0.6391342756183745
0.6392226148409893
0.6393109540636042
0.639399293286219
0.6394876325088339
0.6395759717314486
0.6396643109540636
0.6397526501766784
0.6398409893992932
0.6399293286219081
0.6400176678445229
0.6401060070671377
0.6470848056537102
0.647173144876325
0.6472614840989399
0.6473498233215547
0.6474381625441696
0.6475265017667844
0.6476148409893993
0.6514134275618374
0.7643992932862191
0.7644876325088339
0.7645759717314486
0.7646643109540635
0.7886042402826855
0.7886925795053003
0.7887809187279151
0.7888692579505299
0.7889575971731448
0.7890459363957597
0.7891342756183745
0.7892226148409893
0.7893109540636043
0.789399293286219
0.7894876325088338
0.7939045936395759
0.7939929328621909
0.7940812720848056
0.7941696113074205
0.7942579505300352
0.79434628975265
0.794434628975265
0.7945229681978798
0.7946113074204946
0.7946996466431094
0.7947879858657244
0.7948763250883392
0.794964664310954
0.7950530035335688
0.7951413427561836
0.7952296819787985
0.7953180212014134
0.7954063604240281
0.7956713780918727
0.8045053003533569
0.8045936395759717
0.8046819787985865
0.8047703180212014
0.8048586572438161
0.8049469964664311
0.8050353356890458
0.8051236749116607
0.398851590106007
0.5707597173144876
0.5708480565371024
0.5709363957597173
0.5710247349823321
0.571113074204947
0.5712014134275618
0.5712897526501767
0.5713780918727914
0.5723498233215547
0.5724381625441696
0.5725265017667844
0.6274734982332155
0.6275618374558303
0.6276501766784451
0.6292402826855124
0.6293286219081272
0.629946996466431
0.6300353356890459
0.6301236749116608
0.6332155477031802
0.633303886925795
0.6340106007067138
0.6340989399293285
0.6341872791519434
0.6342756183745583
0.634363957597173
0.634452296819788
0.6345406360424027
0.6346289752650176
0.6347173144876325
0.6348939929328621
0.6349823321554771
0.6350706713780918
0.6351590106007066
0.6352473498233215
0.6353356890459363
0.6354240282685512
0.635512367491166
0.6356007067137809
0.6356890459363956
0.6357773851590106
0.6368374558303886
0.6369257950530035
0.6370141342756184
0.6371024734982331
0.637190812720848
0.6372791519434629
0.6373674911660777
0.6374558303886925
0.6375441696113073
0.6376325088339222
0.6377208480565371
0.6378091872791519
0.6378975265017668
0.6379858657243815
0.6380742049469964
0.6381625441696113
0.638250883392226
0.638339222614841
0.6384275618374557
0.6385159010600706
0.6386042402826855
0.6386925795053003
0.6387809187279151
0.6388692579505301
0.6389575971731448
0.6390459363957596
0.6391342756183745
0.6392226148409893
0.6393109540636042
0.6400176678445229
0.6401060070671377
0.6401943462897526
0.6402826855123674
0.6403710247349823
0.6404593639575972
0.641077738515901
0.6423144876325088
0.6424028268551236
0.6424911660777385
0.6425795053003533
0.6431978798586572
0.6454946996466431
0.6455830388692579
0.6456713780918727
0.6457597173144876
0.6458480565371024
0.6459363957597173
0.646024734982332
0.646113074204947
0.6462014134275618
0.6462897526501766
0.6463780918727915
0.6464664310954064
0.6465547703180211
0.646643109540636
0.6467314487632508
0.6468197879858656
0.6469081272084806
0.6469964664310953
0.6470848056537102
0.647173144876325
0.6472614840989399
0.6473498233215547
0.6474381625441696
0.6475265017667844
0.6476148409893993
0.6477031802120141
0.6477915194346289
0.6478798586572437
0.6479681978798586
0.6480565371024735
0.6498233215547703
0.649911660777385
0.65
0.6500883392226148
0.6501766784452296
0.6507950530035336
0.6508833922261483
0.6509717314487632
0.651060070671378
0.6511484098939929
0.6512367491166077
0.6513250883392225
0.6514134275618374
0.6515017667844522
0.6515901060070671
0.6516784452296819
0.6517667844522967
0.6710247349823322
0.6763250883392226
0.7945229681978798
0.7953180212014134
0.7958480565371023
0.7959363957597173
0.7960247349823322
0.7961130742049469
0.7962014134275618
0.7962897526501765
0.7963780918727915
0.5700530035335688
0.5701413427561838
0.5702296819787985
0.5703180212014134
0.5704063604240283
0.570494699646643
0.5705830388692579
0.5706713780918727
0.5707597173144876
0.5708480565371024
0.5709363957597173
0.5710247349823321
0.571113074204947
0.5712014134275618
0.5712897526501767
0.5713780918727914
0.5714664310954063
0.5715547703180212
0.571643109540636
0.5717314487632509
0.5718197879858656
0.5719081272084805
0.5719964664310954
0.5720848056537102
0.572173144876325
0.57226148409894
0.6268551236749116
0.6269434628975264
0.6270318021201413
0.6271201413427561
0.627208480565371
0.6272968197879858
0.6273851590106007
0.6274734982332155
0.6331272084805654
0.6339222614840989
0.6340106007067138
0.6340989399293285
0.6341872791519434
0.6342756183745583
0.634363957597173
0.634452296819788
0.6345406360424027
0.6346289752650176
0.6347173144876325
0.6348056537102473
0.6348939929328621
0.6350706713780918
0.6351590106007066
0.6352473498233215
0.6353356890459363
0.6354240282685512
0.635512367491166
0.6356007067137809
0.6356890459363956
0.6357773851590106
0.6358657243816254
0.6359540636042402
0.6360424028268551
0.6361307420494698
0.6362190812720847
0.6363074204946996
0.6363957597173144
0.6364840989399293
0.6365724381625442
0.6366607773851589
0.6367491166077738
0.6368374558303886
0.6369257950530035
0.6370141342756184
0.6371024734982331
0.637190812720848
0.6372791519434629
0.6373674911660777
0.6374558303886925
0.6375441696113073
0.6376325088339222
0.6377208480565371
0.6378091872791519
0.6378975265017668
0.6379858657243815
0.6380742049469964
0.6381625441696113
0.638250883392226
0.638339222614841
0.6384275618374557
0.6388692579505301
0.6390459363957596
0.6392226148409893
0.6393109540636042
0.6397526501766784
0.6404593639575972
0.6405477031802119
0.6406360424028268
0.6407243816254417
0.6408127208480565
0.6409010600706713
0.6409893992932861
0.641077738515901
0.6419611307420494
0.6420494699646643
0.642137809187279
0.642226148409894
0.6423144876325088
0.6424028268551236
0.6425795053003533
0.6426678445229681
0.6451413427561837
0.6462897526501766
0.646643109540636
0.6467314487632508
0.6468197879858656
0.6469081272084806
0.6469964664310953
0.6470848056537102
0.647173144876325
0.6472614840989399
0.6473498233215547
0.6474381625441696
0.6475265017667844
0.6476148409893993
0.6477031802120141
0.6477915194346289
0.6478798586572437
0.6479681978798586
0.6480565371024735
0.6481448763250882
0.6482332155477032
0.6483215547703179
0.6484098939929328
0.6484982332155477
0.6502650176678445
0.6503533568904594
0.6508833922261483
0.6509717314487632
0.651060070671378
0.6511484098939929
0.6512367491166077
0.7953180212014134
0.7956713780918727
0.7957597173144876
0.7958480565371023
0.7959363957597173
0.7960247349823322
0.7961130742049469
0.7962014134275618
0.7962897526501765
0.48860424028268545
0.48869257950530026
0.4887809187279152
0.48886925795053
0.48895759717314485
0.48904593639575966
0.4891342756183745
0.48922261484098933
0.48931095406360425
0.48939929328621906
0.4894876325088338
0.48957597173144873
0.48966431095406354
0.4897526501766784
0.4898409893992932
0.4899293286219081
0.4900176678445229
0.4901060070671378
0.4901943462897526
0.5710247349823321
0.571113074204947
0.5712014134275618
0.5712897526501767
0.5713780918727914
0.5714664310954063
0.5720848056537102
0.572173144876325
0.6273851590106007
0.6274734982332155
0.6340989399293285
0.6341872791519434
0.6342756183745583
0.634363957597173
0.634452296819788
0.6346289752650176
0.6347173144876325
0.6348056537102473
0.6348939929328621
0.6349823321554771
0.6350706713780918
0.6351590106007066
0.6352473498233215
0.6353356890459363
0.6354240282685512
0.635512367491166
0.6356007067137809
0.6356890459363956
0.6357773851590106
0.6358657243816254
0.6359540636042402
0.6360424028268551
0.6361307420494698
0.6362190812720847
0.6363074204946996
0.6363957597173144
0.6364840989399293
0.6365724381625442
0.6366607773851589
0.6367491166077738
0.6368374558303886
0.6369257950530035
0.6370141342756184
0.6371024734982331
0.637190812720848
0.6372791519434629
0.6373674911660777
0.6374558303886925
0.6375441696113073
0.6376325088339222
0.6377208480565371
0.6378091872791519
0.6378975265017668
0.6379858657243815
0.6380742049469964
0.6381625441696113
0.638250883392226
0.6391342756183745
0.6392226148409893
0.6393109540636042
0.639399293286219
0.6394876325088339
0.6395759717314486
0.6396643109540636
0.6397526501766784
0.6398409893992932
0.6407243816254417
0.6408127208480565
0.6409010600706713
0.6409893992932861
0.6420494699646643
0.642137809187279
0.6433745583038869
0.6438162544169611
0.6473498233215547
0.39814487632508827
0.39823321554770313
0.39832155477031794
0.39840989399293286
0.39849823321554767
0.39858657243816253
0.39867491166077734
0.3987632508833922
0.398851590106007
0.39893992932862193
0.39902826855123674
0.3991166077738515
0.3992049469964664
0.4011484098939929
0.4012367491166077
0.4013250883392226
0.4014134275618374
0.40150176678445226
0.40159010600706707
0.401678445229682
0.4017667844522968
0.4018551236749116
0.40194346289752647
0.4020318021201413
-0.17862190812720846
-0.17871024734982333
-0.17879858657243813
-0.17888692579505297
-0.17897526501766783
-0.17906360424028267
-0.17941696113074204
-0.17950530035335688
-0.25123674911660776
-0.25132508833922257
-0.25141342756183743
-0.2515017667844523
-0.2535335689045936
-0.2536219081272085
-0.25371024734982334
-0.25379858657243815
-0.25388692579505295
-0.2539752650176678
-0.2540636042402827
-0.2541519434628975
-0.25424028268551235
-0.2543286219081272
-0.254416961130742
-0.25468197879858656
-0.25477031802120137
-0.25485865724381623
-0.25494699646643104
-0.2550353356890459
-0.25512367491166077
-0.2552120141342756
-0.25530035335689044
-0.2553886925795053
-0.2554770318021201
-0.255565371024735
-0.25565371024734984
-0.25574204946996465
-0.25583038869257946
-0.2559187279151943
-0.2560070671378092
-0.256095406360424
-0.25618374558303886
-0.25627208480565367
-0.25636042402826853
-0.2564487632508834
-0.2565371024734982
-0.256625441696113
-0.25724381625441695
-0.2573321554770318
-0.2574204946996466
-0.2575088339222615
-0.2575971731448763
-0.25768551236749115
-0.25777385159010596
-0.2589222614840989
-0.2590106007067138
-0.259982332155477
-0.26007067137809187
-0.2601590106007067
-0.38321554770318017
-0.39858657243816253
-0.3991166077738515
-0.3992049469964664
-0.25424028268551235
-0.2543286219081272
-0.254416961130742
-0.2545053003533569
-0.2545936395759717
-0.25530035335689044
-0.2553886925795053
-0.2554770318021201
-0.255565371024735
-0.25565371024734984
-0.25574204946996465
-0.25583038869257946
-0.2559187279151943
-0.2560070671378092
-0.256095406360424
-0.25618374558303886
-0.25627208480565367
-0.25636042402826853
-0.2564487632508834
-0.2565371024734982
-0.256625441696113
-0.2567137809187279
-0.25680212014134274
-0.26272084805653706
-0.3975265017667844
-0.39761484098939925
-0.39770318021201406
-0.397791519434629
-0.3978798586572438
-0.39796819787985865
-0.39805653710247346
-0.39814487632508827
-0.39823321554770313
-0.39832155477031794
-0.39840989399293286
-0.39849823321554767
-0.39858657243816253
-0.2673144876325088
-0.2674028268551236
-0.2674911660777385
-0.26757950530035335
-0.3943462897526501
-0.39443462897526493
-0.39452296819787985
-0.39461130742049466
-0.6281802120141342
-0.6303003533568904
-0.6303886925795052
-0.63047703180212
-0.630565371024735
-0.6306537102473497
-0.6307420494699646
-0.6308303886925795
-0.6309187279151943
-0.6310070671378091
-0.631095406360424
-0.6311837455830388
-0.6312720848056537
-0.6313604240282685
-0.6314487632508833
-0.6315371024734981
-0.631625441696113
-0.6317137809187279
-0.6318021201413426
-0.6318904593639576
-0.6319787985865724
-0.6358657243816254
-0.6359540636042402
-0.6360424028268551
-0.6361307420494698
-0.6362190812720847
-0.6363074204946996
-0.6363957597173144
-0.6364840989399293
-0.6365724381625442
-0.6366607773851589
-0.6367491166077738
-0.6368374558303886
-0.6369257950530035
-0.8442579505300353
-0.8443462897526501
-0.20768551236749117
-0.207773851590106
-0.25980565371024733
-0.25989399293286214
-0.2674028268551236
-0.3912544169611307
-0.3913427561837456
-0.39160777385159007
-0.3916961130742049
-0.3917844522968198
-0.39620141342756177
-0.6079505300353356
-0.6274734982332155
-0.6275618374558303
-0.6276501766784451
-0.62773851590106
-0.6278268551236749
-0.6295053003533568
-0.6295936395759717
-0.6296819787985865
-0.6297703180212014
-0.6298586572438162
-0.629946996466431
-0.6300353356890459
-0.6301236749116608
-0.6302120141342755
-0.6303003533568904
-0.6303886925795052
-0.63047703180212
-0.630565371024735
-0.6306537102473497
-0.6307420494699646
-0.6308303886925795
-0.6309187279151943
-0.6310070671378091
-0.631095406360424
-0.6311837455830388
-0.6312720848056537
-0.6313604240282685
-0.6314487632508833
-0.6315371024734981
-0.631625441696113
-0.6317137809187279
-0.6318021201413426
-0.6318904593639576
-0.6319787985865724
-0.6361307420494698
-0.6362190812720847
-0.6363074204946996
-0.6363957597173144
-0.6364840989399293
-0.6365724381625442
-0.6366607773851589
-0.6367491166077738
-0.6368374558303886
-0.6369257950530035
-0.6370141342756184
-0.6371024734982331
-0.637190812720848
-0.2075971731448763
-0.207773851590106
-0.20786219081272084
-0.22190812720848055
-0.24028268551236748
-0.25795053003533563
-0.25971731448763247
-0.6274734982332155
-0.6275618374558303
-0.6276501766784451
-0.62773851590106
-0.6278268551236749
-0.6279151943462897
-0.6280035335689046
-0.6280918727915193
-0.6282685512367491
-0.6283568904593639
-0.6284452296819787
-0.6285335689045936
-0.6286219081272084
-0.6287102473498233
-0.6287985865724381
-0.6288869257950529
-0.6289752650176678
-0.6290636042402826
-0.6291519434628975
-0.6293286219081272
-0.629416961130742
-0.6295053003533568
-0.6295936395759717
-0.6296819787985865
-0.6297703180212014
-0.6298586572438162
-0.629946996466431
-0.6300353356890459
-0.6301236749116608
-0.6302120141342755
-0.6303003533568904
-0.6303886925795052
-0.63047703180212
-0.630565371024735
-0.6306537102473497
-0.6307420494699646
-0.6308303886925795
-0.6309187279151943
-0.6314487632508833
-0.6315371024734981
-0.631625441696113
-0.6317137809187279
-0.6318021201413426
-0.6318904593639576
-0.6319787985865724
-0.6320671378091872
-0.6321554770318021
-0.632243816254417
-0.6323321554770317
-0.6324204946996466
-0.6325088339222614
-0.6326855123674912
-0.6327738515901059
-0.6328621908127208
-0.6329505300353356
-0.6330388692579505
-0.6331272084805654
-0.6332155477031802
-0.633303886925795
-0.6333922261484098
-0.6334805653710247
-0.6335689045936395
-0.6336572438162544
-0.634363957597173
-0.634452296819788
-0.6345406360424027
-0.6346289752650176
-0.6347173144876325
-0.6348056537102473
-0.6348939929328621
-0.6349823321554771
-0.6350706713780918
-0.6351590106007066
-0.6352473498233215
-0.6353356890459363
-0.6354240282685512
-0.635512367491166
-0.6413427561837455
-0.6414310954063603
-0.6415194346289752
-0.9409010600706713
-0.20238515901060067
-0.2024734982332155
-0.20256183745583037
-0.2026501766784452
-0.20291519434628974
-0.20300353356890458
-0.20309187279151944
-0.22217314487632508
-0.22226148409893992
-0.22234982332155473
-0.22243816254416957
-0.22252650176678443
-0.22261484098939927
-0.225
-0.22508833922261484
-0.22517667844522968
-0.22526501766784449
-0.26024734982332154
-0.2603356890459364
-0.2604240282685512
-0.26669611307420493
-0.2667844522968198
-0.61934628975265
-0.6262367491166078
-0.6263250883392225
-0.6274734982332155
-0.6275618374558303
-0.6276501766784451
-0.6279151943462897
-0.6280035335689046
-0.6280918727915193
-0.6281802120141342
-0.6282685512367491
-0.6283568904593639
-0.6284452296819787
-0.6285335689045936
-0.6286219081272084
-0.6287102473498233
-0.6287985865724381
-0.6288869257950529
-0.6289752650176678
-0.6290636042402826
-0.6291519434628975
-0.6293286219081272
-0.629416961130742
-0.6295053003533568
-0.6295936395759717
-0.6296819787985865
-0.6297703180212014
-0.6298586572438162
-0.6318021201413426
-0.6318904593639576
-0.6319787985865724
-0.6320671378091872
-0.6321554770318021
-0.632243816254417
-0.6323321554770317
-0.6324204946996466
-0.6325088339222614
-0.6325971731448763
-0.6326855123674912
-0.6327738515901059
-0.6328621908127208
-0.6329505300353356
-0.6330388692579505
-0.6331272084805654
-0.6332155477031802
-0.633303886925795
-0.6333922261484098
-0.6334805653710247
-0.6335689045936395
-0.6336572438162544
-0.6337455830388692
-0.633833922261484
-0.6339222614840989
-0.6340106007067138
-0.6342756183745583
-0.634363957597173
-0.634452296819788
-0.6345406360424027
-0.6346289752650176
-0.6347173144876325
-0.6348056537102473
-0.6348939929328621
-0.6349823321554771
-0.6350706713780918
-0.6351590106007066
-0.6352473498233215
-0.6401943462897526
-0.6402826855123674
-0.6403710247349823
-0.6404593639575972
-0.6405477031802119
-0.6406360424028268
-0.6407243816254417
-0.6408127208480565
-0.6409010600706713
-0.6409893992932861
-0.641077738515901
-0.6411660777385159
-0.6412544169611307
-0.6413427561837455
-0.6414310954063603
-0.6415194346289752
-0.6416077738515901
-0.6424028268551236
-0.6424911660777385
-0.6513250883392225
-0.6514134275618374
-0.6515017667844522
-0.6515901060070671
-0.6516784452296819
-0.6517667844522967
-0.6518551236749116
-0.6519434628975265
-0.6520318021201412
-0.6521201413427562
-0.7715547703180211
-0.9413427561837455
-0.20114840989399294
-0.20123674911660777
-0.2013250883392226
-0.20141342756183742
-0.20150176678445225
-0.20159010600706712
-0.20167844522968195
-0.22553003533568902
-0.24054770318021199
-0.2593639575971731
-0.26007067137809187
-0.2601590106007067
-0.26024734982332154
-0.2603356890459364
-0.2604240282685512
-0.260512367491166
-0.2667844522968198
-0.2668727915194346
-0.2731448763250883
-0.273321554770318
-0.3954946996466431
-0.6262367491166078
-0.6263250883392225
-0.6264134275618375
-0.6265017667844522
-0.626590106007067
-0.626678445229682
-0.6267667844522967
-0.6268551236749116
-0.6269434628975264
-0.6272968197879858
-0.6273851590106007
-0.6274734982332155
-0.6275618374558303
-0.6276501766784451
-0.62773851590106
-0.6278268551236749
-0.6279151943462897
-0.6280035335689046
-0.6280918727915193
-0.6281802120141342
-0.6282685512367491
-0.6283568904593639
-0.6284452296819787
-0.6285335689045936
-0.6286219081272084
-0.6287102473498233
-0.6287985865724381
-0.6288869257950529
-0.6289752650176678
-0.6290636042402826
-0.6291519434628975
-0.6292402826855124
-0.6293286219081272
-0.629416961130742
-0.6295053003533568
-0.6295936395759717
-0.6296819787985865
-0.6297703180212014
-0.6298586572438162
-0.629946996466431
-0.6300353356890459
-0.6301236749116608
-0.6302120141342755
-0.6303003533568904
-0.6303886925795052
-0.63047703180212
-0.6311837455830388
-0.6313604240282685
-0.6314487632508833
-0.6315371024734981
-0.631625441696113
-0.6317137809187279
-0.6318021201413426
-0.6318904593639576
-0.6319787985865724
-0.6320671378091872
-0.6321554770318021
-0.632243816254417
-0.6323321554770317
-0.6324204946996466
-0.6325088339222614
-0.6325971731448763
-0.6326855123674912
-0.6327738515901059
-0.6328621908127208
-0.6329505300353356
-0.6330388692579505
-0.6331272084805654
-0.6332155477031802
-0.633303886925795
-0.6333922261484098
-0.6334805653710247
-0.6335689045936395
-0.6336572438162544
-0.6337455830388692
-0.633833922261484
-0.6339222614840989
-0.6340989399293285
-0.6341872791519434
-0.6342756183745583
-0.634363957597173
-0.634452296819788
-0.6345406360424027
-0.6346289752650176
-0.6347173144876325
-0.6348056537102473
-0.6348939929328621
-0.6349823321554771
-0.6350706713780918
-0.6351590106007066
-0.6397526501766784
-0.6398409893992932
-0.6401060070671377
-0.6401943462897526
-0.6402826855123674
-0.6404593639575972
-0.6405477031802119
-0.6406360424028268
-0.6409893992932861
-0.641077738515901
-0.6411660777385159
-0.6412544169611307
-0.6413427561837455
-0.6414310954063603
-0.6415194346289752
-0.6416077738515901
-0.6416961130742049
-0.6417844522968198
-0.6418727915194345
-0.6419611307420494
-0.642226148409894
-0.6423144876325088
-0.6424028268551236
-0.6424911660777385
-0.6425795053003533
-0.6426678445229681
-0.642756183745583
-0.6435512367491166
-0.6436395759717314
-0.6437279151943462
-0.6438162544169611
-0.6439929328621907
-0.6440812720848056
-0.6441696113074205
-0.6443462897526502
-0.6463780918727915
-0.6464664310954064
-0.6465547703180211
-0.6477031802120141
-0.6477915194346289
-0.6514134275618374
-0.6515017667844522
-0.6515901060070671
-0.6516784452296819
-0.6517667844522967
-0.7715547703180211
-0.7718197879858657
-0.7719081272084806
-0.33931095406360423
-0.3393992932862191
-0.33948763250883385
-0.3395759717314487
-0.33984098939929325
-0.3399293286219081
-0.3400176678445229
-0.3401060070671378
-0.34019434628975265
-0.3469081272084805
-0.34823321554770315
-0.348321554770318
-0.3484098939929328
-0.3484982332155477
-0.34867491166077735
-0.3487632508833922
-0.348851590106007
-0.3498233215547703
-0.34991166077738517
-0.35
-0.3500883392226148
-0.35017667844522965
-0.35026501766784446
-0.3503533568904593
-0.3504416961130742
-0.350530035335689
-0.35061837455830386
-0.3507067137809187
-0.35079505300353353
-0.3508833922261484
-0.3509717314487632
-0.35106007067137807
-0.3517667844522968
-0.3518551236749116
-0.3519434628975265
-0.3520318021201413
-0.35212014134275615
-0.35220848056537096
-0.3522968197879858
-0.3523851590106007
-0.3524734982332155
-0.35256183745583036
-0.35388692579505293
-0.3539752650176678
-0.35406360424028266
-0.35415194346289747
-0.35424028268551233
-0.3543286219081272
-0.354416961130742
-0.35450530035335687
-0.35459363957597173
-0.35468197879858654
-0.35477031802120135
-0.3548586572438162
-0.3549469964664311
-0.3550353356890459
-0.35512367491166075
-0.3552120141342756
-0.3553003533568904
-0.3553886925795053
-0.35547703180212015
-0.35556537102473496
-0.35565371024734976
-0.3557420494699646
-0.35583038869257944
-0.3559187279151943
-0.35600706713780916
-0.35609540636042397
-0.35618374558303884
-0.3562720848056537
-0.3563604240282685
-0.35644876325088337
-0.35653710247349824
-0.35662544169611304
-0.35671378091872785
-0.3568021201413427
-0.3569787985865724
-0.35706713780918725
-0.3571554770318021
-0.3572438162544169
-0.35742049469964665
-0.35750883392226146
-0.35759717314487627
-0.35768551236749113
-0.35777385159010594
-0.35795053003533567
-0.3580388692579505
-0.35812720848056534
-0.3582155477031802
-0.358303886925795
-0.3583922261484099
-0.3604240282685512
-0.36051236749116605
-0.36060070671378086
-0.3613957597173144
-0.3614840989399293
-0.36157243816254414
-0.36166077738515895
-0.3617491166077738
-0.3618374558303887
-0.3619257950530035
-0.36201413427561835
-0.36210247349823316
-0.362190812720848
-0.36227915194346283
-0.36236749116607775
-0.36245583038869256
-0.3625441696113074
-0.36263250883392223
-0.3627208480565371
-0.3628091872791519
-0.3628975265017667
-0.36298586572438163
-0.3630742049469964
-0.3631625441696113
-0.3632508833922261
-0.363339222614841
-0.3634275618374558
-0.36351590106007065
-0.36360424028268545
-0.3636925795053004
-0.3637809187279152
-0.36386925795053
-0.36395759717314485
-0.36404593639575966
-0.3641342756183745
-0.36422261484098933
-0.36431095406360425
-0.36439929328621906
-0.3644876325088339
-0.36457597173144873
-0.3646643109540636
-0.3647526501766784
-0.3648409893992932
-0.3649293286219081
-0.3650176678445229
-0.3651060070671378
-0.3651943462897526
-0.3652826855123675
-0.3653710247349823
-0.36545936395759715
-0.36554770318021196
-0.36784452296819786
-0.36810954063604234
-0.36819787985865726
-0.36828621908127207
-0.36837455830388693
-0.36846289752650174
-0.36855123674911655
-0.3686395759717314
-0.3687279151943462
-0.3688162544169611
-0.3689045936395759
-0.3689929328621908
-0.3690812720848056
-0.3691696113074205
-0.3692579505300353
-0.36934628975265016
-0.36943462897526497
-0.3695229681978798
-0.3696113074204947
-0.3696996466431095
-0.36978798586572437
-0.3698763250883392
-0.36996466431095404
-0.37005300353356885
-0.37014134275618377
-0.3702296819787985
-0.37031802120141344
-0.3712014134275618
-0.37128975265017666
-0.3752650176678445
-0.3753533568904593
-0.3754416961130742
-0.37553003533568896
-0.4569787985865724
-0.45706713780918723
-0.45715547703180204
-0.4572438162544169
-0.4573321554770317
-0.45742049469964663
-0.45750883392226144
-0.4575971731448763
-0.4576855123674911
-0.45874558303886925
-0.45883392226148406
-0.4589222614840989
-0.45901060070671373
-0.5366607773851589
-0.5367491166077738
-0.5368374558303887
-0.5369257950530035
-0.5370141342756184
-0.5371024734982331
-0.7926678445229681
-0.7942579505300352
-0.79434628975265
-0.794434628975265
-0.7945229681978798
-0.7995583038869257
-0.7996466431095406
-0.7997349823321553
-0.7998233215547703
-0.7999116607773852
-0.7999999999999999
-0.9452296819787985
-0.9453180212014133
-0.9454063604240281
-0.9454946996466431
-0.9455830388692579
-0.9456713780918727
-0.9501766784452297
-0.9502650176678444
-0.9503533568904593
-0.950441696113074
-0.9505300353356889
-0.9506183745583039
-0.9558303886925794
-0.9592756183745582
-0.9632508833922261
-0.9633392226148408
-0.3113074204946996
-0.3113957597173145
-0.3114840989399293
-0.31157243816254415
-0.3118374558303887
-0.3119257950530035
-0.31201413427561836
-0.31210247349823317
-0.3127208480565371
-0.3128091872791519
-0.31307420494699645
-0.313339222614841
-0.3147526501766784
-0.3148409893992932
-0.32561837455830384
-0.49514134275618377
-0.4952296819787985
-0.4953180212014133
-0.49540636042402825
-0.49549469964664306
-0.4955830388692579
-0.4956713780918727
-0.4957597173144876
-0.4958480565371024
-0.4959363957597173
-0.4960247349823321
-0.49611307420494694
-0.4962014134275618
-0.4962897526501766
-0.49637809187279147
-0.7922261484098939
-0.7924028268551235
-0.7926678445229681
-0.7927561837455829
-0.7928445229681979
-0.7936395759717314
-0.7937279151943463
-0.793816254416961
-0.7939045936395759
-0.7939929328621909
