0.20097854723372224
0.20700037636432064
0.2778823234224062
0.2891732530422782
0.2892987078158324
0.28942416258938647
0.28954961736294066
0.2896750721364948
0.28980052691004893
0.28992598168360306
0.29005143645715714
0.29017689123071133
0.29707690377618867
0.2972023585497428
0.29732781332329694
0.5200100363818844
0.6094592899259816
0.6095847446995358
0.6097101994730899
0.609835654246644
0.6099611090201983
0.6100865637937524
0.6102120185673064
0.6103374733408605
0.6104629281144147
0.6105883828879689
0.610713837661523
0.6108392924350772
0.9315016936394429
0.931627148412997
0.9317526031865512
0.9318780579601054
0.9320035127336594
0.9321289675072136
0.2182913059841927
0.21879312507840923
0.23911679839417888
0.23924225316773304
0.23936770794128717
0.23949316271484128
0.2396186174883954
0.23974407226194955
0.24451135365700663
0.24463680843056076
0.2447622632041149
0.24488771797766903
0.2450131727512232
0.24538953707188557
0.2455149918454397
0.24564044661899384
0.24576590139254798
0.24589135616610208
0.24601681093965624
0.24614226571321038
0.2753732279513235
0.28691506711830383
0.28704052189185797
0.2871659766654121
0.2875423409860745
0.28766779575962864
0.2877932505331828
0.2879187053067369
0.28804416008029105
0.2881696148538452
0.2882950696273993
0.290804165098482
0.3118805670555765
0.31200602182913056
0.31213147660268475
0.31225693137623883
0.31238238614979297
0.7031740057709196
0.7032994605444737
0.7034249153180278
0.703550370091582
0.7036758248651361
0.7038012796386902
0.7039267344122443
0.7040521891857985
0.24488771797766903
0.2450131727512232
0.2451386275247773
0.24526408229833144
0.29343871534311883
0.2935641701166729
0.43081169238489525
0.43093714715844933
0.5931501693639443
0.5932756241374985
0.5934010789110525
0.5935265336846067
0.5936519884581608
0.5942792623259314
0.5944047170994856
0.6253920461673566
0.6255175009409109
0.6256429557144649
0.625768410488019
0.6258938652615731
0.6260193200351273
0.6261447748086815
0.6262702295822355
0.6263956843557897
0.6265211391293438
0.6280265964119934
0.698783088696525
0.698908543470079
0.6990339982436331
0.6991594530171873
0.6992849077907414
0.6996612721114038
0.6997867268849579
0.699912181658512
0.7000376364320663
0.7001630912056204
0.7002885459791744
0.7004140007527285
0.7005394555262828
0.7006649102998369
0.700790365073391
0.7009158198469452
0.7010412746204993
0.7011667293940534
0.7012921841676075
0.7014176389411617
0.7015430937147158
0.7016685484882699
0.7017940032618242
0.7019194580353783
0.7020449128089323
0.7021703675824864
0.7022958223560406
0.7024212771295948
0.7025467319031489
0.702672186676703
0.7034249153180278
0.703550370091582
0.7036758248651361
0.7038012796386902
0.7039267344122443
0.7040521891857985
0.7041776439593527
0.7043030987329068
0.7044285535064608
0.704554008280015
0.7241249529544599
0.724250407728014
0.7277631413875297
0.7278885961610838
0.8203487642704805
0.8204742190440346
0.8205996738175887
0.8207251285911429
0.29293689624890223
0.2930623510224564
0.4289298707815832
0.42905532555513737
0.42918078032869145
0.43131351147911173
0.4314389662526659
0.4367080667419395
0.4448626270229582
0.44498808179651234
0.44511353657006647
0.447497177267595
0.4476226320411491
0.4477480868147033
0.6268975034500063
0.6270229582235604
0.6271484129971144
0.6272738677706687
0.6273993225442228
0.6275247773177769
0.627650232091331
0.6299084180153055
0.6306611466566302
0.6307866014301843
0.6309120562037386
0.6310375109772927
0.6311629657508467
0.6312884205244009
0.6314138752979551
0.6315393300715092
0.6316647848450633
0.6317902396186175
0.6319156943921715
0.6320411491657257
0.6321666039392799
0.632292058712834
0.6324175134863881
0.6370593401078911
0.6371847948814452
0.6373102496549993
0.6374357044285535
0.6375611592021077
0.6376866139756617
0.6378120687492158
0.6414502571822858
0.64157571195584
0.641701166729394
0.6418266215029481
0.6419520762765023
0.6444611717475849
0.6445866265211392
0.6447120812946933
0.6448375360682473
0.7006649102998369
0.700790365073391
0.7009158198469452
0.7010412746204993
0.7011667293940534
0.7012921841676075
0.7014176389411617
0.7015430937147158
0.7016685484882699
0.7017940032618242
0.7019194580353783
0.7050558273742316
0.7051812821477856
0.7053067369213397
0.705432191694894
0.7433195333082423
0.7434449880817964
0.7435704428553507
0.7436958976289048
0.7438213524024588
0.7439468071760129
0.7440722619495672
0.7441977167231213
0.7443231714966754
0.7444486262702296
0.7445740810437836
0.7446995358173378
0.7611341111529293
0.7612595659264835
0.7676577593777443
0.7677832141512984
0.7679086689248525
0.7680341236984067
0.7681595784719608
0.7682850332455149
0.7684104880190691
0.7685359427926233
0.7686613975661774
0.7687868523397314
0.7689123071132856
0.7690377618868397
0.7691632166603939
0.7692886714339481
0.7694141262075022
0.7695395809810562
0.7962614477480867
0.7963869025216409
0.4321916948939907
0.4323171496675448
0.43695897628904773
0.4370844310626019
0.43720988583615605
0.6370593401078911
0.6371847948814452
0.6373102496549993
0.6374357044285535
0.6375611592021077
0.6376866139756617
0.6378120687492158
0.63793752352277
0.6380629782963242
0.6454648099360181
0.6455902647095721
0.6457157194831262
0.6458411742566804
0.7266340484255425
0.7267595031990967
0.7268849579726508
0.7270104127462049
0.7271358675197591
0.7272613222933132
0.7273867770668674
0.7280140509346381
0.7281395057081922
0.730774055952829
0.730899510726383
0.7310249654999372
0.7311504202734914
0.7396813448751725
0.7398067996487265
0.7399322544222807
0.7400577091958349
0.740183163969389
0.7403086187429431
0.7404340735164973
0.7405595282900514
0.7406849830636055
0.7433195333082423
0.7434449880817964
0.7435704428553507
0.7436958976289048
0.7438213524024588
0.7439468071760129
0.7440722619495672
0.7441977167231213
0.7443231714966754
0.7444486262702296
0.7445740810437836
0.7446995358173378
0.7448249905908919
0.7449504453644461
0.7606322920587127
0.7607577468322669
0.7616359302471458
0.7617613850207
0.7618868397942541
0.7620122945678083
0.7621377493413624
0.7622632041149165
0.7623886588884706
0.7625141136620247
0.762639568435579
0.7627650232091331
0.7628904779826872
0.7630159327562412
0.7631413875297955
0.7632668423033496
0.7633922970769037
0.7635177518504579
0.763643206624012
0.7637686613975662
0.7638941161711202
0.7734286789612345
0.7735541337347885
0.7800777819596035
0.7802032367331576
0.7803286915067117
0.780454146280266
0.7805796010538201
0.7807050558273742
0.7808305106009283
0.7809559653744824
0.7810814201480366
0.7812068749215907
0.7813323296951449
0.781457784468699
0.781583239242253
0.7843432442604441
0.7844686990339982
0.7960105382009786
0.7961359929745326
0.7962614477480867
0.7963869025216409
0.7965123572951951
0.7966378120687492
0.5885083427424413
0.5886337975159954
0.5887592522895496
0.5888847070631037
0.5890101618366578
0.5891356166102121
0.6174883954334462
0.6176138502070003
0.6370593401078911
0.6371847948814452
0.6373102496549993
0.6374357044285535
0.6375611592021077
0.6376866139756617
0.6378120687492158
0.63793752352277
0.6380629782963242
0.6381884330698783
0.6383138878434323
0.6384393426169865
0.6470957219922218
0.647221176765776
0.64734663153933
0.6474720863128841
0.6475975410864383
0.6621502948187178
0.6622757495922719
0.6991594530171873
0.6992849077907414
0.6994103625642956
0.6995358173378496
0.6996612721114038
0.6997867268849579
0.699912181658512
0.7000376364320663
0.7017940032618242
0.7019194580353783
0.7020449128089323
0.7021703675824864
0.7029230962238112
0.7055576464684481
0.7056831012420022
0.7058085560155564
0.7059340107891106
0.7060594655626646
0.708317651486639
0.7084431062601931
0.7085685610337473
0.7086940158073014
0.7088194705808555
0.7089449253544098
0.7090703801279639
0.7091958349015179
0.709321289675072
0.7094467444486262
0.7095721992221804
0.7096976539957345
0.7098231087692887
0.7099485635428427
0.7100740183163968
0.710199473089951
0.7103249278635052
0.7104503826370593
0.7105758374106134
0.7107012921841677
0.7108267469577217
0.7109522017312758
0.7119558399197089
0.7120812946932631
0.7122067494668172
0.7128340233345878
0.712959478108142
0.7130849328816962
0.7132103876552502
0.7133358424288044
0.7134612972023585
0.7135867519759126
0.7137122067494668
0.713837661523021
0.713963116296575
0.7140885710701291
0.724250407728014
0.724375862501568
0.7245013172751223
0.7246267720486764
0.7247522268222305
0.7248776815957847
0.7250031363693389
0.725128591142893
0.725254045916447
0.7267595031990967
0.7268849579726508
0.7270104127462049
0.7271358675197591
0.7287667795759628
0.728892234349517
0.7290176891230711
0.7291431438966252
0.7292685986701793
0.7293940534437335
0.730774055952829
0.730899510726383
0.7310249654999372
0.7311504202734914
0.7312758750470455
0.7314013298205996
0.7315267845941539
0.731652239367708
0.731777694141262
0.7319031489148161
0.7320286036883703
0.7321540584619245
0.7322795132354786
0.7324049680090327
0.7325304227825868
0.7399322544222807
0.7400577091958349
0.740183163969389
0.7403086187429431
0.7435704428553507
0.7436958976289048
0.7438213524024588
0.7439468071760129
0.7440722619495672
0.7441977167231213
0.7443231714966754
0.7444486262702296
0.7445740810437836
0.7446995358173378
0.7448249905908919
0.7449504453644461
0.7450759001380002
0.7452013549115543
0.7453268096851086
0.7454522644586626
0.7455777192322167
0.7538577342867896
0.7539831890603437
0.7541086438338978
0.754234098607452
0.7543595533810061
0.7564922845314264
0.7566177393049806
0.7567431940785346
0.7610086563793752
0.7615104754735917
0.7616359302471458
0.7617613850207
0.7618868397942541
0.7620122945678083
0.7621377493413624
0.7622632041149165
0.7623886588884706
0.7625141136620247
0.762639568435579
0.7627650232091331
0.7628904779826872
0.7630159327562412
0.7631413875297955
0.7632668423033496
0.7633922970769037
0.7635177518504579
0.763643206624012
0.7637686613975662
0.7638941161711202
0.7640195709446744
0.7641450257182285
0.7642704804917826
0.7643959352653369
0.764521390038891
0.764646844812445
0.7647722995859991
0.7648977543595533
0.7650232091331075
0.7651486639066616
0.7652741186802158
0.7676577593777443
0.7677832141512984
0.7679086689248525
0.7680341236984067
0.7681595784719608
0.7682850332455149
0.7684104880190691
0.7685359427926233
0.7686613975661774
0.7687868523397314
0.7689123071132856
0.7690377618868397
0.7691632166603939
0.7692886714339481
0.7694141262075022
0.7695395809810562
0.7696650357546103
0.7697904905281646
0.7699159453017187
0.7733032241876804
0.7734286789612345
0.7803286915067117
0.780454146280266
0.7805796010538201
0.7807050558273742
0.7808305106009283
0.7822105131100239
0.782335967883578
0.782461422657132
0.7825868774306862
0.7827123322042403
0.7843432442604441
0.7844686990339982
0.7845941538075524
0.7847196085811065
0.7848450633546606
0.7882323422406222
0.7883577970141764
0.7884832517877305
0.7886087065612846
0.7887341613348386
0.788859616108393
0.7961359929745326
0.7962614477480867
0.7963869025216409
0.34387153431188056
0.4245389537071885
0.42466440848074266
0.6004265462300841
0.6005520010036381
0.6186174883954334
0.6187429431689875
0.6188683979425417
0.6189938527160959
0.6191193074896499
0.619244762263204
0.6193702170367582
0.6194956718103124
0.6196211265838665
0.6320411491657257
0.6321666039392799
0.632292058712834
0.6324175134863881
0.6325429682599422
0.6326684230334965
0.6327938778070505
0.6329193325806046
0.6355538828252414
0.6356793375987957
0.6358047923723498
0.6359302471459038
0.6360557019194579
0.6361811566930122
0.6363066114665663
0.6364320662401204
0.6365575210136745
0.6366829757872287
0.6368084305607828
0.6369338853343369
0.6370593401078911
0.6371847948814452
0.6373102496549993
0.6374357044285535
0.6375611592021077
0.6376866139756617
0.6378120687492158
0.63793752352277
0.6380629782963242
0.6381884330698783
0.6383138878434323
0.6384393426169865
0.6385647973905407
0.6386902521640948
0.638815706937649
0.6389411617112031
0.6390666164847572
0.6391920712583113
0.6448375360682473
0.6449629908418014
0.6450884456153556
0.6452139003889098
0.6453393551624639
0.6454648099360181
0.6455902647095721
0.6457157194831262
0.6458411742566804
0.6459666290302346
0.6460920838037887
0.6462175385773428
0.6463429933508971
0.6464684481244511
0.6465939028980052
0.6467193576715593
0.6468448124451135
0.6469702672186677
0.6470957219922218
0.647221176765776
0.64734663153933
0.6474720863128841
0.6475975410864383
0.6477229958599925
0.6478484506335466
0.6479739054071006
0.648099360180655
0.648224814954209
0.6483502697277631
0.6484757245013172
0.6486011792748714
0.6487266340484256
0.6573830134236607
0.6575084681972149
0.6608957470831764
0.6610212018567306
0.6611466566302847
0.6612721114038389
0.6618993852716096
0.6620248400451637
0.6621502948187178
0.6622757495922719
0.6624012043658262
0.6625266591393802
0.6626521139129343
0.6646593902898005
0.6647848450633546
0.6649102998369087
0.6650357546104629
0.6833521515493665
0.6834776063229205
0.6853594279262325
0.6854848826997867
0.6856103374733408
0.6952703550370092
0.6953958098105633
0.6955212645841173
0.6956467193576715
0.6957721741312256
0.6958976289047798
0.7022958223560406
0.7024212771295948
0.7036758248651361
0.7038012796386902
0.7058085560155564
0.7059340107891106
0.7060594655626646
0.7061849203362187
0.7063103751097729
0.706435829883327
0.7065612846568812
0.7066867394304354
0.7068121942039894
0.7069376489775435
0.7070631037510976
0.7071885585246519
0.707314013298206
0.7074394680717601
0.7075649228453142
0.7076903776188684
0.7078158323924225
0.7079412871659766
0.7080667419395308
0.7081921967130849
0.708317651486639
0.7084431062601931
0.7085685610337473
0.7086940158073014
0.7088194705808555
0.7114540208254924
0.7115794755990466
0.7117049303726006
0.7118303851461547
0.7119558399197089
0.7120812946932631
0.7122067494668172
0.7123322042403712
0.7124576590139255
0.7125831137874796
0.7127085685610337
0.7128340233345878
0.712959478108142
0.7130849328816962
0.7132103876552502
0.7133358424288044
0.7134612972023585
0.7135867519759126
0.7137122067494668
0.713837661523021
0.713963116296575
0.7140885710701291
0.7142140258436832
0.7143394806172375
0.7144649353907916
0.7145903901643457
0.7147158449378999
0.7148412997114539
0.7149667544850081
0.7150922092585622
0.7152176640321164
0.7174758499560908
0.7176013047296449
0.717726759503199
0.7178522142767533
0.7179776690503074
0.7181031238238614
0.7182285785974156
0.7183540333709697
0.7184794881445239
0.7187303976916322
0.7188558524651862
0.7201104002007276
0.7202358549742818
0.7203613097478359
0.72048676452139
0.7206122192949441
0.7207376740684982
0.7208631288420524
0.7209885836156066
0.7211140383891607
0.7212394931627147
0.722368586124702
0.7224940408982561
0.7231213147660268
0.723246769539581
0.7233722243131351
0.7234976790866892
0.7236231338602434
0.7238740434073516
0.7239994981809058
0.7241249529544599
0.724250407728014
0.724375862501568
0.7245013172751223
0.7280140509346381
0.7281395057081922
0.7282649604817463
0.7290176891230711
0.7291431438966252
0.7292685986701793
0.7293940534437335
0.7295195082172876
0.7296449629908417
0.729770417764396
0.7298958725379501
0.7300213273115042
0.7301467820850582
0.7302722368586124
0.730899510726383
0.7310249654999372
0.7311504202734914
0.7312758750470455
0.7314013298205996
0.7315267845941539
0.7327813323296951
0.7329067871032493
0.7330322418768034
0.7331576966503575
0.7332831514239115
0.7334086061974658
0.7335340609710199
0.733659515744574
0.7337849705181282
0.7339104252916823
0.7340358800652365
0.7341613348387905
0.7342867896123447
0.7344122443858988
0.734537699159453
0.7355413373478861
0.7356667921214401
0.7357922468949943
0.7386777066867395
0.7388031614602936
0.7389286162338476
0.7428177142140258
0.74294316898758
0.7430686237611341
0.7431940785346882
0.7433195333082423
0.7434449880817964
0.7435704428553507
0.7436958976289048
0.7440722619495672
0.7441977167231213
0.7443231714966754
0.7444486262702296
0.7445740810437836
0.7446995358173378
0.7448249905908919
0.7449504453644461
0.7450759001380002
0.7452013549115543
0.7453268096851086
0.7454522644586626
0.7455777192322167
0.7457031740057708
0.745828628779325
0.7459540835528792
0.7460795383264333
0.7462049930999874
0.7463304478735415
0.7464559026470957
0.746706812194204
0.7468322669677581
0.7469577217413121
0.7470831765148664
0.7472086312884205
0.7473340860619746
0.7474595408355287
0.7475849956090829
0.7477104503826371
0.7478359051561911
0.750595910174382
0.7507213649479363
0.7508468197214904
0.7611341111529293
0.7612595659264835
0.7613850207000377
0.7615104754735917
0.7616359302471458
0.7617613850207
0.7618868397942541
0.7620122945678083
0.7621377493413624
0.7622632041149165
0.7623886588884706
0.7625141136620247
0.762639568435579
0.7627650232091331
0.7628904779826872
0.7630159327562412
0.7631413875297955
0.7632668423033496
0.7633922970769037
0.7635177518504579
0.763643206624012
0.7637686613975662
0.7697904905281646
0.7699159453017187
0.7700414000752728
0.770166854848827
0.7733032241876804
0.7734286789612345
0.7735541337347885
0.7741814076025593
0.7743068623761133
0.7744323171496674
0.7745577719232216
0.7746832266967758
0.7748086814703299
0.774934136243884
0.7750595910174383
0.7751850457909923
0.7783214151298457
0.7784468699033997
0.7785723246769539
0.7786977794505081
0.7788232342240622
0.7789486889976163
0.7790741437711705
0.7791995985447245
0.7793250533182787
0.7794505080918329
0.779575962865387
0.7797014176389411
0.7798268724124953
0.7799523271860495
0.7800777819596035
0.7802032367331576
0.7803286915067117
0.780454146280266
0.7805796010538201
0.7807050558273742
0.7808305106009283
0.7860996110902019
0.7862250658637561
0.7863505206373101
0.7864759754108643
0.7866014301844185
0.7867268849579726
0.7868523397315267
0.7869777945050809
0.7871032492786351
0.7872287040521891
0.7873541588257432
0.7874796135992974
0.7991469075398319
0.7992723623133859
0.8019069125580228
0.8020323673315769
0.8021578221051311
0.8022832768786852
0.8024087316522392
0.8050432818968761
0.8051687366704302
0.8052941914439844
0.8054196462175385
0.8055451009910927
0.8066741939530799
0.806799648726634
0.8069251035001881
0.8070505582737423
0.8071760130472964
0.8073014678208505
0.9284907790741437
0.9286162338476979
0.1354911554384644
0.13561661021201854
0.1357420649855727
0.13586751975912684
0.13599297453268097
0.1361184293062351
0.2347258813197842
0.23485133609333833
0.34387153431188056
0.5842428804416008
0.584368335215155
0.5964119934763518
0.5965374482499058
0.59666290302346
0.5967883577970141
0.5969138125705683
0.5970392673441224
0.5971647221176766
0.5972901768912307
0.5974156316647847
0.597541086438339
0.5976665412118931
0.5977919959854472
0.5979174507590013
0.5980429055325556
0.5981683603061096
0.5982938150796637
0.5984192698532179
0.598544724626772
0.5986701794003262
0.5987956341738803
0.5989210889474345
0.5990465437209885
0.5991719984945426
0.5992974532680969
0.599422908041651
0.5995483628152051
0.5996738175887592
0.5997992723623133
0.5999247271358675
0.6008029105507464
0.6009283653243005
0.6010538200978547
0.6011792748714089
0.601304729644963
0.601430184418517
0.6015556391920712
0.6016810939656254
0.6018065487391795
0.6019320035127336
0.6020574582862878
0.6021829130598418
0.602308367833396
0.6024338226069502
0.6025592773805043
0.6026847321540584
0.6028101869276125
0.6029356417011668
0.6030610964747208
0.6031865512482749
0.6033120060218291
0.6034374607953833
0.6035629155689374
0.6036883703424915
0.6038138251160456
0.6039392798895997
0.6040647346631539
0.6041901894367081
0.6043156442102622
0.6044410989838163
0.6045665537573703
0.6046920085309246
0.6048174633044787
0.6049429180780328
0.605068372851587
0.6051938276251412
0.6053192823986953
0.6054447371722493
0.6055701919458035
0.6056956467193576
0.6058211014929118
0.605946556266466
0.6060720110400201
0.6074520135491155
0.6075774683226697
0.6077029230962238
0.607828377869778
0.607953832643332
0.6080792874168861
0.6082047421904404
0.6083301969639945
0.6084556517375486
0.6085811065111026
0.6087065612846568
0.608832016058211
0.6089574708317651
0.6090829256053193
0.6092083803788734
0.6093338351524274
0.6094592899259816
0.6095847446995358
0.6097101994730899
0.609835654246644
0.6099611090201983
0.6100865637937524
0.6133483879061598
0.6134738426797138
0.6135992974532681
0.6137247522268222
0.6138502070003763
0.6142265713210388
0.6143520260945928
0.614477480868147
0.6146029356417011
0.6147283904152552
0.6148538451888095
0.6149792999623636
0.6151047547359176
0.6152302095094717
0.615355664283026
0.6154811190565801
0.6156065738301342
0.6157320286036884
0.6158574833772424
0.6159829381507966
0.6161083929243507
0.6162338476979049
0.616359302471459
0.6164847572450131
0.6166102120185674
0.6167356667921214
0.6168611215656755
0.6169865763392296
0.6171120311127839
0.617237485886338
0.6173629406598921
0.6174883954334462
0.6176138502070003
0.6182411240747709
0.6183665788483252
0.6184920336218793
0.6186174883954334
0.6187429431689875
0.6188683979425417
0.6196211265838665
0.6197465813574207
0.6198720361309747
0.6199974909045288
0.620122945678083
0.6217538577342867
0.6218793125078408
0.6220047672813951
0.6221302220549492
0.6222556768285032
0.6223811316020574
0.6225065863756116
0.6226320411491657
0.6227574959227198
0.622882950696274
0.623008405469828
0.6231338602433822
0.6232593150169364
0.6233847697904905
0.6235102245640446
0.6236356793375987
0.623761134111153
0.623886588884707
0.6240120436582611
0.6241374984318153
0.6242629532053695
0.6243884079789236
0.6245138627524777
0.6246393175260319
0.6247647722995859
0.6248902270731401
0.6250156818466942
0.6251411366202484
0.6252665913938025
0.6253920461673566
0.6255175009409109
0.6256429557144649
0.625768410488019
0.6258938652615731
0.6260193200351273
0.6261447748086815
0.6262702295822355
0.6263956843557897
0.6265211391293438
0.626646593902898
0.6267720486764521
0.6268975034500063
0.6270229582235604
0.6271484129971144
0.6272738677706687
0.6273993225442228
0.6275247773177769
0.627650232091331
0.6277756868648852
0.6279011416384394
0.6280265964119934
0.6281520511855476
0.6282775059591017
0.6284029607326558
0.62852841550621
0.6286538702797642
0.6287793250533182
0.6289047798268723
0.6290302346004266
0.6291556893739807
0.6316647848450633
0.6317902396186175
0.6319156943921715
0.6320411491657257
0.6321666039392799
0.632292058712834
0.6324175134863881
0.6325429682599422
0.6326684230334965
0.6327938778070505
0.6329193325806046
0.6330447873541588
0.6331702421277129
0.6332956969012671
0.6334211516748212
0.6335466064483753
0.6336720612219294
0.6337975159954835
0.6339229707690378
0.6340484255425919
0.634173880316146
0.6342993350897
0.6344247898632543
0.6345502446368084
0.6346756994103625
0.6348011541839167
0.6349266089574708
0.635052063731025
0.635177518504579
0.6353029732781332
0.6369338853343369
0.6370593401078911
0.6371847948814452
0.6373102496549993
0.6374357044285535
0.6375611592021077
0.6376866139756617
0.6378120687492158
0.63793752352277
0.6380629782963242
0.6381884330698783
0.6383138878434323
0.6384393426169865
0.6385647973905407
0.6386902521640948
0.638815706937649
0.6389411617112031
0.6390666164847572
0.6391920712583113
0.6393175260318655
0.6394429808054196
0.6395684355789737
0.6396938903525279
0.6398193451260821
0.6399447998996362
0.6400702546731902
0.6401957094467444
0.6403211642202985
0.6445866265211392
0.6447120812946933
0.6454648099360181
0.6455902647095721
0.6457157194831262
0.6458411742566804
0.6459666290302346
0.6460920838037887
0.6462175385773428
0.6463429933508971
0.6486011792748714
0.6487266340484256
0.6488520888219796
0.6536193702170368
0.6537448249905908
0.6580102872914314
0.6581357420649855
0.6592648350269728
0.6593902898005268
0.659515744574081
0.6596411993476352
0.6597666541211893
0.6598921088947434
0.6601430184418517
0.6602684732154058
0.6603939279889599
0.660519382762514
0.6606448375360683
0.6607702923096224
0.6608957470831764
0.6610212018567306
0.6611466566302847
0.6659139380253418
0.666039392798896
0.6661648475724501
0.6662903023460042
0.6664157571195584
0.6665412118931124
0.6666666666666666
0.6667921214402208
0.6669175762137749
0.6952703550370092
0.6953958098105633
0.6955212645841173
0.7015430937147158
0.7016685484882699
0.7017940032618242
0.7019194580353783
0.7020449128089323
0.7021703675824864
0.7022958223560406
0.7157194831263329
0.7160958474469954
0.7162213022205495
0.7163467569941036
0.7164722117676577
0.7169740308618743
0.7170994856354284
0.7172249404089824
0.7173503951825367
0.7184794881445239
0.7196085811065112
0.7197340358800652
0.7198594906536193
0.7199849454271735
0.7201104002007276
0.7202358549742818
0.7203613097478359
0.72048676452139
0.7207376740684982
0.7208631288420524
0.7209885836156066
0.7211140383891607
0.7212394931627147
0.7213649479362689
0.7214904027098231
0.7216158574833772
0.7217413122569313
0.7218667670304855
0.7219922218040395
0.7221176765775937
0.7222431313511479
0.7283904152553003
0.7285158700288545
0.7286413248024087
0.7287667795759628
0.728892234349517
0.7296449629908417
0.729770417764396
0.7298958725379501
0.7300213273115042
0.7301467820850582
0.7302722368586124
0.7303976916321666
0.7305231464057207
0.7306486011792749
0.7325304227825868
0.7326558775561409
0.7327813323296951
0.7329067871032493
0.7330322418768034
0.7331576966503575
0.7332831514239115
0.7334086061974658
0.7335340609710199
0.733659515744574
0.7337849705181282
0.7350395182536694
0.7419395307991469
0.742064985572701
0.7421904403462551
0.7423158951198093
0.7424413498933634
0.7425668046669175
0.7426922594404717
0.7428177142140258
0.74294316898758
0.7430686237611341
0.7431940785346882
0.7433195333082423
0.7434449880817964
0.7441977167231213
0.7443231714966754
0.7444486262702296
0.7445740810437836
0.745828628779325
0.7459540835528792
0.7460795383264333
0.7462049930999874
0.7463304478735415
0.7464559026470957
0.7465813574206498
0.746706812194204
0.7468322669677581
0.7469577217413121
0.7617613850207
0.7618868397942541
0.7620122945678083
0.7621377493413624
0.7622632041149165
0.7623886588884706
0.7625141136620247
0.762639568435579
0.7728014050934638
0.7729268598670179
0.773052314640572
0.7731777694141261
0.7733032241876804
0.7734286789612345
0.7735541337347885
0.7736795885083427
0.7738050432818968
0.773930498055451
0.7740559528290051
0.7741814076025593
0.7743068623761133
0.7744323171496674
0.7745577719232216
0.7746832266967758
0.7748086814703299
0.774934136243884
0.7750595910174383
0.7751850457909923
0.7753105005645464
0.7754359553381005
0.7755614101116547
0.7756868648852089
0.775812319658763
0.7759377744323172
0.7760632292058712
0.7761886839794253
0.7763141387529795
0.7764395935265337
0.7765650483000878
0.7766905030736418
0.776815957847196
0.7769414126207502
0.7770668673943043
0.7771923221678584
0.7773177769414126
0.7774432317149668
0.7775686864885208
0.777694141262075
0.7778195960356291
0.7779450508091832
0.7780705055827374
0.7781959603562916
0.7783214151298457
0.7784468699033997
0.7798268724124953
0.7799523271860495
0.7800777819596035
0.7802032367331576
0.7803286915067117
0.7860996110902019
0.787981432693514
0.788106887467068
0.7882323422406222
0.7883577970141764
0.7884832517877305
0.7886087065612846
0.7887341613348386
0.7983941788985071
0.7985196336720611
0.8016560030109146
0.8017814577844686
0.8019069125580228
0.8020323673315769
0.8021578221051311
0.8022832768786852
0.8054196462175385
0.8055451009910927
0.8056705557646469
0.8057960105382009
0.805921465311755
0.8060469200853092
0.8061723748588634
0.8062978296324175
0.8064232844059716
0.8065487391795257
0.8066741939530799
0.806799648726634
0.8069251035001881
0.8070505582737423
0.8121942039894617
0.8123196587630159
0.81244511353657
0.8125705683101241
0.8126960230836783
0.8128214778572325
0.8129469326307865
0.8130723874043406
0.9007652741186801
0.9008907288922343
0.9289925981683603
0.9291180529419144
0.9292435077154685
0.9293689624890226
0.9294944172625769
0.929619872036131
0.929745326809685
0.9298707815832391
0.9299962363567934
0.9309998745452264
0.11868021578221051
0.1353657006649103
0.1354911554384644
0.13561661021201854
0.1357420649855727
0.14703299460544472
0.14715844937899886
0.21101492911805292
0.21114038389160705
0.2112658386651612
0.21164220298582362
0.21176765775937773
0.21189311253293186
0.212018567306486
0.21214402208004013
0.22807677832141512
0.22820223309496926
0.2283276878685234
0.23071132856605195
0.23447497177267596
0.23497679086689247
0.2351022456404466
0.23522770041400073
0.23535315518755487
0.23547860996110903
0.23560406473466314
0.23572951950821727
0.3437460795383264
0.5930247145903901
0.5931501693639443
0.5932756241374985
0.5990465437209885
0.5991719984945426
0.5992974532680969
0.599422908041651
0.5995483628152051
0.6005520010036381
0.6006774557771923
0.6058211014929118
0.605946556266466
0.6060720110400201
0.6061974658135741
0.6063229205871282
0.6064483753606825
0.6065738301342366
0.6066992849077907
0.6068247396813448
0.6135992974532681
0.6137247522268222
0.6167356667921214
0.6168611215656755
0.6169865763392296
0.6171120311127839
0.617237485886338
0.6173629406598921
0.6174883954334462
0.6176138502070003
0.6177393049805545
0.6178647597541086
0.6179902145276628
0.6181156693012169
0.6182411240747709
0.6183665788483252
0.6184920336218793
0.6186174883954334
0.6187429431689875
0.6188683979425417
0.6197465813574207
0.6198720361309747
0.623008405469828
0.6231338602433822
0.6232593150169364
0.6233847697904905
0.6235102245640446
0.6236356793375987
0.623761134111153
0.623886588884707
0.6240120436582611
0.6241374984318153
0.6242629532053695
0.6243884079789236
0.6273993225442228
0.6275247773177769
0.627650232091331
0.6277756868648852
0.6279011416384394
0.6280265964119934
0.6281520511855476
0.6282775059591017
0.6284029607326558
0.62852841550621
0.6286538702797642
0.6287793250533182
0.6312884205244009
0.6314138752979551
0.6315393300715092
0.6316647848450633
0.6325429682599422
0.6326684230334965
0.6330447873541588
0.6331702421277129
0.6332956969012671
0.6334211516748212
0.6335466064483753
0.6336720612219294
0.6337975159954835
0.6339229707690378
0.6340484255425919
0.634173880316146
0.6342993350897
0.6344247898632543
0.638815706937649
0.6389411617112031
0.6393175260318655
0.6394429808054196
0.6395684355789737
0.6409484380880691
0.6410738928616234
0.6411993476351775
0.6413248024087316
0.6414502571822858
0.6488520888219796
0.6489775435955337
0.6491029983690879
0.649228453142642
0.6590139254798645
0.6591393802534186
0.6592648350269728
0.6593902898005268
0.659515744574081
0.6596411993476352
0.6597666541211893
0.6598921088947434
0.6600175636682974
0.6601430184418517
0.6602684732154058
0.6603939279889599
0.7011667293940534
0.7012921841676075
0.7014176389411617
0.7015430937147158
0.7016685484882699
0.7017940032618242
0.7152176640321164
0.7153431188056705
0.7154685735792247
0.7155940283527789
0.7157194831263329
0.715844937899887
0.7159703926734411
0.7160958474469954
0.7162213022205495
0.7163467569941036
0.7164722117676577
0.7165976665412118
0.716723121314766
0.7168485760883201
0.7169740308618743
0.7170994856354284
0.7172249404089824
0.728892234349517
0.7290176891230711
0.7423158951198093
0.7424413498933634
0.7425668046669175
0.7426922594404717
0.7428177142140258
0.74294316898758
0.7722995859992472
0.7724250407728014
0.7725504955463555
0.7726759503199097
0.7728014050934638
0.7729268598670179
0.773052314640572
0.7731777694141261
0.7857232467695395
0.7858487015430937
0.7859741563166478
0.7860996110902019
0.7862250658637561
0.7863505206373101
0.7864759754108643
0.7866014301844185
0.7867268849579726
0.7868523397315267
0.8064232844059716
0.8065487391795257
0.8212269476853594
0.08305106009283653
0.1380002509095471
0.13812570568310123
0.21540584619244763
0.21553130096600176
0.21565675573955587
0.21578221051311
0.22882950696273993
0.22895496173629407
0.2290804165098482
0.27048049178271233
0.27060594655626646
0.5876301593275624
0.5877556141011165
0.5878810688746706
0.5880065236482248
0.5881319784217789
0.5882574331953331
0.5883828879688872
0.5885083427424413
0.5886337975159954
0.5887592522895496
0.5888847070631037
0.5890101618366578
0.6177393049805545
0.6178647597541086
0.6179902145276628
0.6181156693012169
0.6182411240747709
0.6183665788483252
0.6184920336218793
0.6186174883954334
0.6187429431689875
0.6188683979425417
0.6189938527160959
0.6191193074896499
0.619244762263204
0.6193702170367582
0.6194956718103124
0.6196211265838665
0.6197465813574207
0.6306611466566302
0.6329193325806046
0.6330447873541588
0.6331702421277129
0.6332956969012671
0.6334211516748212
0.6335466064483753
0.6413248024087316
0.6414502571822858
0.64157571195584
0.641701166729394
0.6418266215029481
0.6419520762765023
0.6420775310500564
0.6422029858236106
0.6423284405971648
0.08518379124325681
0.08530924601681093
0.12169113034750972
0.12181658512106384
0.12194203989461798
0.12206749466817213
0.12219294944172625
0.12294567808305104
0.12307113285660519
0.12319658763015932
0.12332204240371344
0.12344749717726759
0.12357295195082173
0.14665663028478232
0.1514239116798394
0.1518002760005018
0.15192573077405594
0.1520511855476101
0.1521766403211642
0.15230209509471834
0.15242754986827248
0.1525530046418266
0.15267845941538075
0.15280391418893488
-0.12206749466817213
-0.12219294944172625
-0.12231840421528038
-0.12244385898883452
-0.12256931376238865
-0.14176389411617113
-0.14188934888972524
-0.14201480366327937
-0.1421402584368335
-0.14226571321038764
-0.14602935641701165
-0.14615481119056578
-0.1506711830385146
-0.15079663781206873
-0.15092209258562286
-0.1514239116798394
-0.15154936645339354
-0.15167482122694767
-0.1518002760005018
-0.15192573077405594
-0.1520511855476101
-0.1521766403211642
-0.15230209509471834
-0.15242754986827248
-0.1525530046418266
-0.15267845941538075
-0.08154560281018693
-0.08681470329946053
-0.129469326307866
-0.12959478108142014
-0.12972023585497428
-0.1298456906285284
-0.12997114540208254
-0.13009660017563668
-0.13034750972274495
-0.13047296449629908
-0.13059841926985322
-0.13072387404340732
-0.141638439342617
-0.1459039016434575
-0.14778572324676953
-0.14791117802032366
-0.1480366327938778
-0.14816208756743193
-0.15004390917074395
-0.15016936394429808
-0.15029481871785222
-0.15042027349140635
-0.15054572826496046
-0.1506711830385146
-0.15117300213273116
-0.1512984569062853
-0.1514239116798394
-0.15154936645339354
-0.15167482122694767
-0.1518002760005018
-0.15192573077405594
-0.1520511855476101
-0.1521766403211642
-0.15230209509471834
-0.15242754986827248
-0.1525530046418266
-0.15267845941538075
-0.15318027850959728
-0.15330573328315142
-0.046794630535691877
-0.04692008530924602
-0.047045540082800145
-0.04717099485635428
-0.047296449629908414
-0.04742190440346255
-0.04754735917701668
-0.04767281395057082
-0.047798268724124945
-0.04792372349767909
-0.048049178271233214
-0.04817463304478735
-0.07916196211265839
-0.08129469326307866
-0.08142014803663279
-0.1410111654748463
-0.14113662024840043
-0.14126207502195456
-0.1413875297955087
-0.14151298456906286
-0.141638439342617
-0.14176389411617113
-0.14188934888972524
-0.14201480366327937
-0.1421402584368335
-0.14226571321038764
-0.1423911679839418
-0.14251662275749594
-0.14264207753105004
-0.14276753230460418
-0.1428929870781583
-0.14301844185171245
-0.15154936645339354
-0.15167482122694767
-0.1518002760005018
-0.15192573077405594
-0.1520511855476101
-0.1521766403211642
-0.15230209509471834
-0.15242754986827248
-0.1525530046418266
-0.21452766277756868
-0.21465311755112282
-0.024087316522393674
-0.14427298958725376
-0.14439844436080793
-0.14452389913436206
-0.1446493539079162
-0.14477480868147033
-0.14490026345502446
-0.14502571822857857
-0.1451511730021327
-0.14527662777568687
-0.145402082549241
-0.14552753732279514
-0.14565299209634927
-0.14577844686990338
-0.1459039016434575
-0.14602935641701165
-0.14615481119056578
-0.14628026596411994
-0.14640572073767408
-0.1465311755112282
-0.14665663028478232
-0.14678208505833645
-0.1469075398318906
-0.14703299460544472
-0.14715844937899886
-0.14728390415255302
-0.14740935892610713
-0.14753481369966126
-0.1476602684732154
-0.1520511855476101
-0.1521766403211642
-0.15230209509471834
-0.15242754986827248
-0.1525530046418266
-0.15267845941538075
-0.15280391418893488
-0.15292936896248902
-0.15305482373604315
-0.21452766277756868
-0.023961861748839543
-0.024087316522393674
-0.02421277129594781
-0.04666917576213775
-0.046794630535691877
-0.12231840421528038
-0.12244385898883452
-0.12256931376238865
-0.12269476853594279
-0.12282022330949692
-0.12294567808305104
-0.12307113285660519
-0.12319658763015932
-0.12332204240371344
-0.12344749717726759
-0.12357295195082173
-0.12369840672437586
-0.12382386149792998
-0.12394931627148413
-0.12407477104503827
-0.12420022581859239
-0.12432568059214652
-0.12445113536570067
-0.12457659013925479
-0.12470204491280892
-0.12482749968636306
-0.12495295445991719
-0.21452766277756868
-0.021954585371973402
-0.02346004265462301
-0.02358549742817714
-0.023710952201731274
-0.02383640697528541
-0.023961861748839543
-0.02421277129594781
-0.024714590390164343
-0.025341864257935012
-0.025467319031489147
-0.02559277380504328
-0.026470957219922216
-0.02659641199347635
-0.04692008530924602
-0.05582737423158951
-0.05595282900514364
-0.05607828377869778
-0.05620373855225191
-0.05632919332580604
-0.05645464809936018
-0.05658010287291431
-0.056705557646468445
-0.05683101242002258
-0.056956467193576714
-0.05808556015556391
-0.05821101492911805
-0.05833646970267218
-0.07803286915067119
-0.07815832392422531
-0.07828377869777944
-0.006900012545477355
-0.14188934888972524
-0.14201480366327937
-0.1421402584368335
-0.14226571321038764
-0.1423911679839418
-0.14251662275749594
-0.14527662777568687
-0.145402082549241
-0.14552753732279514
-0.14565299209634927
-0.14577844686990338
-0.1459039016434575
-0.14602935641701165
-0.14615481119056578
-0.14628026596411994
-0.14640572073767408
-0.1465311755112282
-0.14665663028478232
-0.14678208505833645
-0.1469075398318906
-0.14703299460544472
-0.14715844937899886
-0.14728390415255302
-0.14740935892610713
-0.14753481369966126
-0.1476602684732154
-0.14778572324676953
-0.14791117802032366
-0.1480366327938778
-0.14816208756743193
-0.14828754234098607
-0.1484129971145402
-0.14853845188809434
-0.14866390666164847
-0.1487893614352026
-0.1489148162087567
-0.14904027098231085
-0.149165725755865
-0.14929118052941914
-0.14941663530297328
-0.1495420900765274
-0.14966754485008155
-0.14979299962363565
-0.1499184543971898
-0.15004390917074395
-0.15016936394429808
-0.15029481871785222
-0.15042027349140635
-0.15054572826496046
-0.1506711830385146
-0.15079663781206873
-0.15092209258562286
-0.15104754735917703
-0.15117300213273116
-0.26470957219922214
-0.2653368460669928
-0.26546230084054695
-0.2655877556141011
-0.2657132103876553
-0.26583866516120935
-0.26596411993476354
-0.2660895747083176
-0.26621502948187176
-0.032492786350520636
-0.13398569815581482
-0.141638439342617
-0.14176389411617113
-0.14326935139882072
-0.14339480617237485
-0.14640572073767408
-0.1465311755112282
-0.14665663028478232
-0.14678208505833645
-0.1469075398318906
-0.14703299460544472
-0.14715844937899886
-0.14728390415255302
-0.14740935892610713
-0.14753481369966126
-0.1476602684732154
-0.14778572324676953
-0.14791117802032366
-0.1480366327938778
-0.14816208756743193
-0.14828754234098607
-0.1484129971145402
-0.14853845188809434
-0.14866390666164847
-0.1487893614352026
-0.1489148162087567
-0.2553004641826621
-0.25542591895621625
-0.25555137372977044
-0.25567682850332457
-0.25580228327687865
-0.2559277380504328
-0.2560531928239869
-0.25617864759754105
-0.2563041023710952
-0.2564295571446493
-0.25655501191820346
-0.2566804666917576
-0.2568059214653117
-0.25693137623886586
-0.25755865010663653
-0.25768410488019067
-0.2578095596537448
-0.14753481369966126
-0.1476602684732154
-0.14778572324676953
-0.14791117802032366
-0.1480366327938778
-0.1518002760005018
-0.24865136118429304
-0.25090954710826746
-0.2510350018818216
-0.25116045665537573
-0.25128591142892986
-0.2536695521264584
-0.25379500690001255
-0.2539204616735667
-0.26157320286036884
-0.2616986576339229
-0.2618241124074771
-0.26194956718103124
-0.2620750219545854
-0.2622004767281395
-0.2623259315016936
-0.2624513862752478
-0.26257684104880186
-0.26270229582235605
-0.2628277505959102
-0.26295320536946426
-0.2712332204240371
-0.27135867519759127
-0.2714841299711454
-0.27186049429180775
-0.27198594906536194
-0.272111403838916
-0.2722368586124702
-0.27311504202734915
-0.2732404968009033
-0.27336595157445737
