0.4245123636922131
0.4246659499308862
0.42481953616955925
0.4249731224082322
0.42512670864690527
0.4252802948855782
0.42681615727230837
0.42696974351098144
0.7654738135463062
0.7656273997849792
0.7657809860236523
0.7659345722623253
0.8528643833512518
0.8531715558285977
0.8533251420672708
0.8534787283059438
0.8536323145446167
0.8537859007832898
0.8539394870219629
0.8540930732606359
0.8542466594993088
0.8544002457379819
0.8545538319766549
0.4217478113960989
0.42190139763477197
0.4220549838734449
0.4254338811242513
0.4255874673629243
0.4257410536015973
0.4258946398402703
0.4260482260789433
0.4618338196897558
0.46198740592842885
0.47488864997696206
0.4965443096298572
0.4966978958685302
0.4968514821072032
0.4970050683458762
0.4971586545845492
0.7613269851021348
0.7614805713408079
0.7616341575794808
0.7617877438181538
0.7806788511749347
0.7808324374136077
0.7809860236522808
0.7811396098909537
0.7812931961296268
0.7814467823682998
0.7816003686069728
0.782829058516357
0.78298264475503
0.7831362309937029
0.783289817232376
0.7862079557671633
0.7863615420058362
0.7865151282445093
0.7866687144831823
0.7868223007218553
0.7869758869605282
0.7871294731992013
0.7872830594378744
0.7874366456765474
0.7875902319152205
0.7877438181538934
0.7878974043925664
0.8221471356166488
0.8223007218553217
0.8224543080939948
0.8226078943326678
0.8227614805713408
0.8229150668100139
0.8230686530486868
0.8232222392873598
0.823375825526033
0.823529411764706
0.8236829980033789
0.8238365842420519
0.823990170480725
0.824143756719398
0.8242973429580709
0.824450929196744
0.824604515435417
0.82475810167409
0.8253724466287821
0.8255260328674552
0.8256796191061281
0.8258332053448011
0.8259867915834741
0.8278298264475503
0.8279834126862233
0.834741207187836
0.834894793426509
0.835048379665182
0.8352019659038551
0.8362770695745662
0.8364306558132392
0.8365842420519121
0.8367378282905852
0.8368914145292582
0.8370450007679312
0.8371985870066041
0.8373521732452772
0.8375057594839502
0.8376593457226232
0.8514821072031946
0.8519428659192136
0.8537859007832898
0.8539394870219629
0.8540930732606359
0.8542466594993088
0.8544002457379819
0.8545538319766549
0.8547074182153279
0.8548610044540008
0.8550145906926739
0.855168176931347
0.85532176317002
0.8554753494086931
0.855628935647366
0.8688373521732453
0.8691445246505913
0.8692981108892642
0.8694516971279374
0.8696052833666104
0.8697588696052834
0.8699124558439565
0.8700660420826294
0.8702196283213024
0.8703732145599754
0.8705268007986485
0.8706803870373214
0.8708339732759944
0.8709875595146676
0.8711411457533406
0.8712947319920135
0.8714483182306865
0.8716019044693596
0.9150668100138227
0.9152203962524957
0.9153739824911689
0.9155275687298419
0.9156811549685148
0.9158347412071878
0.9159883274458609
0.9161419136845339
0.9162954999232068
0.9164490861618799
0.9166026724005529
0.9167562586392259
0.916909844877899
0.917063431116572
0.9476270926125019
0.9477806788511749
0.947934265089848
0.948087851328521
0.9482414375671939
0.9483950238058669
0.6404546152664721
0.6406082015051452
0.6409153739824911
0.6410689602211641
0.7003532483489479
0.7095684226693288
0.7097220089080019
0.71064352634004
0.7107971125787129
0.7276915988327445
0.7304561511288589
0.7306097373675319
0.7307633236062049
0.730916909844878
0.7310704960835509
0.7312240823222239
0.7313776685608969
0.73153125479957
0.7316848410382429
0.731838427276916
0.7319920135155891
0.7321455997542621
0.732299185992935
0.7342958070956842
0.7344493933343572
0.7346029795730302
0.7347565658117033
0.7387498080172016
0.7389033942558746
0.7390569804945477
0.7392105667332207
0.7393641529718936
0.7487329135309476
0.7488864997696206
0.7490400860082936
0.7519582245430809
0.7521118107817539
0.7522653970204269
0.7524189832591001
0.752572569497773
0.7528797419751191
0.7530333282137921
0.753186914452465
0.7600982951927507
0.7602518814314236
0.7604054676700968
0.7605590539087698
0.7607126401474428
0.7608662263861159
0.7610198126247888
0.7611733988634618
0.7613269851021348
0.7628628474888649
0.763016433727538
0.763170019966211
0.7659345722623253
0.7660881585009982
0.7662417447396713
0.7663953309783443
0.7665489172170173
0.7667025034556904
0.7779142988788204
0.7780678851174935
0.7782214713561665
0.7783750575948395
0.7785286438335126
0.7786822300721855
0.7788358163108585
0.7789894025495315
0.7791429887882046
0.7792965750268775
0.7794501612655506
0.7796037475042237
0.7797573337428967
0.7799109199815696
0.7800645062202426
0.7802180924589157
0.7803716786975887
0.7805252649362616
0.7806788511749347
0.7808324374136077
0.7809860236522808
0.7811396098909537
0.7812931961296268
0.7814467823682998
0.7816003686069728
0.7817539548456459
0.7843649209030872
0.7845185071417601
0.7846720933804331
0.7848256796191061
0.7851328520964521
0.7852864383351251
0.7854400245737982
0.7855936108124713
0.7857471970511442
0.7859007832898172
0.7860543695284903
0.7862079557671633
0.7863615420058362
0.7865151282445093
0.7866687144831823
0.7868223007218553
0.7869758869605282
0.7871294731992013
0.7872830594378744
0.7874366456765474
0.7875902319152205
0.7877438181538934
0.7878974043925664
0.7880509906312394
0.7882045768699125
0.7883581631085854
0.7885117493472584
0.7886653355859315
0.7888189218246046
0.7889725080632775
0.8155429273537091
0.815696513592382
0.815850099831055
0.8160036860697282
0.8161572723084012
0.8163108585470742
0.8164644447857472
0.8166180310244202
0.8212256181846106
0.8215327906619567
0.8218399631393027
0.8219935493779758
0.8221471356166488
0.8223007218553217
0.8224543080939948
0.8226078943326678
0.8227614805713408
0.8232222392873598
0.823375825526033
0.823529411764706
0.8273690677315313
0.8275226539702042
0.8276762402088773
0.8278298264475503
0.8279834126862233
0.8281369989248962
0.8282905851635693
0.8284441714022424
0.8285977576409154
0.8287513438795885
0.8289049301182614
0.8290585163569344
0.8292121025956074
0.8293656888342805
0.8295192750729534
0.8296728613116264
0.8298264475502996
0.8299800337889726
0.8318230686530487
0.8319766548917218
0.8321302411303947
0.8322838273690677
0.8324374136077407
0.8325909998464138
0.8370450007679312
0.8371985870066041
0.8373521732452772
0.8375057594839502
0.8376593457226232
0.8378129319612964
0.8379665181999693
0.8381201044386423
0.8382736906773153
0.8384272769159884
0.8385808631546613
0.8387344493933343
0.845338657656274
0.8530179695899247
0.8536323145446167
0.8537859007832898
0.8548610044540008
0.8550145906926739
0.855168176931347
0.85532176317002
0.8560896943633851
0.856243280602058
0.856396866840731
0.8565504530794041
0.8567040393180771
0.85685762555675
0.8570112117954231
0.8571647980340962
0.8573183842727692
0.8574719705114421
0.8576255567501152
0.8673014897865151
0.8674550760251881
0.8676086622638611
0.8677622485025343
0.8679158347412073
0.8680694209798802
0.8682230072185532
0.8683765934572263
0.8685301796958993
0.8686837659345722
0.8688373521732453
0.8689909384119183
0.8691445246505913
0.8692981108892642
0.8694516971279374
0.8696052833666104
0.8697588696052834
0.8699124558439565
0.8700660420826294
0.8702196283213024
0.8703732145599754
0.8705268007986485
0.8706803870373214
0.8708339732759944
0.8709875595146676
0.8711411457533406
0.8712947319920135
0.8714483182306865
0.8716019044693596
0.8717554907080326
0.8719090769467055
0.8720626631853786
0.8722162494240516
0.8723698356627246
0.8725234219013975
0.8726770081400707
0.8914145292581785
0.8915681154968514
0.8917217017355245
0.8918752879741976
0.8920288742128706
0.8921824604515435
0.8923360466902166
0.8924896329288896
0.8926432191675626
0.8927968054062355
0.8929503916449086
0.8931039778835816
0.8932575641222547
0.8934111503609278
0.8935647365996007
0.8937183228382737
0.8938719090769467
0.8940254953156198
0.9081554292735371
0.9146060512978037
0.9147596375364767
0.9149132237751497
0.9150668100138227
0.9152203962524957
0.9153739824911689
0.9155275687298419
0.9156811549685148
0.9158347412071878
0.9159883274458609
0.9161419136845339
0.9162954999232068
0.9164490861618799
0.9166026724005529
0.9167562586392259
0.916909844877899
0.917063431116572
0.9187528797419752
0.9189064659806481
0.9296575026877592
0.9298110889264323
0.9299646751651052
0.9301182614037782
0.9302718476424513
0.9304254338811243
0.9305790201197972
0.939026263246813
0.939179849485486
0.9393334357241591
0.9440946091230226
0.9442481953616957
0.9444017816003686
0.9445553678390416
0.9447089540777147
0.9448625403163877
0.947473506373829
0.9476270926125019
0.9477806788511749
0.947934265089848
0.948087851328521
0.9482414375671939
0.9614498540930733
0.9616034403317463
0.9617570265704193
0.9619106128090923
0.9620641990477653
0.9622177852864383
0.9623713715251114
0.9625249577637843
0.9626785440024573
0.9628321302411303
0.9629857164798035
0.9631393027184764
0.9632928889571494
0.9634464751958225
0.9636000614344955
0.9637536476731685
0.9639072339118414
0.9640608201505145
0.9642144063891875
0.9643679926278605
0.9645215788665336
0.9646751651052066
0.9648287513438796
0.9649823375825526
0.9651359238212257
0.9652895100598986
0.9654430962985716
0.9655966825372447
0.9657502687759177
0.968361234833359
0.9685148210720319
0.9686684073107049
0.968821993549378
0.9691291660267239
0.969282752265397
0.9874059284288127
0.9875595146674858
0.9877131009061588
0.9878666871448318
0.9880202733835048
0.9881738596221779
0.9883274458608509
0.9884810320995239
0.9886346183381969
0.9887882045768699
0.9889417908155429
0.989095377054216
0.989248963292889
0.9894025495315619
0.9895561357702349
0.989709722008908
0.9898633082475811
0.990016894486254
0.9901704807249271
0.9903240669636001
0.9904776532022731
0.990631239440946
0.9907848256796191
0.9909384119182921
0.9910919981569651
0.9912455843956383
0.9913991706343112
0.9915527568729842
0.9917063431116572
0.9918599293503303
0.9920135155890032
0.9921671018276762
0.9941637229304254
0.9943173091690984
0.6432191675625863
0.7064966978958686
0.7066502841345416
0.7068038703732145
0.7069574566118876
0.7071110428505606
0.7072646290892336
0.7074182153279067
0.7075718015665796
0.7077253878052526
0.7078789740439256
0.7094148364306557
0.7095684226693288
0.7097220089080019
0.7098755951466749
0.7100291813853478
0.7101827676240209
0.712025802488097
0.71217938872677
0.7135616648748272
0.7137152511135002
0.7138688373521733
0.7140224235908462
0.7143295960681922
0.7144831823068654
0.7150975272615574
0.7152511135002303
0.7154046997389033
0.7166333896482875
0.7167869758869605
0.7169405621256335
0.7170941483643066
0.7172477346029795
0.7174013208416525
0.7175549070803257
0.7177084933189987
0.7269236676393795
0.7270772538780524
0.7272308401167256
0.7273844263553986
0.730916909844878
0.73153125479957
0.7316848410382429
0.731838427276916
0.7319920135155891
0.7321455997542621
0.732299185992935
0.732452772231608
0.7326063584702811
0.7327599447089541
0.732913530947627
0.7330671171863001
0.7332207034249731
0.7333742896636462
0.733527875902319
0.7336814621409922
0.7338350483796652
0.7339886346183382
0.7341422208570113
0.7342958070956842
0.7344493933343572
0.7346029795730302
0.7347565658117033
0.7349101520503762
0.7350637382890493
0.7352173245277224
0.7353709107663954
0.7355244970050683
0.7356780832437413
0.7358316694824144
0.7359852557210874
0.7361388419597603
0.7362924281984334
0.7584088465673475
0.7585624328060205
0.7587160190446937
0.7588696052833667
0.7590231915220396
0.7591767777607126
0.7593303639993857
0.7594839502380587
0.7596375364767316
0.7597911227154047
0.7599447089540777
0.7759176777760713
0.7760712640147442
0.7762248502534173
0.7763784364920904
0.7774535401628014
0.7776071264014744
0.7777607126401475
0.7782214713561665
0.7783750575948395
0.7785286438335126
0.7786822300721855
0.7788358163108585
0.7789894025495315
0.7791429887882046
0.7792965750268775
0.7794501612655506
0.7796037475042237
0.7797573337428967
0.7799109199815696
0.7800645062202426
0.7802180924589157
0.7803716786975887
0.7805252649362616
0.7806788511749347
0.7808324374136077
0.7809860236522808
0.7811396098909537
0.7812931961296268
0.7854400245737982
0.7865151282445093
0.7883581631085854
0.7885117493472584
0.7886653355859315
0.7888189218246046
0.7889725080632775
0.8281369989248962
0.8282905851635693
0.8378129319612964
0.8379665181999693
0.8496390723391185
0.8497926585777914
0.8499462448164644
0.8524036246352327
0.8525572108739057
0.8527107971125787
0.8528643833512518
0.8530179695899247
0.8544002457379819
0.8545538319766549
0.8547074182153279
0.8548610044540008
0.8550145906926739
0.855936108124712
0.8560896943633851
0.856243280602058
0.85685762555675
0.8617723851942866
0.8619259714329597
0.8620795576716326
0.8622331439103056
0.8623867301489786
0.8625403163876517
0.8626939026263246
0.8628474888649976
0.8630010751036707
0.8676086622638611
0.8677622485025343
0.8679158347412073
0.8680694209798802
0.8682230072185532
0.8683765934572263
0.8685301796958993
0.8686837659345722
0.8688373521732453
0.8689909384119183
0.8691445246505913
0.8692981108892642
0.8694516971279374
0.8696052833666104
0.8697588696052834
0.8699124558439565
0.8700660420826294
0.8702196283213024
0.8703732145599754
0.8705268007986485
0.8706803870373214
0.8708339732759944
0.8709875595146676
0.8711411457533406
0.8712947319920135
0.8719090769467055
0.8720626631853786
0.8722162494240516
0.8914145292581785
0.8915681154968514
0.8917217017355245
0.8918752879741976
0.8920288742128706
0.8921824604515435
0.8923360466902166
0.8924896329288896
0.8926432191675626
0.8927968054062355
0.8929503916449086
0.8931039778835816
0.8932575641222547
0.8934111503609278
0.8935647365996007
0.8954077714636768
0.8955613577023499
0.9060052219321149
0.9061588081707879
0.907694670557518
0.9078482567961911
0.9080018430348641
0.9081554292735371
0.90830901551221
0.9084626017508831
0.9086161879895561
0.9139917063431117
0.9141452925817847
0.9142988788204577
0.9144524650591307
0.9146060512978037
0.9147596375364767
0.9149132237751497
0.9150668100138227
0.9152203962524957
0.9153739824911689
0.9155275687298419
0.9156811549685148
0.9158347412071878
0.9159883274458609
0.9161419136845339
0.9162954999232068
0.9164490861618799
0.9166026724005529
0.9167562586392259
0.916909844877899
0.9242819843342036
0.9244355705728767
0.9245891568115497
0.9247427430502226
0.9248963292888956
0.9250499155275688
0.9252035017662418
0.9253570880049147
0.9255106742435878
0.9256642604822608
0.9258178467209338
0.9259714329596067
0.928121640301029
0.9282752265397021
0.9284288127783751
0.928582399017048
0.9287359852557211
0.9288895714943941
0.9290431577330671
0.92919674397174
0.9293503302104131
0.9296575026877592
0.9298110889264323
0.9318077100291813
0.9319612962678544
0.9321148825065274
0.9322684687452004
0.9324220549838735
0.9325756412225464
0.9327292274612194
0.9328828136998925
0.9330363999385656
0.939026263246813
0.939179849485486
0.9393334357241591
0.9394870219628322
0.9396406082015052
0.9397941944401781
0.9399477806788512
0.9401013669175242
0.9402549531561972
0.9404085393948701
0.9427123329749655
0.9428659192136385
0.9430195054523114
0.9431730916909845
0.9433266779296575
0.9434802641683305
0.9442481953616957
0.9444017816003686
0.9445553678390416
0.9447089540777147
0.9448625403163877
0.9450161265550606
0.9451697127937336
0.9453232990324067
0.9454768852710798
0.9456304715097527
0.9457840577484258
0.9459376439870988
0.9462448164644447
0.9463984027031178
0.9465519889417908
0.9467055751804638
0.946859161419137
0.9470127476578099
0.9471663338964829
0.9473199201351559
0.947473506373829
0.9476270926125019
0.9477806788511749
0.9559207495008446
0.9560743357395177
0.9562279219781907
0.9563815082168637
0.9565350944555369
0.9566886806942098
0.9568422669328828
0.9569958531715558
0.9571494394102289
0.9573030256489018
0.9574566118875748
0.959299646751651
0.959453232990324
0.959606819228997
0.9597604054676702
0.9599139917063431
0.9600675779450161
0.9602211641836892
0.9603747504223622
0.9605283366610351
0.9606819228997081
0.9608355091383812
0.9609890953770542
0.9611426816157271
0.9612962678544003
0.9614498540930733
0.9616034403317463
0.9617570265704193
0.9619106128090923
0.9620641990477653
0.9622177852864383
0.9625249577637843
0.9626785440024573
0.9628321302411303
0.9629857164798035
0.9631393027184764
0.9632928889571494
0.9634464751958225
0.9636000614344955
0.9637536476731685
0.9639072339118414
0.9640608201505145
0.9642144063891875
0.9651359238212257
0.9652895100598986
0.9654430962985716
0.9655966825372447
0.9657502687759177
0.9659038550145906
0.9660574412532636
0.9662110274919368
0.9663646137306098
0.9665181999692827
0.9666717862079558
0.9668253724466288
0.9669789586853018
0.9671325449239747
0.9672861311626478
0.9674397174013208
0.9675933036399939
0.967746889878667
0.9679004761173399
0.9682076485946859
0.968361234833359
0.9685148210720319
0.9686684073107049
0.968821993549378
0.968975579788051
0.9691291660267239
0.969282752265397
0.9694363385040701
0.9695899247427431
0.969743510981416
0.9698970972200891
0.9709722008908003
0.9711257871294732
0.9712793733681462
0.980187375211181
0.9817232375979112
0.9818768238365843
0.9820304100752572
0.9821839963139303
0.9823375825526033
0.9824911687912763
0.9826447550299492
0.9827983412686223
0.9829519275072953
0.9831055137459683
0.9832590999846414
0.9834126862233143
0.9835662724619874
0.9837198587006604
0.9838734449393335
0.9840270311780064
0.9841806174166794
0.9843342036553525
0.9844877898940255
0.9846413761326984
0.9847949623713715
0.9849485486100445
0.9851021348487176
0.9852557210873905
0.9854093073260636
0.9855628935647366
0.9857164798034096
0.9858700660420827
0.9860236522807556
0.9861772385194286
0.9863308247581016
0.9864844109967748
0.9866379972354477
0.9867915834741207
0.9869451697127938
0.9870987559514668
0.9872523421901398
0.9874059284288127
0.9875595146674858
0.9877131009061588
0.9878666871448318
0.9880202733835048
0.9883274458608509
0.9884810320995239
0.9886346183381969
0.9927814467823682
0.9929350330210414
0.9930886192597144
0.9932422054983873
0.9933957917370604
0.9935493779757334
0.9937029642144064
0.9938565504530793
0.9940101366917524
0.9941637229304254
0.9943173091690984
0.9944708954077716
0.9946244816464445
0.9947780678851175
0.9949316541237905
0.9950852403624636
0.9952388266011365
0.9953924128398095
0.9955459990784826
0.9956995853171556
0.9958531715558285
0.9960067577945015
0.9961603440331747
0.9963139302718477
0.9964675165105206
0.9966211027491937
0.9967746889878667
0.9969282752265397
0.9970818614652126
0.9972354477038857
0.9973890339425587
0.9975426201812317
0.9976962064199049
0.9978497926585778
0.9980033788972508
0.9981569651359239
0.9983105513745969
0.6433727538012595
0.6435263400399324
0.6578098602365229
0.6579634464751958
0.6584242051912149
0.6644140684994624
0.6645676547381354
0.6780832437413609
0.6782368299800338
0.6783904162187068
0.679926278605437
0.6800798648441099
0.680233451082783
0.680387037321456
0.680540623560129
0.6806942097988021
0.680847796037475
0.681001382276148
0.681154968514821
0.6813085547534942
0.6814621409921671
0.6816157272308401
0.6817693134695132
0.6819228997081862
0.6820764859468591
0.6925203501766242
0.6926739364152972
0.6928275226539702
0.6929811088926433
0.6931346951313162
0.6932882813699892
0.6934418676086622
0.6935954538473353
0.6937490400860082
0.6939026263246812
0.6940562125633544
0.6942097988020274
0.6943633850407004
0.6945169712793733
0.6946705575180464
0.6948241437567194
0.7028106281677162
0.7029642144063891
0.7031178006450622
0.7032713868837352
0.7034249731224083
0.7051144217478114
0.7052680079864845
0.7054215942251575
0.7055751804638304
0.7057287667025034
0.7058823529411765
0.7060359391798495
0.7071110428505606
0.7072646290892336
0.7074182153279067
0.7075718015665796
0.7077253878052526
0.7078789740439256
0.7080325602825988
0.7081861465212717
0.7083397327599447
0.7084933189986178
0.7086469052372908
0.7088004914759637
0.7089540777146367
0.7091076639533098
0.7092612501919828
0.7094148364306557
0.7095684226693288
0.7097220089080019
0.7098755951466749
0.7100291813853478
0.7101827676240209
0.7103363538626939
0.7104899401013669
0.71064352634004
0.7107971125787129
0.7109506988173859
0.7111042850560589
0.7112578712947321
0.711411457533405
0.711565043772078
0.7117186300107511
0.7137152511135002
0.7138688373521733
0.7140224235908462
0.7141760098295192
0.7143295960681922
0.7144831823068654
0.7146367685455383
0.7147903547842113
0.7149439410228844
0.7150975272615574
0.7152511135002303
0.7154046997389033
0.7167869758869605
0.7169405621256335
0.7170941483643066
0.7172477346029795
0.7174013208416525
0.7175549070803257
0.7177084933189987
0.7266164951620334
0.7267700814007065
0.7269236676393795
0.7270772538780524
0.7272308401167256
0.7273844263553986
0.7275380125940716
0.7303025648901857
0.7306097373675319
0.7307633236062049
0.730916909844878
0.7312240823222239
0.7313776685608969
0.73153125479957
0.7353709107663954
0.7355244970050683
0.7356780832437413
0.7358316694824144
0.7359852557210874
0.7361388419597603
0.7508831208723699
0.7510367071110429
0.7511902933497158
0.7513438795883889
0.7514974658270619
0.7516510520657349
0.751804638304408
0.7519582245430809
0.7521118107817539
0.7522653970204269
0.7524189832591001
0.752572569497773
0.752726155736446
0.7528797419751191
0.7530333282137921
0.753186914452465
0.753340500691138
0.7534940869298111
0.7588696052833667
0.7590231915220396
0.7591767777607126
0.7593303639993857
0.7594839502380587
0.7596375364767316
0.7597911227154047
0.7616341575794808
0.7617877438181538
0.761941330056827
0.7620949162955
0.7622485025341729
0.7800645062202426
0.7802180924589157
0.7803716786975887
0.7805252649362616
0.7806788511749347
0.7808324374136077
0.7809860236522808
0.7811396098909537
0.7812931961296268
0.7816003686069728
0.7897404392566426
0.8550145906926739
0.855168176931347
0.85532176317002
0.8554753494086931
0.855628935647366
0.855782521886039
0.855936108124712
0.8680694209798802
0.8686837659345722
0.8688373521732453
0.8689909384119183
0.8691445246505913
0.8692981108892642
0.8694516971279374
0.8696052833666104
0.8697588696052834
0.8699124558439565
0.8700660420826294
0.8702196283213024
0.8703732145599754
0.8712947319920135
0.8714483182306865
0.8716019044693596
0.8717554907080326
0.8719090769467055
0.8927968054062355
0.8929503916449086
0.8931039778835816
0.8932575641222547
0.8934111503609278
0.8943326677929657
0.8944862540316388
0.8946398402703118
0.8947934265089847
0.8949470127476578
0.8951005989863309
0.8952541852250039
0.8954077714636768
0.8955613577023499
0.8957149439410229
0.8958685301796959
0.8960221164183688
0.8961757026570419
0.896329288895715
0.896482875134388
0.8966364613730611
0.896790047611734
0.896943633850407
0.89709722008908
0.9043157733067118
0.9044693595453847
0.9046229457840578
0.9047765320227308
0.9049301182614038
0.9050837045000767
0.9052372907387498
0.9053908769774228
0.9055444632160958
0.905698049454769
0.9058516356934418
0.9060052219321149
0.9061588081707879
0.906312394409461
0.9064659806481339
0.9066195668868069
0.90677315312548
0.906926739364153
0.9070803256028259
0.9072339118414989
0.907387498080172
0.9075410843188451
0.907694670557518
0.9078482567961911
0.9080018430348641
0.9081554292735371
0.90830901551221
0.9084626017508831
0.9086161879895561
0.9087697742282291
0.9089233604669023
0.9090769467055752
0.9092305329442482
0.9093841191829212
0.9095377054215943
0.9096912916602672
0.9098448778989402
0.9099984641376133
0.9101520503762863
0.9109199815696513
0.9110735678083244
0.9112271540469974
0.9159883274458609
0.9161419136845339
0.9162954999232068
0.9164490861618799
0.9166026724005529
0.9167562586392259
0.916909844877899
0.917063431116572
0.917217017355245
0.917370603593918
0.9175241898325911
0.917677776071264
0.917831362309937
0.9179849485486101
0.9181385347872831
0.9236676393795116
0.9238212256181846
0.9239748118568577
0.9241283980955306
0.9242819843342036
0.9244355705728767
0.9245891568115497
0.9247427430502226
0.9248963292888956
0.9250499155275688
0.9252035017662418
0.926585777914299
0.9267393641529719
0.9268929503916449
0.9270465366303179
0.927200122868991
0.9273537091076639
0.9275072953463369
0.92766088158501
0.927814467823683
0.9279680540623559
0.928121640301029
0.9282752265397021
0.9284288127783751
0.928582399017048
0.9287359852557211
0.92919674397174
0.9293503302104131
0.9295039164490861
0.9296575026877592
0.9298110889264323
0.9299646751651052
0.9301182614037782
0.9321148825065274
0.9322684687452004
0.9324220549838735
0.9325756412225464
0.9327292274612194
0.9328828136998925
0.9330363999385656
0.9331899861772385
0.9333435724159115
0.9334971586545846
0.9336507448932576
0.9338043311319305
0.9339579173706035
0.9341115036092766
0.9342650898479496
0.9344186760866225
0.9345722623252957
0.9347258485639687
0.9364152971893718
0.9365688834280448
0.9367224696667179
0.9368760559053909
0.9370296421440638
0.9371832283827368
0.9373368146214099
0.937490400860083
0.937643987098756
0.937797573337429
0.937951159576102
0.938104745814775
0.938565504530794
0.938719090769467
0.9388726770081401
0.939026263246813
0.939179849485486
0.9393334357241591
0.9394870219628322
0.9396406082015052
0.9397941944401781
0.9399477806788512
0.9401013669175242
0.9402549531561972
0.9404085393948701
0.9405621256335432
0.9407157118722163
0.9408692981108893
0.9411764705882353
0.9413300568269083
0.9414836430655813
0.9416372293042544
0.9417908155429273
0.9419444017816003
0.9420979880202734
0.9422515742589465
0.9424051604976194
0.9425587467362924
0.9427123329749655
0.9428659192136385
0.9430195054523114
0.9431730916909845
0.9433266779296575
0.9434802641683305
0.9436338504070036
0.9437874366456765
0.9439410228843496
0.9440946091230226
0.9442481953616957
0.9444017816003686
0.9445553678390416
0.9447089540777147
0.9448625403163877
0.9450161265550606
0.9451697127937336
0.9453232990324067
0.9459376439870988
0.9460912302257718
0.9462448164644447
0.9463984027031178
0.9465519889417908
0.9467055751804638
0.946859161419137
0.9470127476578099
0.9471663338964829
0.9473199201351559
0.947473506373829
0.9476270926125019
0.9477806788511749
0.947934265089848
0.948087851328521
0.9482414375671939
0.9483950238058669
0.94854861004454
0.9487021962832131
0.948855782521886
0.9490093687605591
0.9491629549992321
0.9493165412379051
0.949470127476578
0.9496237137152511
0.9497772999539241
0.9499308861925971
0.9500844724312703
0.9502380586699432
0.9503916449086162
0.9505452311472892
0.9506988173859623
0.9508524036246352
0.9513131623406543
0.9514667485793272
0.9516203348180002
0.9517739210566734
0.9519275072953464
0.9520810935340193
0.9522346797726924
0.9523882660113654
0.9525418522500384
0.9526954384887113
0.9528490247273844
0.9530026109660574
0.9531561972047304
0.9533097834434036
0.9534633696820765
0.9536169559207495
0.9537705421594225
0.9539241283980956
0.9540777146367685
0.9542313008754415
0.9543848871141146
0.9545384733527876
0.9546920595914605
0.9548456458301335
0.9549992320688067
0.9551528183074797
0.9553064045461526
0.9554599907848257
0.9556135770234987
0.9557671632621717
0.9559207495008446
0.9560743357395177
0.9562279219781907
0.9563815082168637
0.9565350944555369
0.9566886806942098
0.9568422669328828
0.9569958531715558
0.9571494394102289
0.9573030256489018
0.9574566118875748
0.9576101981262479
0.9577637843649209
0.9579173706035938
0.958070956842267
0.95822454308094
0.958378129319613
0.9585317155582859
0.958685301796959
0.958838888035632
0.9599139917063431
0.9600675779450161
0.9602211641836892
0.9603747504223622
0.9605283366610351
0.9606819228997081
0.9608355091383812
0.9609890953770542
0.9611426816157271
0.9612962678544003
0.9614498540930733
0.9616034403317463
0.9617570265704193
0.9619106128090923
0.9620641990477653
0.9622177852864383
0.9623713715251114
0.9625249577637843
0.9626785440024573
0.9628321302411303
0.9629857164798035
0.9631393027184764
0.9632928889571494
0.9634464751958225
0.9636000614344955
0.9637536476731685
0.9639072339118414
0.9640608201505145
0.9642144063891875
0.9643679926278605
0.9645215788665336
0.9646751651052066
0.9648287513438796
0.9649823375825526
0.9651359238212257
0.9652895100598986
0.9654430962985716
0.9655966825372447
0.9657502687759177
0.9659038550145906
0.9660574412532636
0.9662110274919368
0.9663646137306098
0.9665181999692827
0.9666717862079558
0.9668253724466288
0.9669789586853018
0.9671325449239747
0.9672861311626478
0.9674397174013208
0.9679004761173399
0.9680540623560129
0.9682076485946859
0.968361234833359
0.9685148210720319
0.9686684073107049
0.968821993549378
0.968975579788051
0.9691291660267239
0.969282752265397
0.9694363385040701
0.9695899247427431
0.969743510981416
0.9698970972200891
0.9700506834587621
0.9702042696974351
0.970357855936108
0.9705114421747811
0.9706650284134541
0.9708186146521272
0.9709722008908003
0.9720473045615113
0.9722008908001843
0.9723544770388572
0.9725080632775304
0.9746582706189526
0.9748118568576256
0.9749654430962985
0.9751190293349715
0.9752726155736446
0.9754262018123177
0.9755797880509905
0.9812624788818922
0.9814160651205651
0.9815696513592381
0.9817232375979112
0.9818768238365843
0.9820304100752572
0.9821839963139303
0.9823375825526033
0.9824911687912763
0.9826447550299492
0.9827983412686223
0.9829519275072953
0.9831055137459683
0.9832590999846414
0.9834126862233143
0.9835662724619874
0.9837198587006604
0.9838734449393335
0.9840270311780064
0.9841806174166794
0.9843342036553525
0.9844877898940255
0.9846413761326984
0.9847949623713715
0.9849485486100445
0.9851021348487176
0.9852557210873905
0.9854093073260636
0.9855628935647366
0.9857164798034096
0.9858700660420827
0.9860236522807556
0.9861772385194286
0.9863308247581016
0.9864844109967748
0.9866379972354477
0.9867915834741207
0.9869451697127938
0.9870987559514668
0.9872523421901398
0.9874059284288127
0.9875595146674858
0.9877131009061588
0.9878666871448318
0.9895561357702349
0.989709722008908
0.9898633082475811
0.990016894486254
0.9904776532022731
0.990631239440946
0.9907848256796191
0.9909384119182921
0.9910919981569651
0.9912455843956383
0.9913991706343112
0.9915527568729842
0.9917063431116572
0.9918599293503303
0.9920135155890032
0.9921671018276762
0.9923206880663493
0.9926278605436952
0.9930886192597144
0.9932422054983873
0.9933957917370604
0.9935493779757334
0.9937029642144064
0.9938565504530793
0.9940101366917524
0.9941637229304254
0.9943173091690984
0.9944708954077716
0.9946244816464445
0.9947780678851175
0.9949316541237905
0.9950852403624636
0.9952388266011365
0.9953924128398095
0.9955459990784826
0.9956995853171556
0.9958531715558285
0.9960067577945015
0.9961603440331747
0.9963139302718477
0.9964675165105206
0.9966211027491937
0.9967746889878667
0.9969282752265397
0.9970818614652126
0.9972354477038857
0.9973890339425587
0.9975426201812317
0.9976962064199049
0.9978497926585778
0.9980033788972508
0.9981569651359239
0.9983105513745969
0.9984641376132698
0.9986177238519428
0.6435263400399324
0.6436799262786054
0.6441406849946244
0.6442942712332974
0.6444478574719705
0.6446014437106435
0.6447550299493165
0.6791583474120719
0.6793119336507449
0.679619106128091
0.679772692366764
0.679926278605437
0.6800798648441099
0.680233451082783
0.6928275226539702
0.6929811088926433
0.6931346951313162
0.6932882813699892
0.6934418676086622
0.6937490400860082
0.6939026263246812
0.6940562125633544
0.6942097988020274
0.6994317309169099
0.700199662110275
0.7028106281677162
0.7029642144063891
0.7031178006450622
0.7032713868837352
0.7034249731224083
0.7035785593610812
0.7037321455997543
0.7038857318384273
0.7040393180771003
0.7041929043157734
0.7043464905544463
0.7132544923974811
0.7134080786361542
0.7135616648748272
0.7137152511135002
0.7138688373521733
0.7140224235908462
0.7141760098295192
0.7143295960681922
0.7144831823068654
0.7146367685455383
0.7147903547842113
0.7149439410228844
0.7284595300261096
0.7286131162647826
0.7287667025034557
0.733527875902319
0.7336814621409922
0.7338350483796652
0.7339886346183382
0.7341422208570113
0.7342958070956842
0.7344493933343572
0.7346029795730302
0.7347565658117033
0.7349101520503762
0.7350637382890493
0.752572569497773
0.752726155736446
0.7528797419751191
0.7594839502380587
0.7596375364767316
0.7607126401474428
0.7608662263861159
0.7610198126247888
0.7611733988634618
0.7613269851021348
0.7614805713408079
0.7616341575794808
0.7782214713561665
0.7783750575948395
0.7785286438335126
0.7786822300721855
0.7788358163108585
0.7789894025495315
0.7791429887882046
0.7792965750268775
0.7794501612655506
0.7796037475042237
0.7797573337428967
0.7799109199815696
0.7800645062202426
0.7802180924589157
0.7803716786975887
0.7805252649362616
0.7806788511749347
0.7808324374136077
0.7809860236522808
0.7811396098909537
0.7812931961296268
0.7814467823682998
0.7816003686069728
0.7817539548456459
0.7819075410843188
0.7820611273229918
0.7822147135616648
0.782368299800338
0.7825218860390108
0.7826754722776839
0.782829058516357
0.8714483182306865
0.8949470127476578
0.8951005989863309
0.9080018430348641
0.9081554292735371
0.90830901551221
0.9084626017508831
0.9086161879895561
0.9087697742282291
0.9089233604669023
0.9090769467055752
0.9092305329442482
0.9093841191829212
0.9095377054215943
0.9096912916602672
0.9098448778989402
0.9099984641376133
0.9162954999232068
0.9164490861618799
0.9166026724005529
0.9167562586392259
0.916909844877899
0.917063431116572
0.917217017355245
0.917370603593918
0.9175241898325911
0.917677776071264
0.9228997081861465
0.9230532944248195
0.9232068806634925
0.9233604669021657
0.9258178467209338
0.9259714329596067
0.9261250191982798
0.9262786054369528
0.9264321916756258
0.9313469513131624
0.9315005375518354
0.9316541237905084
0.9318077100291813
0.9319612962678544
0.9321148825065274
0.9322684687452004
0.9324220549838735
0.9325756412225464
0.9327292274612194
0.9328828136998925
0.9330363999385656
0.9331899861772385
0.9333435724159115
0.9334971586545846
0.9336507448932576
0.9338043311319305
0.9339579173706035
0.9341115036092766
0.9342650898479496
0.9344186760866225
0.9345722623252957
0.9347258485639687
0.9348794348026417
0.9350330210413146
0.9351866072799877
0.9353401935186607
0.9354937797573337
0.9356473659960068
0.9358009522346797
0.9359545384733527
0.9361081247120258
0.9362617109506989
0.9364152971893718
0.9365688834280448
0.9367224696667179
0.9368760559053909
0.9370296421440638
0.9371832283827368
0.9373368146214099
0.937490400860083
0.937643987098756
0.937797573337429
0.937951159576102
0.938104745814775
0.938258332053448
0.9393334357241591
0.9394870219628322
0.9396406082015052
0.9397941944401781
0.9399477806788512
0.9401013669175242
0.9402549531561972
0.9404085393948701
0.9405621256335432
0.9407157118722163
0.9425587467362924
0.9427123329749655
0.9428659192136385
0.9430195054523114
0.947473506373829
0.9476270926125019
0.9477806788511749
0.947934265089848
0.948087851328521
0.9482414375671939
0.9549992320688067
0.9551528183074797
0.9553064045461526
0.9554599907848257
0.9556135770234987
0.9557671632621717
0.9559207495008446
0.9560743357395177
0.9562279219781907
0.9563815082168637
0.9565350944555369
0.9566886806942098
0.9568422669328828
0.9569958531715558
0.9571494394102289
0.9573030256489018
0.9574566118875748
0.9576101981262479
0.9577637843649209
0.9579173706035938
0.958070956842267
0.95822454308094
0.958378129319613
0.9585317155582859
0.958685301796959
0.958838888035632
0.958992474274305
0.9591460605129781
0.959299646751651
0.959453232990324
0.959606819228997
0.9597604054676702
0.9603747504223622
0.9605283366610351
0.9606819228997081
0.9608355091383812
0.9609890953770542
0.9611426816157271
0.9612962678544003
0.9614498540930733
0.9616034403317463
0.9617570265704193
0.9619106128090923
0.9620641990477653
0.9622177852864383
0.9623713715251114
0.9625249577637843
0.9626785440024573
0.9628321302411303
0.9629857164798035
0.9631393027184764
0.9632928889571494
0.9634464751958225
0.9636000614344955
0.9637536476731685
0.9639072339118414
0.9640608201505145
0.9642144063891875
0.9643679926278605
0.9645215788665336
0.9646751651052066
0.9648287513438796
0.9649823375825526
0.9651359238212257
0.9652895100598986
0.9654430962985716
0.9655966825372447
0.9657502687759177
0.9659038550145906
0.9660574412532636
0.9675933036399939
0.967746889878667
0.9679004761173399
0.9680540623560129
0.9682076485946859
0.968361234833359
0.9685148210720319
0.9686684073107049
0.968821993549378
0.968975579788051
0.9691291660267239
0.969282752265397
0.9694363385040701
0.9695899247427431
0.969743510981416
0.9698970972200891
0.9700506834587621
0.9702042696974351
0.970357855936108
0.9705114421747811
0.9706650284134541
0.9708186146521272
0.9709722008908003
0.9711257871294732
0.9712793733681462
0.9714329596068193
0.9715865458454923
0.9717401320841652
0.9718937183228382
0.9720473045615113
0.9722008908001843
0.9723544770388572
0.9725080632775304
0.9726616495162034
0.9728152357548764
0.9729688219935493
0.9731224082322224
0.9732759944708954
0.9734295807095684
0.9735831669482415
0.9737367531869144
0.9738903394255874
0.9740439256642605
0.9741975119029336
0.9743510981416065
0.9745046843802795
0.9746582706189526
0.9748118568576256
0.9749654430962985
0.9751190293349715
0.9752726155736446
0.9754262018123177
0.9755797880509905
0.9757333742896637
0.9758869605283367
0.9794194440178159
0.980187375211181
0.980340961449854
0.9824911687912763
0.9826447550299492
0.9827983412686223
0.9829519275072953
0.9854093073260636
0.9855628935647366
0.9857164798034096
0.9858700660420827
0.9860236522807556
0.9861772385194286
0.9863308247581016
0.9864844109967748
0.9866379972354477
0.9867915834741207
0.9869451697127938
0.9870987559514668
0.9872523421901398
0.9874059284288127
0.9875595146674858
0.9877131009061588
0.9878666871448318
0.9880202733835048
0.9881738596221779
0.9930886192597144
0.9932422054983873
0.9933957917370604
0.9935493779757334
0.9937029642144064
0.9938565504530793
0.9940101366917524
0.9941637229304254
0.9943173091690984
0.9944708954077716
0.9946244816464445
0.9947780678851175
0.9949316541237905
0.9950852403624636
0.9952388266011365
0.9953924128398095
0.9955459990784826
0.9956995853171556
0.9958531715558285
0.9960067577945015
0.9961603440331747
0.9963139302718477
0.9964675165105206
0.9966211027491937
0.9967746889878667
0.9969282752265397
0.9970818614652126
0.9975426201812317
0.9976962064199049
0.9978497926585778
0.9980033788972508
0.6017508831208724
0.6019044693595453
0.6020580555982185
0.6022116418368914
0.6023652280755645
0.6025188143142375
0.6026724005529105
0.6212563354323453
0.6214099216710183
0.6215635079096913
0.6217170941483643
0.6218706803870373
0.6442942712332974
0.679619106128091
0.679772692366764
0.680387037321456
0.680540623560129
0.6806942097988021
0.680847796037475
0.681001382276148
0.681154968514821
0.6813085547534942
0.6880663492551067
0.6882199354937798
0.6883735217324528
0.6926739364152972
0.6928275226539702
0.6929811088926433
0.6995853171555829
0.6997389033942558
0.6998924896329288
0.700046075871602
0.7032713868837352
0.7034249731224083
0.7035785593610812
0.7037321455997543
0.7038857318384273
0.7040393180771003
0.7041929043157734
0.7043464905544463
0.7045000767931193
0.7046536630317923
0.7048072492704655
0.7055751804638304
0.7057287667025034
0.7058823529411765
0.7353709107663954
0.7356780832437413
0.752572569497773
0.752726155736446
0.7528797419751191
0.7530333282137921
0.7757640915373982
0.7759176777760713
0.7760712640147442
0.7771463676854554
0.7772999539241283
0.7774535401628014
0.7776071264014744
0.7777607126401475
0.7779142988788204
0.7780678851174935
0.7782214713561665
0.7783750575948395
0.7785286438335126
0.7786822300721855
0.7788358163108585
0.7789894025495315
0.7791429887882046
0.7792965750268775
0.7794501612655506
0.7796037475042237
0.7797573337428967
0.7799109199815696
0.7800645062202426
0.7802180924589157
0.7803716786975887
0.7805252649362616
0.7806788511749347
0.7808324374136077
0.7809860236522808
0.7811396098909537
0.7812931961296268
0.918445707264629
0.9185992935033022
0.9222853632314545
0.9224389494701275
0.9225925357088005
0.9227461219474734
0.9228997081861465
0.9629857164798035
0.9631393027184764
0.9632928889571494
0.9634464751958225
0.9636000614344955
0.9637536476731685
0.9639072339118414
0.9640608201505145
0.9642144063891875
0.9643679926278605
0.9645215788665336
0.9646751651052066
0.9648287513438796
0.9649823375825526
0.9651359238212257
0.9652895100598986
0.9654430962985716
0.9918599293503303
0.9920135155890032
0.9921671018276762
0.9923206880663493
0.9924742743050223
0.9926278605436952
0.9927814467823682
0.9929350330210414
0.9930886192597144
0.9932422054983873
0.9933957917370604
0.9935493779757334
0.9937029642144064
0.9938565504530793
0.6355398556289357
0.6892950391644909
0.6894486254031639
0.6896022116418369
0.68975579788051
0.6899093841191829
0.6900629703578559
0.6902165565965289
0.690370142835202
0.6905237290738749
0.690677315312548
0.69129166026724
0.6914452465059131
0.692366763937951
0.6925203501766242
0.7341422208570113
0.7342958070956842
0.7344493933343572
0.7346029795730302
0.7347565658117033
0.7800645062202426
0.7802180924589157
0.7803716786975887
0.6524343418829673
0.6886806942097987
0.6888342804484718
0.6900629703578559
0.6902165565965289
0.690370142835202
0.6905237290738749
0.690677315312548
0.6908309015512211
0.6909844877898941
0.691138074028567
0.69129166026724
0.6914452465059131
0.6915988327445861
0.692366763937951
0.6928275226539702
0.6929811088926433
0.6931346951313162
0.6891414529258177
0.6894486254031639
0.6902165565965289
0.690370142835202
0.6905237290738749
0.690677315312548
0.6908309015512211
0.6909844877898941
0.691138074028567
0.69129166026724
0.6926739364152972
0.6928275226539702
0.6929811088926433
0.6931346951313162
0.6934418676086622
0.6942097988020274
0.7336814621409922
0.7338350483796652
-0.45906926739364157
-0.4592228536323145
-0.7141760098295192
-0.7143295960681922
-0.7144831823068654
-0.7146367685455383
-0.4584549224389495
-0.4586085086776225
-0.7074182153279067
-0.7075718015665796
-0.7077253878052526
-0.7078789740439256
-0.7080325602825988
-0.7081861465212717
-0.7083397327599447
-0.7084933189986178
-0.7086469052372908
-0.7088004914759637
-0.7089540777146367
-0.7091076639533098
-0.7092612501919828
-0.7094148364306557
-0.7095684226693288
-0.7132544923974811
-0.7134080786361542
-0.7135616648748272
-0.7137152511135002
-0.7138688373521733
-0.7375211181078175
-0.7376747043464905
-0.4516971279373368
-0.45185071417600986
-0.4520043004146828
-0.4521578866533559
-0.4523114728920289
-0.4524650591307019
-0.4526186453693749
-0.4527722316080479
-0.4529258178467209
-0.45307940408539393
-0.45323299032406694
-0.45338657656274
-0.45354016280141296
-0.453693749040086
-0.453847335278759
-0.5475349408692981
-0.5579788050990632
-0.5728766702503456
-0.6946705575180464
-0.6948241437567194
-0.4466287820611273
-0.44678236829980034
-0.44693595453847335
-0.44708954077714635
-0.44831823068653054
-0.4484718169252035
-0.44862540316387656
-0.4487789894025495
-0.4509291967439717
-0.6945169712793733
-0.6946705575180464
-0.6948241437567194
-0.7132544923974811
-0.7195515281830748
-0.7197051144217479
-0.7198587006604208
-0.7200122868990938
-0.639072339118415
-0.639225925357088
-0.639379511595761
-0.6395330978344341
-0.639686684073107
-0.63984027031178
-0.639993856550453
-0.6401474427891262
-0.6403010290277991
-0.6404546152664721
-0.6406082015051452
-0.6407617877438182
-0.6409153739824911
-0.6413761326985102
-0.6415297189371831
-0.6416833051758563
-0.6418368914145293
-0.71064352634004
-0.7107971125787129
-0.7109506988173859
-0.639225925357088
-0.639379511595761
-0.6395330978344341
-0.639686684073107
-0.63984027031178
-0.639993856550453
-0.6401474427891262
-0.6403010290277991
-0.6404546152664721
-0.6406082015051452
-0.6407617877438182
-0.6409153739824911
-0.6410689602211641
-0.6412225464598372
-0.6413761326985102
-0.6415297189371831
-0.6416833051758563
-0.6418368914145293
-0.6419904776532023
-0.6426048226078943
-0.6427584088465674
-0.6429119950852403
-0.6430655813239133
-0.6432191675625863
-0.6433727538012595
-0.639072339118415
-0.639225925357088
-0.639379511595761
-0.6395330978344341
-0.639686684073107
-0.6409153739824911
-0.6410689602211641
-0.6412225464598372
-0.6413761326985102
-0.6415297189371831
-0.6416833051758563
-0.6418368914145293
-0.6419904776532023
-0.6421440638918752
-0.6422976501305483
-0.6429119950852403
-0.6430655813239133
-0.6432191675625863
-0.6433727538012595
-0.6435263400399324
-0.6656427584088465
-0.7092612501919828
-0.025188143142374442
-0.10704960835509138
-0.1082782982644755
-0.18276762402088773
-0.36568883428044846
-0.36584242051912147
-0.37352173245277226
-0.3736753186914452
-0.3738289049301183
-0.37398249116879123
-0.3741360774074643
-0.37428966364613736
-0.3744432498848103
-0.3745968361234834
-0.3749040086008294
-0.37505759483950235
-0.42727691598832745
-0.42773767470434654
-0.4281984334203655
