0.023742454728370218
0.05593561368209256
0.11830985915492957
0.11871227364185111
0.11911468812877264
0.11951710261569416
0.11991951710261568
0.12233400402414486
0.1227364185110664
0.12313883299798793
0.12354124748490944
0.12394366197183097
0.12434607645875251
0.1835010060362173
0.1935613682092555
0.19396378269617703
0.19436619718309858
0.1947686116700201
0.19517102615694165
0.19557344064386317
0.1959758551307847
0.19637826961770624
0.19678068410462776
0.19718309859154928
0.2044265593561368
0.20482897384305834
0.20523138832997986
0.20563380281690138
0.20603621730382293
0.20643863179074443
0.20684104627766597
0.2072434607645875
0.20764587525150904
0.2140845070422535
0.21448692152917503
0.21488933601609658
0.21529175050301808
0.21569416498993965
0.21609657947686114
0.2164989939637827
0.21690140845070421
0.2173038229376257
0.21770623742454728
0.21810865191146878
0.21851106639839032
0.21891348088531185
0.2193158953722334
0.21971830985915491
0.22012072434607646
0.22052313883299798
0.22092555331991948
0.22132796780684103
0.22173038229376255
0.2221327967806841
0.22253521126760561
0.22293762575452716
0.22334004024144868
0.22374245472837023
0.22414486921529173
0.22454728370221325
0.2249496981891348
0.22535211267605632
0.22575452716297786
0.22615694164989936
0.22655935613682093
0.24305835010060362
0.2434607645875251
0.24788732394366195
0.27565392354124746
0.276056338028169
0.27645875251509056
0.276861167002012
0.2772635814889336
0.2776659959758551
0.27806841046277664
0.27847082494969816
0.27887323943661974
0.2792756539235412
0.2796780684104627
0.2800804828973843
0.2804828973843058
0.28088531187122734
0.28128772635814886
0.28169014084507044
0.2820925553319919
0.2824949698189135
0.29496981891348084
0.2953722334004024
0.29577464788732394
0.29617706237424546
0.296579476861167
0.29698189134808856
0.29738430583501
0.2977867203219316
0.2981891348088531
0.2985915492957746
0.29899396378269616
0.2993963782696177
0.2997987927565392
0.3002012072434607
0.3006036217303823
0.3010060362173038
0.30140845070422534
0.30181086519114686
0.3022132796780684
0.3026156941649899
0.3030181086519114
0.303420523138833
0.3038229376257545
0.30422535211267604
0.30462776659959756
0.30503018108651914
0.3054325955734406
0.3058350100603621
0.3062374245472837
0.3066398390342052
0.30704225352112674
0.30744466800804826
0.30784708249496984
0.3082494969818913
0.3086519114688129
0.3090543259557344
0.3094567404426559
0.30985915492957744
0.31026156941649896
0.31066398390342054
0.311066398390342
0.3114688128772636
0.3118712273641851
0.3122736418511066
0.31267605633802814
0.3947686116700201
0.3951710261569416
0.3955734406438632
0.39597585513078465
0.3963782696177062
0.39678068410462775
0.39718309859154927
0.3975855130784708
0.3979879275653923
0.3983903420523139
0.39879275653923535
0.3991951710261569
0.39959758551307845
0.39999999999999997
0.4004024144869215
0.40080482897384306
0.4012072434607646
0.40160965794768605
0.06881287726358148
0.069215291750503
0.0925553319919517
0.0993963782696177
0.09979879275653923
0.10543259557344063
0.10744466800804829
0.10784708249496983
0.10824949698189135
0.1203219315895372
0.12072434607645874
0.1227364185110664
0.12313883299798793
0.12354124748490944
0.12394366197183097
0.12434607645875251
0.12474849094567403
0.12515090543259558
0.1255533199195171
0.12595573440643862
0.16056338028169012
0.16096579476861164
0.1613682092555332
0.1617706237424547
0.16217303822937626
0.17625754527162976
0.1766599597585513
0.17746478873239435
0.1778672032193159
0.17826961770623742
0.17867203219315894
0.18028169014084505
0.1806841046277666
0.18108651911468812
0.18148893360160964
0.1818913480885312
0.18229376257545268
0.18390342052313882
0.18430583501006034
0.1847082494969819
0.1851106639839034
0.18551307847082496
0.18591549295774645
0.186317907444668
0.18672032193158952
0.18712273641851104
0.1875251509054326
0.1879275653923541
0.18832997987927563
0.18873239436619718
0.1891348088531187
0.18953722334004022
0.18993963782696174
0.1903420523138833
0.1907444668008048
0.19114688128772633
0.19154929577464788
0.1919517102615694
0.19235412474849095
0.19275653923541247
0.19557344064386317
0.1959758551307847
0.19637826961770624
0.19678068410462776
0.19718309859154928
0.1975855130784708
0.19798792756539232
0.19839034205231387
0.1987927565392354
0.19919517102615694
0.19959758551307846
0.19999999999999998
0.20040241448692153
0.20080482897384302
0.20120724346076457
0.2016096579476861
0.20201207243460764
0.20241448692152916
0.20281690140845068
0.20321931589537223
0.20362173038229375
0.2040241448692153
0.2044265593561368
0.20482897384305834
0.20523138832997986
0.20563380281690138
0.20603621730382293
0.20643863179074443
0.20684104627766597
0.2072434607645875
0.20764587525150904
0.20804828973843056
0.21609657947686114
0.2193158953722334
0.22132796780684103
0.22414486921529173
0.22454728370221325
0.2249496981891348
0.22535211267605632
0.22575452716297786
0.22615694164989936
0.22655935613682093
0.22696177062374243
0.22736418511066397
0.2511066398390342
0.2515090543259557
0.25191146881287724
0.25231388329979876
0.25271629778672033
0.25311871227364185
0.2535211267605634
0.2539235412474849
0.2543259557344064
0.25472837022132794
0.25513078470824946
0.25553319919517103
0.25593561368209256
0.2563380281690141
0.2567404426559356
0.2571428571428572
0.25754527162977864
0.25794768611670016
0.25835010060362174
0.2587525150905432
0.2591549295774648
0.2595573440643863
0.2599597585513078
0.26036217303822934
0.2607645875251509
0.26116700201207244
0.2615694164989939
0.2619718309859155
0.262374245472837
0.2627766599597585
0.26317907444668004
0.2635814889336016
0.26398390342052314
0.26438631790744466
0.276861167002012
0.2772635814889336
0.2776659959758551
0.27806841046277664
0.27847082494969816
0.27887323943661974
0.2792756539235412
0.2796780684104627
0.2800804828973843
0.2804828973843058
0.28088531187122734
0.28128772635814886
0.28169014084507044
0.2820925553319919
0.2824949698189135
0.282897384305835
0.2832997987927565
0.28370221327967804
0.28410462776659956
0.2981891348088531
0.2985915492957746
0.29899396378269616
0.2993963782696177
0.2997987927565392
0.3002012072434607
0.3006036217303823
0.3010060362173038
0.30140845070422534
0.30181086519114686
0.3022132796780684
0.3026156941649899
0.3030181086519114
0.303420523138833
0.3038229376257545
0.30422535211267604
0.30462776659959756
0.30503018108651914
0.3054325955734406
0.3058350100603621
0.3062374245472837
0.3066398390342052
0.30704225352112674
0.30744466800804826
0.30784708249496984
0.3082494969818913
0.3086519114688129
0.3090543259557344
0.3094567404426559
0.30985915492957744
0.31026156941649896
0.31066398390342054
0.311066398390342
0.3114688128772636
0.3118712273641851
0.3122736418511066
0.31267605633802814
0.31307847082494966
0.31348088531187124
0.3138832997987927
0.3468812877263581
0.34728370221327964
0.3476861167002012
0.3480885311871227
0.34849094567404426
0.3509054325955734
0.35130784708249496
0.3517102615694165
0.352112676056338
0.3525150905432595
0.3529175050301811
0.3545271629778672
0.35653923541247484
0.3585513078470825
0.35895372233400397
0.35935613682092554
0.35975855130784706
0.3963782696177062
0.39678068410462775
0.39718309859154927
0.3975855130784708
0.3979879275653923
0.3983903420523139
0.39879275653923535
0.3991951710261569
0.39959758551307845
0.39999999999999997
0.4004024144869215
0.40080482897384306
0.4012072434607646
0.40160965794768605
0.4020120724346076
0.40241448692152915
0.40281690140845067
0.4032193158953722
0.40362173038229376
0.4040241448692153
0.4044265593561368
0.4048289738430583
0.40523138832997985
0.40563380281690137
0.4060362173038229
0.40643863179074446
0.406841046277666
0.41730382293762575
0.41770623742454727
0.4301810865191147
0.6185110663983903
0.06841046277665996
0.06881287726358148
0.069215291750503
0.0744466800804829
0.07484909456740442
0.07525150905432595
0.07565392354124748
0.07605633802816901
0.07645875251509053
0.07686116700201207
0.07927565392354124
0.07967806841046278
0.0800804828973843
0.08048289738430582
0.08088531187122736
0.0857142857142857
0.08611670020120724
0.0869215291750503
0.08732394366197183
0.10261569416498993
0.10301810865191147
0.10342052313883299
0.10382293762575452
0.10422535211267606
0.10462776659959759
0.1050301810865191
0.10543259557344063
0.10583501006036217
0.10623742454728369
0.10663983903420522
0.10744466800804829
0.10784708249496983
0.10824949698189135
0.10865191146881285
0.11026156941649899
0.1327967806841046
0.15412474849094565
0.1545271629778672
0.15492957746478872
0.15533199195171027
0.1557344064386318
0.1561368209255533
0.15653923541247483
0.16217303822937626
0.16257545271629778
0.19275653923541247
0.19396378269617703
0.19436619718309858
0.1947686116700201
0.19517102615694165
0.19557344064386317
0.1959758551307847
0.19637826961770624
0.19678068410462776
0.19718309859154928
0.1975855130784708
0.19798792756539232
0.19839034205231387
0.1987927565392354
0.19919517102615694
0.19959758551307846
0.19999999999999998
0.20040241448692153
0.20080482897384302
0.20120724346076457
0.2016096579476861
0.20201207243460764
0.20241448692152916
0.20281690140845068
0.20321931589537223
0.20362173038229375
0.2040241448692153
0.2044265593561368
0.20482897384305834
0.20523138832997986
0.20563380281690138
0.20603621730382293
0.20643863179074443
0.20684104627766597
0.2072434607645875
0.20764587525150904
0.20804828973843056
0.2084507042253521
0.20885311871227363
0.20925553319919518
0.20965794768611667
0.2100603621730382
0.21046277665995974
0.21086519114688126
0.2112676056338028
0.2193158953722334
0.22253521126760561
0.22293762575452716
0.22334004024144868
0.22374245472837023
0.22414486921529173
0.22454728370221325
0.2249496981891348
0.22535211267605632
0.22575452716297786
0.22615694164989936
0.22655935613682093
0.22696177062374243
0.22736418511066397
0.2277665995975855
0.22816901408450702
0.22857142857142856
0.22897384305835006
0.22977867203219313
0.23018108651911467
0.2305835010060362
0.23098591549295774
0.23138832997987926
0.23179074446680076
0.23219315895372233
0.23259557344064383
0.23380281690140844
0.23420523138832997
0.2346076458752515
0.235010060362173
0.23541247484909458
0.23581488933601608
0.2571428571428572
0.25754527162977864
0.25794768611670016
0.2599597585513078
0.26036217303822934
0.2607645875251509
0.26116700201207244
0.2615694164989939
0.2619718309859155
0.262374245472837
0.2627766599597585
0.26317907444668004
0.2635814889336016
0.26398390342052314
0.26438631790744466
0.2647887323943662
0.2651911468812877
0.2655935613682092
0.2744466800804829
0.2748490945674044
0.27525150905432594
0.27565392354124746
0.276056338028169
0.276861167002012
0.2772635814889336
0.2776659959758551
0.27806841046277664
0.27847082494969816
0.27887323943661974
0.2792756539235412
0.2796780684104627
0.2800804828973843
0.2804828973843058
0.28088531187122734
0.28128772635814886
0.28169014084507044
0.2820925553319919
0.2824949698189135
0.282897384305835
0.29336016096579476
0.2937625754527163
0.29416498993963786
0.2945674044265593
0.29496981891348084
0.2953722334004024
0.29577464788732394
0.29617706237424546
0.296579476861167
0.29698189134808856
0.29738430583501
0.2977867203219316
0.2981891348088531
0.2985915492957746
0.29899396378269616
0.2993963782696177
0.2997987927565392
0.3002012072434607
0.3006036217303823
0.3010060362173038
0.30140845070422534
0.30181086519114686
0.3022132796780684
0.3026156941649899
0.3030181086519114
0.303420523138833
0.3038229376257545
0.30422535211267604
0.30462776659959756
0.30503018108651914
0.3054325955734406
0.3058350100603621
0.3062374245472837
0.3066398390342052
0.30704225352112674
0.30744466800804826
0.30784708249496984
0.3082494969818913
0.3086519114688129
0.3090543259557344
0.3094567404426559
0.30985915492957744
0.31026156941649896
0.31066398390342054
0.311066398390342
0.3114688128772636
0.3118712273641851
0.3122736418511066
0.31267605633802814
0.31307847082494966
0.31348088531187124
0.3138832997987927
0.3352112676056338
0.33561368209255527
0.33601609657947684
0.33641851106639836
0.3368209255533199
0.3372233400402414
0.337625754527163
0.3380281690140845
0.338430583501006
0.33883299798792754
0.33923541247484906
0.3396378269617706
0.34849094567404426
0.3488933601609658
0.3492957746478873
0.3496981891348088
0.35010060362173034
0.3505030181086519
0.3509054325955734
0.35130784708249496
0.3517102615694165
0.352112676056338
0.3525150905432595
0.3529175050301811
0.3533199195171026
0.3537223340040241
0.35412474849094566
0.3545271629778672
0.3549295774647887
0.3553319919517102
0.3557344064386318
0.35613682092555327
0.35653923541247484
0.35694164989939636
0.3573440643863179
0.3577464788732394
0.3581488933601609
0.3585513078470825
0.35895372233400397
0.35935613682092554
0.35975855130784706
0.3601609657947686
0.3605633802816901
0.3609657947686116
0.3613682092555332
0.36177062374245467
0.36217303822937624
0.36257545271629776
0.3629778672032193
0.3633802816901408
0.3637826961770624
0.3641851106639839
0.36458752515090537
0.36498993963782694
0.36539235412474846
0.36579476861167
0.39114688128772634
0.39154929577464787
0.39396378269617705
0.39436619718309857
0.3947686116700201
0.3951710261569416
0.3955734406438632
0.39597585513078465
0.3963782696177062
0.39678068410462775
0.39718309859154927
0.3975855130784708
0.3979879275653923
0.3983903420523139
0.39879275653923535
0.3991951710261569
0.39959758551307845
0.39999999999999997
0.4004024144869215
0.40080482897384306
0.4012072434607646
0.40160965794768605
0.4020120724346076
0.40241448692152915
0.40281690140845067
0.4032193158953722
0.40362173038229376
0.4040241448692153
0.4044265593561368
0.4048289738430583
0.40523138832997985
0.40563380281690137
0.4060362173038229
0.40643863179074446
0.406841046277666
0.4072434607645875
0.407645875251509
0.4080482897384306
0.4382293762575452
0.4386317907444668
0.4390342052313883
0.43943661971830983
0.43983903420523135
0.4402414486921529
0.44064386317907445
0.5110663983903421
0.5114688128772635
0.5150905432595573
0.5154929577464789
0.5158953722334003
0.5162977867203219
0.5167002012072435
0.5171026156941649
0.5175050301810864
0.5786720321931589
0.5790744466800805
0.579476861167002
0.6193158953722334
0.6293762575452716
0.6297786720321931
0.6301810865191146
0.6305835010060362
0.6309859154929577
0.6313883299798791
0.6317907444668008
0.6321931589537223
0.6325955734406438
0.6329979879275653
0.6334004024144868
0.6338028169014085
0.63420523138833
0.6346076458752514
0.635010060362173
0.6354124748490946
0.635814889336016
0.6362173038229376
0.6366197183098591
0.6390342052313883
0.9066398390342052
0.9070422535211267
0.9074446680080482
0.9078470824949697
0.9082494969818913
0.020120724346076455
0.020523138832997986
0.020925553319919514
0.03621730382293763
0.036619718309859155
0.03702213279678068
0.045875251509054325
0.04627766599597585
0.04708249496981891
0.05070422535211267
0.0511066398390342
0.05150905432595573
0.05191146881287726
0.052313883299798795
0.05593561368209256
0.0676056338028169
0.06800804828973843
0.06841046277665996
0.06881287726358148
0.07484909456740442
0.07525150905432595
0.07565392354124748
0.07605633802816901
0.07645875251509053
0.07686116700201207
0.07806841046277666
0.09054325955734406
0.09617706237424548
0.096579476861167
0.09698189134808852
0.09738430583501005
0.09778672032193159
0.09818913480885312
0.09859154929577464
0.09899396378269616
0.0993963782696177
0.09979879275653923
0.10020120724346077
0.10060362173038229
0.10100603621730382
0.10140845070422534
0.10181086519114688
0.1022132796780684
0.10261569416498993
0.10301810865191147
0.1050301810865191
0.10543259557344063
0.10583501006036217
0.10704225352112676
0.10744466800804829
0.10824949698189135
0.12193158953722334
0.12233400402414486
0.1227364185110664
0.12313883299798793
0.12354124748490944
0.12394366197183097
0.12434607645875251
0.12474849094567403
0.12515090543259558
0.1255533199195171
0.12595573440643862
0.12635814889336017
0.1267605633802817
0.1271629778672032
0.12756539235412473
0.13158953722334002
0.13199195171026157
0.1356136820925553
0.13601609657947686
0.13641851106639838
0.13682092555331993
0.13722334004024145
0.13762575452716297
0.1380281690140845
0.138430583501006
0.13883299798792756
0.13923541247484908
0.1396378269617706
0.14004024144869215
0.1533199195171026
0.15372233400402413
0.15412474849094565
0.1545271629778672
0.15492957746478872
0.15533199195171027
0.1557344064386318
0.1561368209255533
0.15653923541247483
0.15694164989939635
0.1585513078470825
0.158953722334004
0.15935613682092556
0.15975855130784708
0.1629778672032193
0.16338028169014085
0.16498993963782696
0.16539235412474848
0.16579476861167
0.16619718309859155
0.16659959758551307
0.16700201207243462
0.1674044265593561
0.16780684104627763
0.16820925553319918
0.1686116700201207
0.16901408450704225
0.16941649899396377
0.1698189134808853
0.17022132796780684
0.17062374245472836
0.1710261569416499
0.1714285714285714
0.17183098591549295
0.17223340040241447
0.172635814889336
0.17303822937625754
0.17344064386317906
0.1738430583501006
0.17424547283702213
0.1754527162977867
0.17585513078470824
0.17625754527162976
0.17706237424547283
0.17746478873239435
0.1778672032193159
0.17826961770623742
0.17867203219315894
0.17907444668008046
0.17947686116700198
0.17987927565392353
0.18028169014084505
0.1806841046277666
0.18108651911468812
0.18148893360160964
0.1851106639839034
0.18551307847082496
0.18591549295774645
0.186317907444668
0.18672032193158952
0.18712273641851104
0.1875251509054326
0.1879275653923541
0.18832997987927563
0.18873239436619718
0.1891348088531187
0.1903420523138833
0.19798792756539232
0.19839034205231387
0.1987927565392354
0.19919517102615694
0.19959758551307846
0.19999999999999998
0.20040241448692153
0.20080482897384302
0.20120724346076457
0.2016096579476861
0.20201207243460764
0.20241448692152916
0.20281690140845068
0.20321931589537223
0.20362173038229375
0.2040241448692153
0.2044265593561368
0.20482897384305834
0.20885311871227363
0.20925553319919518
0.20965794768611667
0.2100603621730382
0.21046277665995974
0.21167002012072433
0.21207243460764588
0.21327967806841044
0.2164989939637827
0.21690140845070421
0.2173038229376257
0.21770623742454728
0.21810865191146878
0.2193158953722334
0.21971830985915491
0.22012072434607646
0.22052313883299798
0.22092555331991948
0.2221327967806841
0.22253521126760561
0.2635814889336016
0.26398390342052314
0.26720321931589536
0.2676056338028169
0.2748490945674044
0.276056338028169
0.27645875251509056
0.276861167002012
0.2772635814889336
0.2776659959758551
0.27806841046277664
0.27847082494969816
0.27887323943661974
0.2792756539235412
0.2796780684104627
0.2800804828973843
0.2804828973843058
0.28088531187122734
0.28128772635814886
0.28169014084507044
0.2820925553319919
0.2824949698189135
0.282897384305835
0.2832997987927565
0.28370221327967804
0.28410462776659956
0.2869215291750503
0.29577464788732394
0.29617706237424546
0.296579476861167
0.29698189134808856
0.29738430583501
0.2977867203219316
0.2981891348088531
0.2985915492957746
0.29899396378269616
0.3002012072434607
0.3006036217303823
0.3010060362173038
0.30140845070422534
0.30181086519114686
0.3022132796780684
0.3026156941649899
0.3030181086519114
0.303420523138833
0.3038229376257545
0.30422535211267604
0.30462776659959756
0.30503018108651914
0.3054325955734406
0.3058350100603621
0.3062374245472837
0.3066398390342052
0.30704225352112674
0.30744466800804826
0.30784708249496984
0.3082494969818913
0.3086519114688129
0.3090543259557344
0.3094567404426559
0.30985915492957744
0.31026156941649896
0.31066398390342054
0.311066398390342
0.3114688128772636
0.3118712273641851
0.3122736418511066
0.31267605633802814
0.31307847082494966
0.31348088531187124
0.3138832997987927
0.33883299798792754
0.33923541247484906
0.3396378269617706
0.3400402414486921
0.3404426559356137
0.3408450704225352
0.3412474849094567
0.34164989939637824
0.3420523138832998
0.3424547283702213
0.3428571428571428
0.3432595573440644
0.3436619718309859
0.3448692152917505
0.345271629778672
0.34567404426559356
0.3460764587525151
0.3464788732394366
0.3468812877263581
0.34728370221327964
0.3476861167002012
0.3480885311871227
0.34849094567404426
0.3488933601609658
0.3492957746478873
0.3496981891348088
0.35010060362173034
0.3505030181086519
0.3509054325955734
0.35130784708249496
0.3517102615694165
0.352112676056338
0.3525150905432595
0.3529175050301811
0.3533199195171026
0.3537223340040241
0.35412474849094566
0.3545271629778672
0.3549295774647887
0.3553319919517102
0.3557344064386318
0.35613682092555327
0.35653923541247484
0.35694164989939636
0.3573440643863179
0.3577464788732394
0.3581488933601609
0.3585513078470825
0.35895372233400397
0.35935613682092554
0.35975855130784706
0.3601609657947686
0.3605633802816901
0.3609657947686116
0.3613682092555332
0.36177062374245467
0.36217303822937624
0.36257545271629776
0.3629778672032193
0.3633802816901408
0.3637826961770624
0.3641851106639839
0.36458752515090537
0.36498993963782694
0.36539235412474846
0.36579476861167
0.3665995975855131
0.3670020120724346
0.36780684104627764
0.3710261569416499
0.3714285714285714
0.3718309859154929
0.3722334004024145
0.372635814889336
0.3730382293762575
0.37344064386317904
0.3738430583501006
0.3839034205231388
0.3843058350100603
0.3975855130784708
0.3979879275653923
0.3983903420523139
0.39879275653923535
0.3991951710261569
0.39959758551307845
0.39999999999999997
0.4004024144869215
0.40080482897384306
0.4012072434607646
0.40160965794768605
0.4020120724346076
0.40241448692152915
0.40281690140845067
0.4032193158953722
0.40362173038229376
0.4040241448692153
0.4044265593561368
0.4048289738430583
0.40523138832997985
0.40563380281690137
0.4060362173038229
0.40643863179074446
0.407645875251509
0.4366197183098592
0.43702213279678065
0.43742454728370217
0.4378269617706237
0.4382293762575452
0.4386317907444668
0.4390342052313883
0.43943661971830983
0.43983903420523135
0.4402414486921529
0.44064386317907445
0.44104627766599597
0.44144869215291743
0.44185110663983895
0.4422535211267606
0.44265593561368205
0.44305835010060357
0.4434607645875251
0.44386317907444667
0.4442655935613682
0.4446680080482897
0.44507042253521123
0.44547283702213275
0.4458752515090543
0.44627766599597585
0.44668008048289737
0.44708249496981883
0.44748490945674047
0.447887323943662
0.44828973843058345
0.44869215291750497
0.4490945674044265
0.44949698189134807
0.4498993963782696
0.4503018108651911
0.45070422535211263
0.4511066398390342
0.4515090543259557
0.45191146881287725
0.4523138832997987
0.45271629778672023
0.4611670020120724
0.4615694164989939
0.4619718309859155
0.462374245472837
0.46277665995975853
0.46317907444668005
0.48651911468812875
0.4869215291750502
0.48812877263581483
0.5050301810865191
0.5054325955734407
0.5058350100603621
0.5062374245472837
0.5066398390342052
0.5070422535211268
0.5074446680080483
0.5078470824949698
0.5082494969818913
0.5086519114688128
0.5090543259557344
0.5094567404426559
0.5098591549295775
0.5102615694164989
0.5106639839034205
0.5110663983903421
0.5114688128772635
0.5118712273641851
0.5122736418511066
0.5126760563380282
0.5130784708249497
0.5134808853118712
0.5138832997987927
0.5142857142857143
0.5146881287726358
0.5150905432595573
0.5154929577464789
0.5158953722334003
0.5162977867203219
0.5167002012072435
0.5171026156941649
0.5175050301810864
0.5179074446680081
0.5183098591549296
0.518712273641851
0.5215291750503018
0.5219315895372233
0.5223340040241449
0.5227364185110663
0.5231388329979878
0.5734406438631791
0.5738430583501006
0.5742454728370221
0.5746478873239437
0.5766599597585512
0.5770623742454728
0.5774647887323944
0.5778672032193158
0.5782696177062374
0.5786720321931589
0.5790744466800805
0.579476861167002
0.5798792756539235
0.5802816901408451
0.5806841046277665
0.5810865191146881
0.6293762575452716
0.6297786720321931
0.6305835010060362
0.6309859154929577
0.6672032193158953
0.6676056338028168
0.6680080482897385
0.6684104627766599
0.6688128772635814
0.6736418511066398
0.6740442655935613
0.6744466800804828
0.6748490945674044
0.675251509054326
0.676056338028169
0.739235412474849
0.7396378269617706
0.7404426559356136
0.7408450704225352
0.7412474849094567
0.038229376257545265
0.0386317907444668
0.03903420523138833
0.039436619718309855
0.03983903420523139
0.040643863179074445
0.047484909456740436
0.04788732394366197
0.0482897384305835
0.05392354124748491
0.05432595573440643
0.05472837022132796
0.055130784708249496
0.05875251509054325
0.05955734406438632
0.05995975855130784
0.06036217303822937
0.060764587525150904
0.06116700201207243
0.061569416498993966
0.06197183098591549
0.062374245472837014
0.06277665995975855
0.06317907444668008
0.0635814889336016
0.0676056338028169
0.06800804828973843
0.06841046277665996
0.0744466800804829
0.07484909456740442
0.07525150905432595
0.07565392354124748
0.07605633802816901
0.07645875251509053
0.07686116700201207
0.08209255533199195
0.082897384305835
0.08329979879275654
0.08370221327967806
0.08410462776659959
0.08450704225352113
0.08490945674044265
0.08611670020120724
0.0869215291750503
0.08732394366197183
0.08772635814889335
0.08853118712273642
0.11146881287726358
0.11670020120724345
0.11830985915492957
0.12152917505030181
0.12193158953722334
0.12233400402414486
0.1227364185110664
0.12756539235412473
0.12796780684104628
0.13199195171026157
0.1323943661971831
0.14366197183098592
0.14406438631790744
0.14446680080482896
0.1448692152917505
0.14527162977867203
0.14567404426559355
0.14607645875251507
0.14647887323943662
0.14688128772635814
0.15130784708249495
0.1517102615694165
0.15211267605633802
0.15251509054325957
0.15291750503018106
0.1533199195171026
0.15372233400402413
0.15412474849094565
0.1545271629778672
0.15492957746478872
0.15694164989939635
0.1573440643863179
0.15774647887323942
0.15814889336016094
0.1585513078470825
0.158953722334004
0.15935613682092556
0.15975855130784708
0.1601609657947686
0.16056338028169012
0.16096579476861164
0.1613682092555332
0.1617706237424547
0.16217303822937626
0.16257545271629778
0.16338028169014085
0.1645875251509054
0.16498993963782696
0.16539235412474848
0.16579476861167
0.16619718309859155
0.16659959758551307
0.16700201207243462
0.1674044265593561
0.16780684104627763
0.16820925553319918
0.1686116700201207
0.16901408450704225
0.16941649899396377
0.1698189134808853
0.17022132796780684
0.17062374245472836
0.1710261569416499
0.1714285714285714
0.17183098591549295
0.17223340040241447
0.172635814889336
0.17303822937625754
0.17344064386317906
0.1738430583501006
0.17424547283702213
0.17464788732394365
0.17505030181086517
0.1754527162977867
0.17585513078470824
0.17625754527162976
0.17746478873239435
0.17947686116700198
0.17987927565392353
0.18028169014084505
0.1806841046277666
0.18108651911468812
0.18148893360160964
0.1818913480885312
0.18229376257545268
0.18269617706237423
0.22132796780684103
0.22173038229376255
0.22253521126760561
0.22374245472837023
0.22414486921529173
0.22454728370221325
0.2249496981891348
0.22535211267605632
0.22575452716297786
0.22615694164989936
0.22655935613682093
0.22696177062374243
0.22736418511066397
0.2277665995975855
0.22816901408450702
0.22857142857142856
0.22897384305835006
0.22937625754527163
0.22977867203219313
0.23018108651911467
0.2305835010060362
0.23098591549295774
0.24305835010060362
0.2434607645875251
0.24386317907444668
0.24426559356136818
0.24466800804828973
0.24507042253521125
0.2454728370221328
0.24587525150905432
0.24627766599597586
0.24668008048289736
0.24708249496981888
0.24748490945674043
0.24788732394366195
0.2482897384305835
0.24869215291750502
0.24909456740442656
0.24949698189134806
0.24989939637826963
0.25030181086519115
0.2507042253521126
0.2511066398390342
0.2515090543259557
0.25191146881287724
0.25231388329979876
0.25271629778672033
0.25311871227364185
0.2535211267605634
0.2539235412474849
0.2543259557344064
0.25472837022132794
0.25513078470824946
0.25553319919517103
0.25593561368209256
0.2563380281690141
0.2567404426559356
0.2571428571428572
0.25754527162977864
0.25794768611670016
0.25835010060362174
0.2587525150905432
0.2591549295774648
0.2595573440643863
0.2599597585513078
0.26036217303822934
0.2607645875251509
0.2615694164989939
0.2619718309859155
0.262374245472837
0.2627766599597585
0.26317907444668004
0.2635814889336016
0.26398390342052314
0.26438631790744466
0.2647887323943662
0.2651911468812877
0.2655935613682092
0.26599597585513074
0.2663983903420523
0.26680080482897384
0.26720321931589536
0.2676056338028169
0.26800804828973845
0.2684104627766599
0.26881287726358144
0.269215291750503
0.26961770623742454
0.27002012072434606
0.2704225352112676
0.27082494969818915
0.2712273641851106
0.2716297786720322
0.2720321931589537
0.27243460764587524
0.27283702213279676
0.2732394366197183
0.27364185110663986
0.2740442655935613
0.2744466800804829
0.2748490945674044
0.27525150905432594
0.27565392354124746
0.276056338028169
0.27645875251509056
0.276861167002012
0.2772635814889336
0.2776659959758551
0.27806841046277664
0.27847082494969816
0.27887323943661974
0.2792756539235412
0.2796780684104627
0.2800804828973843
0.2804828973843058
0.28088531187122734
0.28128772635814886
0.28169014084507044
0.2820925553319919
0.2824949698189135
0.282897384305835
0.2832997987927565
0.28370221327967804
0.28410462776659956
0.28450704225352114
0.2849094567404426
0.2853118712273642
0.2857142857142857
0.2861167002012072
0.29054325955734406
0.2909456740442656
0.2913480885311871
0.2917505030181086
0.29215291750503014
0.29295774647887324
0.29336016096579476
0.2937625754527163
0.29416498993963786
0.2945674044265593
0.29496981891348084
0.2953722334004024
0.29577464788732394
0.29617706237424546
0.296579476861167
0.29698189134808856
0.29738430583501
0.2977867203219316
0.2981891348088531
0.2985915492957746
0.29899396378269616
0.2993963782696177
0.30181086519114686
0.3022132796780684
0.3026156941649899
0.3030181086519114
0.303420523138833
0.3038229376257545
0.30422535211267604
0.30462776659959756
0.30503018108651914
0.3054325955734406
0.3058350100603621
0.3062374245472837
0.3066398390342052
0.30704225352112674
0.30744466800804826
0.30784708249496984
0.3082494969818913
0.3086519114688129
0.3090543259557344
0.3094567404426559
0.30985915492957744
0.31026156941649896
0.31066398390342054
0.311066398390342
0.3114688128772636
0.3122736418511066
0.33601609657947684
0.34567404426559356
0.3460764587525151
0.3464788732394366
0.3468812877263581
0.34728370221327964
0.3476861167002012
0.3480885311871227
0.34849094567404426
0.3488933601609658
0.3492957746478873
0.3496981891348088
0.35010060362173034
0.3505030181086519
0.3509054325955734
0.35130784708249496
0.3517102615694165
0.35412474849094566
0.3545271629778672
0.3549295774647887
0.3553319919517102
0.3557344064386318
0.35613682092555327
0.35653923541247484
0.35694164989939636
0.3573440643863179
0.3577464788732394
0.3581488933601609
0.3585513078470825
0.35895372233400397
0.35935613682092554
0.35975855130784706
0.3601609657947686
0.3605633802816901
0.3609657947686116
0.3613682092555332
0.36177062374245467
0.36217303822937624
0.36257545271629776
0.3629778672032193
0.3633802816901408
0.3637826961770624
0.3641851106639839
0.36458752515090537
0.36498993963782694
0.36539235412474846
0.36579476861167
0.3661971830985915
0.3665995975855131
0.3670020120724346
0.3674044265593561
0.36780684104627764
0.36820925553319916
0.3686116700201207
0.3690140845070422
0.3694164989939638
0.3698189134808853
0.3702213279678068
0.37062374245472834
0.3710261569416499
0.3714285714285714
0.3718309859154929
0.3722334004024145
0.372635814889336
0.3730382293762575
0.37344064386317904
0.3738430583501006
0.3742454728370221
0.3750503018108652
0.3955734406438632
0.39597585513078465
0.3963782696177062
0.39678068410462775
0.39718309859154927
0.3975855130784708
0.3979879275653923
0.3983903420523139
0.39879275653923535
0.3991951710261569
0.39959758551307845
0.39999999999999997
0.4004024144869215
0.40080482897384306
0.4012072434607646
0.40160965794768605
0.4020120724346076
0.40241448692152915
0.40281690140845067
0.4032193158953722
0.40362173038229376
0.4040241448692153
0.4044265593561368
0.4048289738430583
0.40523138832997985
0.40563380281690137
0.4060362173038229
0.40643863179074446
0.406841046277666
0.4072434607645875
0.407645875251509
0.4080482897384306
0.40845070422535207
0.4088531187122736
0.40925553319919517
0.4096579476861167
0.4169014084507042
0.41730382293762575
0.41770623742454727
0.41810865191146873
0.41851106639839036
0.4189134808853119
0.41931589537223335
0.41971830985915487
0.4402414486921529
0.44064386317907445
0.44104627766599597
0.44144869215291743
0.44185110663983895
0.4422535211267606
0.44265593561368205
0.44305835010060357
0.4434607645875251
0.44386317907444667
0.4442655935613682
0.4446680080482897
0.44507042253521123
0.44547283702213275
0.4458752515090543
0.44627766599597585
0.44668008048289737
0.44708249496981883
0.44748490945674047
0.44869215291750497
0.4490945674044265
0.44949698189134807
0.4498993963782696
0.4503018108651911
0.45070422535211263
0.4511066398390342
0.4515090543259557
0.45191146881287725
0.4523138832997987
0.45271629778672023
0.45311871227364187
0.45352112676056333
0.45392354124748485
0.4543259557344064
0.45472837022132795
0.4635814889336015
0.46398390342052315
0.46438631790744467
0.5070422535211268
0.5074446680080483
0.5078470824949698
0.5082494969818913
0.5086519114688128
0.5090543259557344
0.5094567404426559
0.5098591549295775
0.5102615694164989
0.5106639839034205
0.5110663983903421
0.5114688128772635
0.5118712273641851
0.523943661971831
0.525553319919517
0.5259557344064386
0.5263581488933601
0.5267605633802817
0.5271629778672032
0.5275653923541247
0.5279678068410463
0.5283702213279677
0.5287726358148893
0.5291750503018109
0.5295774647887324
0.6490945674044265
0.649496981891348
0.026559356136820922
0.026961770623742456
0.02736418511066398
0.03702213279678068
0.03742454728370221
0.03782696177062374
0.038229376257545265
0.039436619718309855
0.04426559356136821
0.044668008048289735
0.04507042253521126
0.04668008048289738
0.04708249496981891
0.047484909456740436
0.04788732394366197
0.0482897384305835
0.05352112676056338
0.05392354124748491
0.06036217303822937
0.060764587525150904
0.06680080482897384
0.06720321931589536
0.0676056338028169
0.08128772635814889
0.08169014084507042
0.08209255533199195
0.08651911468812877
0.0869215291750503
0.08732394366197183
0.08772635814889335
0.08812877263581488
0.08853118712273642
0.08893360160965795
0.08933601609657947
0.08973843058350099
0.09014084507042253
0.09054325955734406
0.0909456740442656
0.09134808853118712
0.09175050301810865
0.09215291750503017
0.0925553319919517
0.09295774647887323
0.11468812877263582
0.11509054325955734
0.11549295774647887
0.11589537223340038
0.11629778672032191
0.1175050301810865
0.11911468812877264
0.12434607645875251
0.12474849094567403
0.12635814889336017
0.14044265593561367
0.14084507042253522
0.14124748490945674
0.14164989939637826
0.14205231388329978
0.1424547283702213
0.14285714285714285
0.14325955734406437
0.14366197183098592
0.14406438631790744
0.14446680080482896
0.1448692152917505
0.14527162977867203
0.14567404426559355
0.14607645875251507
0.14647887323943662
0.14688128772635814
0.14808853118712273
0.14849094567404428
0.1488933601609658
0.1492957746478873
0.14969818913480884
0.15010060362173036
0.1505030181086519
0.15090543259557343
0.15130784708249495
0.1517102615694165
0.15211267605633802
0.15251509054325957
0.15291750503018106
0.1533199195171026
0.1557344064386318
0.1561368209255533
0.15653923541247483
0.15694164989939635
0.1573440643863179
0.15774647887323942
0.15814889336016094
0.1585513078470825
0.1617706237424547
0.16498993963782696
0.16539235412474848
0.16579476861167
0.16619718309859155
0.16659959758551307
0.16700201207243462
0.1674044265593561
0.16780684104627763
0.16820925553319918
0.1686116700201207
0.16901408450704225
0.16941649899396377
0.1698189134808853
0.17022132796780684
0.17062374245472836
0.1710261569416499
0.1714285714285714
0.17183098591549295
0.17223340040241447
0.172635814889336
0.17303822937625754
0.17344064386317906
0.1738430583501006
0.17424547283702213
0.17464788732394365
0.17505030181086517
0.1754527162977867
0.17585513078470824
0.17625754527162976
0.1766599597585513
0.17706237424547283
0.17746478873239435
0.1778672032193159
0.17826961770623742
0.17867203219315894
0.17907444668008046
0.17947686116700198
0.17987927565392353
0.18028169014084505
0.1806841046277666
0.18832997987927563
0.18873239436619718
0.1891348088531187
0.18953722334004022
0.18993963782696174
0.1903420523138833
0.1907444668008048
0.19114688128772633
0.19557344064386317
0.1959758551307847
0.19637826961770624
0.19678068410462776
0.20281690140845068
0.21690140845070421
0.2173038229376257
0.21770623742454728
0.21810865191146878
0.21851106639839032
0.21891348088531185
0.2193158953722334
0.21971830985915491
0.22012072434607646
0.22052313883299798
0.22092555331991948
0.22132796780684103
0.22173038229376255
0.2362173038229376
0.23661971830985915
0.23702213279678067
0.23742454728370221
0.2378269617706237
0.23822937625754528
0.23863179074446678
0.23903420523138832
0.23943661971830985
0.24668008048289736
0.24708249496981888
0.24748490945674043
0.24788732394366195
0.2482897384305835
0.24869215291750502
0.24909456740442656
0.24949698189134806
0.24989939637826963
0.25030181086519115
0.2507042253521126
0.2511066398390342
0.2515090543259557
0.25191146881287724
0.25231388329979876
0.25271629778672033
0.25311871227364185
0.2535211267605634
0.2539235412474849
0.2543259557344064
0.25472837022132794
0.25513078470824946
0.25754527162977864
0.25794768611670016
0.25835010060362174
0.2587525150905432
0.2591549295774648
0.2595573440643863
0.2599597585513078
0.26036217303822934
0.2607645875251509
0.26116700201207244
0.2615694164989939
0.2619718309859155
0.262374245472837
0.2627766599597585
0.2740442655935613
0.2744466800804829
0.2748490945674044
0.27525150905432594
0.27565392354124746
0.276056338028169
0.27645875251509056
0.276861167002012
0.2772635814889336
0.2776659959758551
0.27806841046277664
0.27847082494969816
0.27887323943661974
0.2792756539235412
0.2796780684104627
0.2800804828973843
0.2804828973843058
0.28088531187122734
0.28128772635814886
0.28169014084507044
0.2820925553319919
0.2824949698189135
0.282897384305835
0.2832997987927565
0.28410462776659956
0.29738430583501
0.2977867203219316
0.2981891348088531
0.2985915492957746
0.29899396378269616
0.2993963782696177
0.2997987927565392
0.3002012072434607
0.3006036217303823
0.3010060362173038
0.30140845070422534
0.30181086519114686
0.3022132796780684
0.3026156941649899
0.3030181086519114
0.303420523138833
0.3038229376257545
0.30422535211267604
0.30462776659959756
0.30503018108651914
0.3054325955734406
0.3058350100603621
0.3062374245472837
0.3066398390342052
0.30704225352112674
0.30744466800804826
0.30784708249496984
0.3082494969818913
0.3086519114688129
0.3090543259557344
0.3094567404426559
0.30985915492957744
0.31026156941649896
0.31066398390342054
0.311066398390342
0.3114688128772636
0.3118712273641851
0.3122736418511066
0.31267605633802814
0.31307847082494966
0.31348088531187124
0.3138832997987927
0.3142857142857143
0.3146881287726358
0.3150905432595573
0.31549295774647884
0.3158953722334004
0.3162977867203219
0.32112676056338024
0.3215291750503018
0.3219315895372233
0.32233400402414486
0.3227364185110664
0.3231388329979879
0.3235412474849094
0.32394366197183094
0.338430583501006
0.33883299798792754
0.33923541247484906
0.3396378269617706
0.3400402414486921
0.3404426559356137
0.34446680080482894
0.3448692152917505
0.345271629778672
0.34567404426559356
0.3460764587525151
0.3464788732394366
0.3468812877263581
0.34728370221327964
0.3476861167002012
0.3480885311871227
0.34849094567404426
0.3488933601609658
0.3492957746478873
0.3496981891348088
0.35010060362173034
0.3505030181086519
0.3509054325955734
0.35130784708249496
0.3517102615694165
0.352112676056338
0.3525150905432595
0.3529175050301811
0.3533199195171026
0.3537223340040241
0.35412474849094566
0.3545271629778672
0.3549295774647887
0.3553319919517102
0.3557344064386318
0.35613682092555327
0.35653923541247484
0.35694164989939636
0.3573440643863179
0.3577464788732394
0.3581488933601609
0.3585513078470825
0.35895372233400397
0.35935613682092554
0.35975855130784706
0.3601609657947686
0.3605633802816901
0.3609657947686116
0.3613682092555332
0.36177062374245467
0.36217303822937624
0.36257545271629776
0.3629778672032193
0.3633802816901408
0.3637826961770624
0.3641851106639839
0.36458752515090537
0.36498993963782694
0.36539235412474846
0.36579476861167
0.3661971830985915
0.3665995975855131
0.3670020120724346
0.3674044265593561
0.36780684104627764
0.36820925553319916
0.3686116700201207
0.3690140845070422
0.3694164989939638
0.3698189134808853
0.3951710261569416
0.3955734406438632
0.39597585513078465
0.3963782696177062
0.39678068410462775
0.39718309859154927
0.3975855130784708
0.3979879275653923
0.3983903420523139
0.39879275653923535
0.3991951710261569
0.39959758551307845
0.39999999999999997
0.4004024144869215
0.40080482897384306
0.4012072434607646
0.40160965794768605
0.4020120724346076
0.40241448692152915
0.40281690140845067
0.4032193158953722
0.40362173038229376
0.4040241448692153
0.4044265593561368
0.4048289738430583
0.40523138832997985
0.40563380281690137
0.40845070422535207
0.4088531187122736
0.40925553319919517
0.4096579476861167
0.4100603621730382
0.4104627766599597
0.4108651911468813
0.41126760563380277
0.41167002012072434
0.41207243460764587
0.41247484909456733
0.41287726358148885
0.4132796780684105
0.41368209255533195
0.43742454728370217
0.4378269617706237
0.4382293762575452
0.4386317907444668
0.4390342052313883
0.43943661971830983
0.43983903420523135
0.4402414486921529
0.44064386317907445
0.44104627766599597
0.44144869215291743
0.44185110663983895
0.4422535211267606
0.44265593561368205
0.44305835010060357
0.4434607645875251
0.44386317907444667
0.4442655935613682
0.4446680080482897
0.44507042253521123
0.44547283702213275
0.4458752515090543
0.45311871227364187
0.45352112676056333
0.45392354124748485
0.4543259557344064
0.45472837022132795
0.45513078470824947
0.45955734406438625
0.4599597585513078
0.4615694164989939
0.4619718309859155
0.462374245472837
0.46277665995975853
0.46317907444668005
0.4635814889336015
0.46398390342052315
0.46438631790744467
0.5102615694164989
0.5106639839034205
0.5110663983903421
0.5114688128772635
0.5118712273641851
0.5122736418511066
0.5126760563380282
0.5130784708249497
0.5134808853118712
0.5138832997987927
0.5142857142857143
0.5146881287726358
0.5227364185110663
0.5235412474849095
0.523943661971831
0.5263581488933601
0.5267605633802817
0.012072434607645875
0.012877263581488933
0.018108651911468814
0.01851106639839034
0.019718309859154928
0.022937625754527163
0.02334004024144869
0.023742454728370218
0.02414486921529175
0.02857142857142857
0.028973843058350095
0.029376257545271626
0.030181086519114685
0.030583501006036216
0.0317907444668008
0.03299798792756539
0.03340040241448692
0.03380281690140845
0.03420523138832998
0.0346076458752515
0.03501006036217304
0.035412474849094565
0.03742454728370221
0.03782696177062374
0.038229376257545265
0.0386317907444668
0.03903420523138833
0.039436619718309855
0.03983903420523139
0.04024144869215291
0.040643863179074445
0.04104627766599597
0.0414486921529175
0.05392354124748491
0.05593561368209256
0.05633802816901408
0.056740442655935606
0.058350100603621724
0.05875251509054325
0.059154929577464786
0.061569416498993966
0.06197183098591549
0.062374245472837014
0.06277665995975855
0.06317907444668008
0.06438631790744466
0.0647887323943662
0.06519114688128773
0.06559356136820925
0.06599597585513078
0.0663983903420523
0.06680080482897384
0.06720321931589536
0.0676056338028169
0.06800804828973843
0.06841046277665996
0.06881287726358148
0.07766599597585513
0.07806841046277666
0.07847082494969818
0.07887323943661971
0.07927565392354124
0.07967806841046278
0.0800804828973843
0.08048289738430582
0.08169014084507042
0.08209255533199195
0.08249496981891348
0.082897384305835
0.08329979879275654
0.08370221327967806
0.08410462776659959
0.08450704225352113
0.08490945674044265
0.08531187122736418
0.0857142857142857
0.08611670020120724
0.08651911468812877
0.0869215291750503
0.08732394366197183
0.08772635814889335
0.08812877263581488
0.08853118712273642
0.08893360160965795
0.08933601609657947
0.08973843058350099
0.09014084507042253
0.0909456740442656
0.09134808853118712
0.09175050301810865
0.09215291750503017
0.0925553319919517
0.09336016096579476
0.0937625754527163
0.0953722334004024
0.09577464788732394
0.09617706237424548
0.096579476861167
0.09698189134808852
0.09738430583501005
0.09778672032193159
0.09818913480885312
0.09859154929577464
0.09899396378269616
0.0993963782696177
0.09979879275653923
0.10020120724346077
0.10060362173038229
0.10100603621730382
0.10140845070422534
0.10181086519114688
0.1022132796780684
0.10261569416498993
0.10301810865191147
0.10342052313883299
0.10382293762575452
0.10623742454728369
0.10663983903420522
0.10704225352112676
0.10744466800804829
0.10784708249496983
0.10824949698189135
0.10865191146881285
0.10905432595573439
0.10945674044265592
0.10985915492957746
0.11026156941649899
0.11066398390342051
0.11106639839034205
0.11146881287726358
0.11187122736418512
0.11227364185110662
0.11267605633802816
0.11307847082494968
0.11348088531187121
0.11388329979879275
0.11428571428571428
0.11468812877263582
0.11509054325955734
0.11549295774647887
0.11589537223340038
0.11629778672032191
0.11670020120724345
0.11710261569416498
0.12394366197183097
0.12434607645875251
0.12474849094567403
0.12515090543259558
0.1255533199195171
0.12595573440643862
0.12635814889336017
0.1267605633802817
0.1271629778672032
0.12756539235412473
0.12796780684104628
0.1283702213279678
0.12877263581488932
0.12917505030181087
0.1295774647887324
0.1299798792756539
0.13038229376257546
0.13078470824949695
0.1311871227364185
0.13158953722334002
0.13199195171026157
0.1323943661971831
0.138430583501006
0.13883299798792756
0.13923541247484908
0.1396378269617706
0.14004024144869215
0.14044265593561367
0.14084507042253522
0.14124748490945674
0.14164989939637826
0.14205231388329978
0.1424547283702213
0.14285714285714285
0.14325955734406437
0.14366197183098592
0.14406438631790744
0.14446680080482896
0.1448692152917505
0.14527162977867203
0.14567404426559355
0.14607645875251507
0.14647887323943662
0.14688128772635814
0.14728370221327966
0.1476861167002012
0.14808853118712273
0.14849094567404428
0.1488933601609658
0.1492957746478873
0.14969818913480884
0.15010060362173036
0.1505030181086519
0.15090543259557343
0.15130784708249495
0.1517102615694165
0.15211267605633802
0.15251509054325957
0.1573440643863179
0.15774647887323942
0.15814889336016094
0.1585513078470825
0.158953722334004
0.15935613682092556
0.15975855130784708
0.1601609657947686
0.16056338028169012
0.16096579476861164
0.1613682092555332
0.1617706237424547
0.16217303822937626
0.16659959758551307
0.18672032193158952
0.18993963782696174
0.1903420523138833
0.1907444668008048
0.19114688128772633
0.19154929577464788
0.1919517102615694
0.19235412474849095
0.19275653923541247
0.193158953722334
0.1935613682092555
0.19396378269617703
0.19436619718309858
0.1947686116700201
0.19517102615694165
0.19557344064386317
0.1959758551307847
0.19637826961770624
0.19678068410462776
0.19718309859154928
0.1975855130784708
0.19798792756539232
0.19839034205231387
0.1987927565392354
0.19959758551307846
0.20040241448692153
0.20080482897384302
0.20120724346076457
0.2016096579476861
0.20201207243460764
0.20241448692152916
0.20281690140845068
0.20321931589537223
0.20362173038229375
0.2040241448692153
0.2044265593561368
0.20482897384305834
0.20523138832997986
0.20563380281690138
0.20603621730382293
0.20643863179074443
0.20684104627766597
0.2072434607645875
0.20764587525150904
0.20804828973843056
0.2084507042253521
0.20885311871227363
0.20925553319919518
0.20965794768611667
0.2100603621730382
0.21046277665995974
0.21327967806841044
0.21368209255533197
0.2140845070422535
0.21448692152917503
0.21488933601609658
0.21529175050301808
0.21569416498993965
0.21609657947686114
0.2164989939637827
0.21690140845070421
0.2173038229376257
0.21770623742454728
0.21810865191146878
0.21851106639839032
0.21891348088531185
0.2193158953722334
0.21971830985915491
0.22012072434607646
0.22052313883299798
0.22092555331991948
0.22132796780684103
0.22374245472837023
0.22414486921529173
0.22454728370221325
0.2249496981891348
0.22535211267605632
0.22575452716297786
0.22615694164989936
0.22655935613682093
0.23179074446680076
0.23219315895372233
0.23259557344064383
0.23299798792756538
0.2334004024144869
0.23380281690140844
0.23420523138832997
0.2346076458752515
0.235010060362173
0.23541247484909458
0.23581488933601608
0.2362173038229376
0.23822937625754528
0.23983903420523137
0.24024144869215291
0.2406438631790744
0.24104627766599598
0.24144869215291748
0.24185110663983903
0.24225352112676055
0.2426559356136821
0.24305835010060362
0.2434607645875251
0.24668008048289736
0.24708249496981888
0.24748490945674043
0.24788732394366195
0.2482897384305835
0.24869215291750502
0.24909456740442656
0.24949698189134806
0.24989939637826963
0.25030181086519115
0.2507042253521126
0.2511066398390342
0.2515090543259557
0.25191146881287724
0.25231388329979876
0.25271629778672033
0.25311871227364185
0.2535211267605634
0.2539235412474849
0.2543259557344064
0.25472837022132794
0.26438631790744466
0.2647887323943662
0.2651911468812877
0.2655935613682092
0.26599597585513074
0.2663983903420523
0.26680080482897384
0.26720321931589536
0.2676056338028169
0.26800804828973845
0.2684104627766599
0.26881287726358144
0.269215291750503
0.26961770623742454
0.27002012072434606
0.2704225352112676
0.27082494969818915
0.2712273641851106
0.2716297786720322
0.2720321931589537
0.27243460764587524
0.27283702213279676
0.2732394366197183
0.27364185110663986
0.2740442655935613
0.2744466800804829
0.2748490945674044
0.27525150905432594
0.27565392354124746
0.276056338028169
0.27645875251509056
0.276861167002012
0.2772635814889336
0.2776659959758551
0.27806841046277664
0.27847082494969816
0.27887323943661974
0.2792756539235412
0.2796780684104627
0.2800804828973843
0.2804828973843058
0.28088531187122734
0.28128772635814886
0.28169014084507044
0.2820925553319919
0.2824949698189135
0.282897384305835
0.2832997987927565
0.2977867203219316
0.2981891348088531
0.2985915492957746
0.29899396378269616
0.2993963782696177
0.2997987927565392
0.3002012072434607
0.3006036217303823
0.3010060362173038
0.30140845070422534
0.30181086519114686
0.3022132796780684
0.3026156941649899
0.3030181086519114
0.303420523138833
0.3038229376257545
0.30422535211267604
0.30462776659959756
0.30503018108651914
0.3054325955734406
0.3058350100603621
0.3062374245472837
0.3066398390342052
0.30704225352112674
0.30744466800804826
0.30784708249496984
0.3082494969818913
0.3086519114688129
0.3090543259557344
0.3094567404426559
0.30985915492957744
0.31026156941649896
0.31066398390342054
0.311066398390342
0.3114688128772636
0.3118712273641851
0.3122736418511066
0.31267605633802814
0.31307847082494966
0.31348088531187124
0.3138832997987927
0.3142857142857143
0.3146881287726358
0.3150905432595573
0.31549295774647884
0.3158953722334004
0.3162977867203219
0.3167002012072434
0.317102615694165
0.3175050301810865
0.317907444668008
0.31830985915492954
0.3187122736418511
0.3199195171026157
0.3203219315895372
0.3207243460764587
0.32112676056338024
0.3215291750503018
0.3219315895372233
0.32233400402414486
0.3227364185110664
0.3231388329979879
0.3235412474849094
0.32394366197183094
0.3243460764587525
0.3283702213279678
0.3323943661971831
0.3327967806841046
0.33319919517102614
0.33360160965794766
0.33400402414486924
0.3344064386317907
0.3348088531187122
0.3352112676056338
0.33561368209255527
0.33601609657947684
0.3400402414486921
0.3404426559356137
0.3408450704225352
0.3412474849094567
0.34164989939637824
0.3420523138832998
0.3424547283702213
0.3428571428571428
0.3432595573440644
0.3436619718309859
0.3440643863179074
0.34446680080482894
0.3448692152917505
0.345271629778672
0.3464788732394366
0.3468812877263581
0.34728370221327964
0.3476861167002012
0.3480885311871227
0.34849094567404426
0.3488933601609658
0.3492957746478873
0.3496981891348088
0.35010060362173034
0.3505030181086519
0.3509054325955734
0.35130784708249496
0.3517102615694165
0.352112676056338
0.3525150905432595
0.3529175050301811
0.3533199195171026
0.3537223340040241
0.35412474849094566
0.3545271629778672
0.3549295774647887
0.3553319919517102
0.3557344064386318
0.35613682092555327
0.35653923541247484
0.35694164989939636
0.3573440643863179
0.3577464788732394
0.3581488933601609
0.3585513078470825
0.35895372233400397
0.35935613682092554
0.35975855130784706
0.3601609657947686
0.3605633802816901
0.3609657947686116
0.3613682092555332
0.36177062374245467
0.36217303822937624
0.36257545271629776
0.3629778672032193
0.3633802816901408
0.3637826961770624
0.3641851106639839
0.36458752515090537
0.36498993963782694
0.36539235412474846
0.36579476861167
0.3661971830985915
0.3665995975855131
0.3670020120724346
0.3674044265593561
0.36780684104627764
0.36820925553319916
0.3686116700201207
0.3690140845070422
0.3694164989939638
0.3698189134808853
0.3702213279678068
0.37062374245472834
0.3710261569416499
0.3714285714285714
0.3718309859154929
0.38511066398390337
0.38591549295774646
0.386317907444668
0.3867203219315895
0.387122736418511
0.3875251509054326
0.38792756539235407
0.38832997987927564
0.38873239436619716
0.3891348088531187
0.39154929577464787
0.3919517102615694
0.3923541247484909
0.3927565392354125
0.39315895372233395
0.3935613682092555
0.39396378269617705
0.39436619718309857
0.39999999999999997
0.4004024144869215
0.40080482897384306
0.4012072434607646
0.40160965794768605
0.4020120724346076
0.40241448692152915
0.40281690140845067
0.4032193158953722
0.40362173038229376
0.4040241448692153
0.4044265593561368
0.4048289738430583
0.40523138832997985
0.40563380281690137
0.4060362173038229
0.44104627766599597
0.44144869215291743
0.44185110663983895
0.4422535211267606
0.44265593561368205
0.44305835010060357
0.4434607645875251
0.44386317907444667
0.4442655935613682
0.4446680080482897
0.44507042253521123
0.44547283702213275
0.4458752515090543
0.44627766599597585
0.48611670020120723
0.48651911468812875
0.4869215291750502
0.48732394366197185
0.48772635814889337
0.48812877263581483
0.48853118712273635
0.488933601609658
0.48933601609657945
0.48973843058350097
0.4901408450704225
0.490543259557344
0.4909456740442656
0.4913480885311871
0.49175050301810863
0.4921529175050301
0.49255533199195173
0.49295774647887325
0.4933601609657947
0.49376257545271623
0.49416498993963776
0.49456740442655933
0.49496981891348085
0.4953722334004024
0.4957746478873239
0.49617706237424547
0.496579476861167
0.9283702213279678
0.016096579476861165
0.016498993963782696
0.018108651911468814
0.01851106639839034
0.01891348088531187
0.0193158953722334
0.019718309859154928
0.020925553319919514
0.026961770623742456
0.02736418511066398
0.02977867203219316
0.030181086519114685
0.030583501006036216
0.030985915492957743
0.031388329979879274
0.0317907444668008
0.03219315895372233
0.03742454728370221
0.03782696177062374
0.038229376257545265
0.0386317907444668
0.03903420523138833
0.052313883299798795
0.052716297786720316
0.053118712273641844
0.055533199195171024
0.05593561368209256
0.05794768611670019
0.06116700201207243
0.061569416498993966
0.06197183098591549
0.06800804828973843
0.06841046277665996
0.06881287726358148
0.069215291750503
0.06961770623742454
0.07002012072434607
0.07042253521126761
0.07082494969818913
0.07122736418511065
0.07162977867203218
0.07203219315895372
0.07243460764587525
0.07283702213279677
0.07323943661971831
0.07364185110663983
0.07404426559356136
0.0744466800804829
0.07484909456740442
0.07525150905432595
0.07565392354124748
0.07605633802816901
0.07645875251509053
0.08329979879275654
0.08370221327967806
0.08410462776659959
0.08450704225352113
0.08651911468812877
0.0869215291750503
0.08933601609657947
0.08973843058350099
0.09014084507042253
0.09054325955734406
0.0909456740442656
0.09416498993963782
0.09456740442655935
0.09496981891348087
0.0953722334004024
0.09577464788732394
0.09617706237424548
0.096579476861167
0.09698189134808852
0.09738430583501005
0.1271629778672032
0.12756539235412473
0.12796780684104628
0.1283702213279678
0.16498993963782696
0.16539235412474848
0.18672032193158952
0.18832997987927563
0.18873239436619718
0.1891348088531187
0.1919517102615694
0.19235412474849095
0.19275653923541247
0.193158953722334
0.1935613682092555
0.19396378269617703
0.19436619718309858
0.1947686116700201
0.24386317907444668
0.24426559356136818
0.24668008048289736
0.24708249496981888
0.24748490945674043
0.24788732394366195
0.2482897384305835
0.24869215291750502
0.24909456740442656
0.24949698189134806
0.25030181086519115
0.25191146881287724
0.25231388329979876
0.25271629778672033
0.25311871227364185
0.26881287726358144
0.269215291750503
0.26961770623742454
0.27002012072434606
0.2704225352112676
0.27283702213279676
0.2732394366197183
0.27364185110663986
0.2740442655935613
0.2744466800804829
0.2748490945674044
0.27525150905432594
0.27565392354124746
0.276056338028169
0.27645875251509056
0.276861167002012
0.2772635814889336
0.2776659959758551
0.27806841046277664
0.27847082494969816
0.27887323943661974
0.2792756539235412
0.2796780684104627
0.2800804828973843
0.2804828973843058
0.28088531187122734
0.28128772635814886
0.28169014084507044
0.2820925553319919
0.2824949698189135
0.282897384305835
0.2832997987927565
0.28370221327967804
0.29899396378269616
0.2993963782696177
0.2997987927565392
0.3002012072434607
0.3006036217303823
0.3010060362173038
0.30140845070422534
0.30181086519114686
0.3022132796780684
0.3026156941649899
0.3030181086519114
0.303420523138833
0.3038229376257545
0.30422535211267604
0.30462776659959756
0.30503018108651914
0.3054325955734406
0.3058350100603621
0.3062374245472837
0.3066398390342052
0.30704225352112674
0.30744466800804826
0.30784708249496984
0.3082494969818913
0.3086519114688129
0.3090543259557344
0.3094567404426559
0.30985915492957744
0.31026156941649896
0.31066398390342054
0.311066398390342
0.3231388329979879
0.3235412474849094
0.32394366197183094
0.3243460764587525
0.324748490945674
0.32515090543259556
0.3255533199195171
0.3259557344064386
0.3263581488933601
0.3267605633802817
0.3271629778672032
0.3275653923541247
0.32796780684104626
0.3283702213279678
0.3287726358148893
0.3291750503018108
0.3295774647887324
0.3299798792756539
0.33038229376257544
0.33078470824949696
0.3311871227364185
0.33158953722334
0.3319919517102615
0.3323943661971831
0.3327967806841046
0.33319919517102614
0.33360160965794766
0.33400402414486924
0.3344064386317907
0.3348088531187122
0.3352112676056338
0.33561368209255527
0.33601609657947684
0.33641851106639836
0.34567404426559356
0.3460764587525151
0.3464788732394366
0.3468812877263581
0.34728370221327964
0.3476861167002012
0.3480885311871227
0.34849094567404426
0.3492957746478873
0.3496981891348088
0.35010060362173034
0.3505030181086519
0.3509054325955734
0.35130784708249496
0.3517102615694165
0.352112676056338
0.3525150905432595
0.3529175050301811
0.3533199195171026
0.3537223340040241
0.35412474849094566
0.3545271629778672
0.3549295774647887
0.3553319919517102
0.3557344064386318
0.35613682092555327
0.35653923541247484
0.35694164989939636
0.3573440643863179
0.3577464788732394
0.3581488933601609
0.3585513078470825
0.35895372233400397
0.35935613682092554
0.35975855130784706
0.3601609657947686
0.3605633802816901
0.3609657947686116
0.3613682092555332
0.36177062374245467
0.36217303822937624
0.36257545271629776
0.3629778672032193
0.3633802816901408
0.3637826961770624
0.3641851106639839
0.36458752515090537
0.36498993963782694
0.36539235412474846
0.36579476861167
0.3661971830985915
0.3665995975855131
0.3670020120724346
0.3674044265593561
0.36780684104627764
0.36820925553319916
0.3686116700201207
0.3690140845070422
0.3714285714285714
0.3718309859154929
0.40080482897384306
0.4012072434607646
0.40160965794768605
0.4020120724346076
0.40241448692152915
0.40281690140845067
0.4032193158953722
0.40362173038229376
0.4040241448692153
0.4044265593561368
0.4048289738430583
0.40523138832997985
0.40563380281690137
0.4060362173038229
0.02857142857142857
0.028973843058350095
0.029376257545271626
0.02977867203219316
0.030181086519114685
0.030583501006036216
0.030985915492957743
0.031388329979879274
0.0317907444668008
0.03219315895372233
0.03380281690140845
0.03420523138832998
0.0346076458752515
0.03501006036217304
0.035412474849094565
0.03581488933601609
0.03621730382293763
0.036619718309859155
0.03702213279678068
0.03742454728370221
0.03782696177062374
0.0386317907444668
0.04185110663983903
0.04225352112676056
0.04265593561368209
0.04346076458752515
0.04386317907444667
0.053118712273641844
0.05352112676056338
0.05392354124748491
0.05432595573440643
0.05472837022132796
0.055130784708249496
0.059154929577464786
0.05955734406438632
0.06036217303822937
0.060764587525150904
0.06116700201207243
0.061569416498993966
0.06197183098591549
0.062374245472837014
0.06277665995975855
0.06559356136820925
0.06599597585513078
0.0663983903420523
0.06800804828973843
0.06841046277665996
0.06881287726358148
0.069215291750503
0.07082494969818913
0.07122736418511065
0.07162977867203218
0.08450704225352113
0.08490945674044265
0.08531187122736418
0.0857142857142857
0.08611670020120724
0.08651911468812877
0.08973843058350099
0.09014084507042253
0.09054325955734406
0.0909456740442656
0.09134808853118712
0.09496981891348087
0.09577464788732394
0.09617706237424548
0.096579476861167
0.09698189134808852
0.09738430583501005
0.12394366197183097
0.12434607645875251
0.12595573440643862
0.12635814889336017
0.1267605633802817
0.1271629778672032
0.12756539235412473
0.12796780684104628
0.1283702213279678
0.12877263581488932
0.12917505030181087
0.13440643863179072
0.13480885311871227
0.1352112676056338
0.1356136820925553
0.13601609657947686
0.13641851106639838
0.13682092555331993
0.13722334004024145
0.19154929577464788
0.1919517102615694
0.19235412474849095
0.2740442655935613
0.2744466800804829
0.2748490945674044
0.27525150905432594
0.27565392354124746
0.276056338028169
0.27645875251509056
0.276861167002012
0.2772635814889336
0.2776659959758551
0.27806841046277664
0.27847082494969816
0.27887323943661974
0.2792756539235412
0.2796780684104627
0.2800804828973843
0.2804828973843058
0.28088531187122734
0.28128772635814886
0.28169014084507044
0.2820925553319919
0.2824949698189135
0.282897384305835
0.2832997987927565
0.28370221327967804
0.28410462776659956
0.28450704225352114
0.2993963782696177
0.2997987927565392
0.3002012072434607
0.3006036217303823
0.3010060362173038
0.30140845070422534
0.30181086519114686
0.3022132796780684
0.3026156941649899
0.3030181086519114
0.303420523138833
0.3038229376257545
0.30422535211267604
0.30462776659959756
0.30503018108651914
0.3054325955734406
0.3058350100603621
0.3062374245472837
0.3066398390342052
0.30704225352112674
0.30744466800804826
0.30784708249496984
0.3082494969818913
0.3086519114688129
0.3090543259557344
0.3094567404426559
0.30985915492957744
0.31026156941649896
0.31066398390342054
0.311066398390342
0.3114688128772636
0.3118712273641851
0.3122736418511066
0.31267605633802814
0.31307847082494966
0.31348088531187124
0.3138832997987927
0.3142857142857143
0.3146881287726358
0.3150905432595573
0.31549295774647884
0.3158953722334004
0.3162977867203219
0.3167002012072434
0.317102615694165
0.3175050301810865
0.317907444668008
0.31830985915492954
0.3187122736418511
0.3191146881287726
0.31951710261569416
0.3199195171026157
0.3203219315895372
0.3207243460764587
0.32112676056338024
0.3215291750503018
0.3219315895372233
0.32233400402414486
0.3227364185110664
0.3231388329979879
0.3235412474849094
0.32394366197183094
0.3243460764587525
0.324748490945674
0.32515090543259556
0.3255533199195171
0.3259557344064386
0.3263581488933601
0.3267605633802817
0.3271629778672032
0.3275653923541247
0.32796780684104626
0.3283702213279678
0.3287726358148893
0.3291750503018108
0.3295774647887324
0.3299798792756539
0.3529175050301811
0.3533199195171026
0.3537223340040241
0.35412474849094566
0.3545271629778672
0.3549295774647887
0.3553319919517102
0.3557344064386318
0.35613682092555327
0.35653923541247484
0.3577464788732394
0.35895372233400397
0.35935613682092554
0.3601609657947686
0.3613682092555332
0.36257545271629776
0.3629778672032193
0.3633802816901408
0.3637826961770624
0.3641851106639839
0.36498993963782694
0.36539235412474846
0.36579476861167
0.3665995975855131
0.40241448692152915
0.40281690140845067
0.4032193158953722
0.40362173038229376
0.4040241448692153
0.4044265593561368
0.4048289738430583
0.40523138832997985
0.026961770623742456
0.02736418511066398
0.028973843058350095
0.029376257545271626
0.02977867203219316
0.030181086519114685
0.03340040241448692
0.03380281690140845
0.03420523138832998
0.0346076458752515
0.03501006036217304
0.035412474849094565
0.03581488933601609
0.03621730382293763
0.036619718309859155
0.03702213279678068
0.03742454728370221
0.03782696177062374
0.038229376257545265
0.0386317907444668
0.04225352112676056
0.05070422535211267
0.0511066398390342
0.05150905432595573
0.05191146881287726
0.052313883299798795
0.052716297786720316
0.05352112676056338
0.05794768611670019
0.058350100603621724
0.060764587525150904
0.06116700201207243
0.061569416498993966
0.06197183098591549
0.062374245472837014
0.06277665995975855
0.08853118712273642
0.08893360160965795
0.08933601609657947
0.08973843058350099
0.12474849094567403
0.12515090543259558
0.1255533199195171
0.12595573440643862
0.12635814889336017
0.1267605633802817
0.1271629778672032
0.12756539235412473
0.2748490945674044
0.27525150905432594
0.27565392354124746
0.276056338028169
0.27645875251509056
0.27847082494969816
0.27887323943661974
0.2792756539235412
0.2796780684104627
0.2800804828973843
0.2804828973843058
0.28088531187122734
0.28128772635814886
0.28169014084507044
0.30140845070422534
0.30181086519114686
0.3022132796780684
0.3026156941649899
0.3030181086519114
0.303420523138833
0.3038229376257545
0.30422535211267604
0.30462776659959756
0.30503018108651914
0.3054325955734406
0.3058350100603621
0.3062374245472837
0.3066398390342052
0.30704225352112674
0.30744466800804826
0.30784708249496984
0.3082494969818913
0.3086519114688129
0.3090543259557344
0.3094567404426559
0.30985915492957744
0.31026156941649896
0.31066398390342054
0.311066398390342
0.3114688128772636
0.3118712273641851
0.3122736418511066
0.31267605633802814
0.31307847082494966
0.317102615694165
0.31830985915492954
0.3187122736418511
0.31951710261569416
0.3203219315895372
0.3207243460764587
0.008048289738430582
0.008450704225352112
0.008853118712273641
0.00925553319919517
0.0096579476861167
0.07887323943661971
0.07927565392354124
0.07967806841046278
0.0800804828973843
0.08048289738430582
0.08088531187122736
0.08128772635814889
0.08169014084507042
0.08209255533199195
0.08249496981891348
0.082897384305835
0.08329979879275654
0.08370221327967806
0.08410462776659959
0.08450704225352113
0.08490945674044265
0.08531187122736418
0.0857142857142857
0.08611670020120724
0.0869215291750503
0.08732394366197183
0.12193158953722334
0.12233400402414486
0.1227364185110664
0.12313883299798793
0.12354124748490944
0.12394366197183097
0.2800804828973843
0.2804828973843058
0.28088531187122734
0.3054325955734406
0.30744466800804826
-0.0096579476861167
-0.010060362173038228
-0.010462776659959757
-0.010865191146881288
-0.011267605633802816
-0.011670020120724345
-0.012072434607645875
-0.012474849094567404
-0.012877263581488933
-0.013279678068410461
-0.01368209255533199
-0.02977867203219316
-0.030181086519114685
-0.030583501006036216
-0.030985915492957743
-0.031388329979879274
-0.03621730382293763
-0.05593561368209256
-0.05633802816901408
-0.056740442655935606
-0.05714285714285714
-0.05754527162977867
-0.07686116700201207
-0.0772635814889336
-0.07766599597585513
-0.07806841046277666
-0.07847082494969818
-0.07887323943661971
-0.07927565392354124
-0.08088531187122736
-0.08128772635814889
-0.08169014084507042
-0.08209255533199195
-0.08249496981891348
-0.082897384305835
-0.08329979879275654
-0.08370221327967806
-0.08410462776659959
-0.12233400402414486
-0.1227364185110664
-0.12313883299798793
-0.12354124748490944
-0.12394366197183097
-0.12434607645875251
-0.12474849094567403
-0.2627766599597585
-0.26317907444668004
-0.2792756539235412
-0.2796780684104627
-0.2800804828973843
-0.2804828973843058
-0.28088531187122734
-0.3038229376257545
-0.30462776659959756
-0.30503018108651914
-0.3054325955734406
-0.3058350100603621
-0.3066398390342052
-0.30704225352112674
-0.30744466800804826
-0.3090543259557344
-0.024949698189134808
-0.025352112676056335
-0.025754527162977867
-0.026156941649899398
-0.0317907444668008
-0.03219315895372233
-0.032595573440643864
-0.03299798792756539
-0.03340040241448692
-0.03380281690140845
-0.03420523138832998
-0.0346076458752515
-0.03501006036217304
-0.055130784708249496
-0.055533199195171024
-0.05593561368209256
-0.05633802816901408
-0.056740442655935606
-0.07887323943661971
-0.07927565392354124
-0.07967806841046278
-0.0800804828973843
-0.08048289738430582
-0.08088531187122736
-0.08128772635814889
-0.08169014084507042
-0.2615694164989939
-0.2619718309859155
-0.262374245472837
-0.2627766599597585
-0.27806841046277664
-0.27887323943661974
-0.2792756539235412
-0.2796780684104627
-0.2800804828973843
-0.2804828973843058
-0.28088531187122734
-0.28128772635814886
-0.28169014084507044
-0.2820925553319919
-0.2824949698189135
-0.30422535211267604
-0.30462776659959756
-0.30503018108651914
-0.3054325955734406
-0.3058350100603621
-0.3062374245472837
-0.30704225352112674
-0.30744466800804826
-0.3082494969818913
-0.3094567404426559
-0.0193158953722334
-0.019718309859154928
-0.020120724346076455
-0.022937625754527163
-0.02334004024144869
-0.023742454728370218
-0.02736418511066398
-0.027766599597585512
-0.02816901408450704
-0.02857142857142857
-0.028973843058350095
-0.029376257545271626
-0.02977867203219316
-0.030181086519114685
-0.030583501006036216
-0.030985915492957743
-0.031388329979879274
-0.0317907444668008
-0.03219315895372233
-0.032595573440643864
-0.03299798792756539
-0.03340040241448692
-0.03380281690140845
-0.03501006036217304
-0.035412474849094565
-0.060764587525150904
-0.186317907444668
-0.18672032193158952
-0.18712273641851104
-0.1875251509054326
-0.1879275653923541
-0.18832997987927563
-0.18873239436619718
-0.1891348088531187
-0.18953722334004022
-0.18993963782696174
-0.1903420523138833
-0.1907444668008048
-0.19114688128772633
-0.19154929577464788
-0.1919517102615694
-0.19235412474849095
-0.19275653923541247
-0.193158953722334
-0.1935613682092555
-0.19396378269617703
-0.19436619718309858
-0.1947686116700201
-0.19517102615694165
-0.19557344064386317
-0.1959758551307847
-0.19637826961770624
-0.19678068410462776
-0.19718309859154928
-0.1975855130784708
-0.19798792756539232
-0.19839034205231387
-0.1987927565392354
-0.19919517102615694
-0.19959758551307846
-0.19999999999999998
-0.20040241448692153
-0.20080482897384302
-0.20120724346076457
-0.2016096579476861
-0.20201207243460764
-0.20241448692152916
-0.20281690140845068
-0.20321931589537223
-0.20362173038229375
-0.2040241448692153
-0.2044265593561368
-0.20482897384305834
-0.20523138832997986
-0.20563380281690138
-0.20603621730382293
-0.20643863179074443
-0.20684104627766597
-0.2072434607645875
-0.20764587525150904
-0.20804828973843056
-0.2084507042253521
-0.20885311871227363
-0.20925553319919518
-0.20965794768611667
-0.2100603621730382
-0.21046277665995974
-0.21086519114688126
-0.2112676056338028
-0.21167002012072433
-0.21207243460764588
-0.21247484909456738
-0.21287726358148895
-0.21327967806841044
-0.21368209255533197
-0.2140845070422535
-0.21448692152917503
-0.21488933601609658
-0.21529175050301808
-0.21569416498993965
-0.21609657947686114
-0.2164989939637827
-0.21690140845070421
-0.2173038229376257
-0.21770623742454728
-0.21810865191146878
-0.21851106639839032
-0.21891348088531185
-0.2193158953722334
-0.21971830985915491
-0.22012072434607646
-0.22052313883299798
-0.22092555331991948
-0.22132796780684103
-0.22173038229376255
-0.2221327967806841
-0.22253521126760561
-0.22293762575452716
-0.22334004024144868
-0.22374245472837023
-0.22414486921529173
-0.22454728370221325
-0.2249496981891348
-0.22535211267605632
-0.22575452716297786
-0.22615694164989936
-0.22655935613682093
-0.22696177062374243
-0.22736418511066397
-0.2277665995975855
-0.22816901408450702
-0.22857142857142856
-0.22897384305835006
-0.22937625754527163
-0.22977867203219313
-0.23018108651911467
-0.2305835010060362
-0.23098591549295774
-0.23138832997987926
-0.23420523138832997
-0.26036217303822934
-0.2607645875251509
-0.26116700201207244
-0.27806841046277664
-0.27847082494969816
-0.27887323943661974
-0.2792756539235412
-0.2796780684104627
-0.2800804828973843
-0.2804828973843058
-0.28088531187122734
-0.28128772635814886
-0.28169014084507044
-0.2820925553319919
-0.3022132796780684
-0.3026156941649899
-0.3030181086519114
-0.303420523138833
-0.3038229376257545
-0.30422535211267604
-0.30462776659959756
-0.30503018108651914
-0.3054325955734406
-0.3058350100603621
-0.3062374245472837
-0.3066398390342052
-0.30704225352112674
-0.30744466800804826
-0.3082494969818913
-0.3086519114688129
-0.3094567404426559
-0.3549295774647887
-0.01851106639839034
-0.029376257545271626
-0.02977867203219316
-0.030181086519114685
-0.030583501006036216
-0.030985915492957743
-0.03983903420523139
-0.04024144869215291
-0.2587525150905432
-0.2591549295774648
-0.2595573440643863
-0.2599597585513078
-0.26036217303822934
-0.27847082494969816
-0.27887323943661974
-0.2792756539235412
-0.2796780684104627
-0.2800804828973843
-0.2804828973843058
-0.28088531187122734
-0.28128772635814886
-0.28169014084507044
-0.3002012072434607
-0.3006036217303823
-0.3010060362173038
-0.30140845070422534
-0.30181086519114686
-0.3022132796780684
-0.3026156941649899
-0.3030181086519114
-0.303420523138833
-0.3038229376257545
-0.30422535211267604
-0.30462776659959756
-0.30503018108651914
-0.3054325955734406
-0.3058350100603621
-0.3062374245472837
-0.3066398390342052
-0.30704225352112674
-0.30744466800804826
-0.30784708249496984
-0.3082494969818913
-0.3086519114688129
-0.3090543259557344
-0.3094567404426559
-0.30985915492957744
-0.3436619718309859
-0.3440643863179074
-0.34446680080482894
-0.3448692152917505
-0.345271629778672
-0.35694164989939636
-0.3609657947686116
-0.3641851106639839
-0.36579476861167
-0.9682092555331991
-0.9686116700201207
-0.9690140845070422
-0.9694164989939636
-0.9698189134808852
-0.9702213279678067
-0.9706237424547284
-0.97102615694165
-0.9714285714285714
-0.9718309859154929
-0.9722334004024145
-0.9726358148893359
-0.9730382293762575
-0.973440643863179
-0.9738430583501004
-0.9742454728370221
-0.9746478873239437
-0.9750503018108652
-0.9754527162977867
-0.9758551307847082
-0.9762575452716297
-0.9766599597585512
-0.9770623742454727
-0.9774647887323942
-0.977867203219316
-0.9782696177062374
-0.9786720321931589
-0.9790744466800805
-0.9794768611670019
-0.9798792756539234
-0.980281690140845
-0.9806841046277665
-0.981086519114688
-0.9814889336016097
-0.9818913480885312
-0.9822937625754526
-0.01408450704225352
-0.014486921529175047
-0.01488933601609658
-0.015291750503018108
-0.015694164989939637
-0.016901408450704224
-0.01730382293762575
-0.017706237424547282
-0.018108651911468814
-0.01851106639839034
-0.01891348088531187
-0.0193158953722334
-0.019718309859154928
-0.020120724346076455
-0.020925553319919514
-0.021327967806841045
-0.021730382293762576
-0.022132796780684104
-0.02253521126760563
-0.024949698189134808
-0.02977867203219316
-0.030181086519114685
-0.03581488933601609
-0.03621730382293763
-0.036619718309859155
-0.03702213279678068
-0.03782696177062374
-0.038229376257545265
-0.0386317907444668
-0.03903420523138833
-0.039436619718309855
-0.08893360160965795
-0.08933601609657947
-0.08973843058350099
-0.10060362173038229
-0.10100603621730382
-0.10140845070422534
-0.13038229376257546
-0.13078470824949695
-0.1311871227364185
-0.13158953722334002
-0.2563380281690141
-0.2567404426559356
-0.2571428571428572
-0.25754527162977864
-0.25794768611670016
-0.2595573440643863
-0.2599597585513078
-0.26036217303822934
-0.2607645875251509
-0.26116700201207244
-0.2744466800804829
-0.2748490945674044
-0.27525150905432594
-0.27565392354124746
-0.276056338028169
-0.27645875251509056
-0.2772635814889336
-0.2776659959758551
-0.27806841046277664
-0.27847082494969816
-0.27887323943661974
-0.2792756539235412
-0.2796780684104627
-0.2800804828973843
-0.2804828973843058
-0.28088531187122734
-0.28128772635814886
-0.28169014084507044
-0.2820925553319919
-0.2824949698189135
-0.282897384305835
-0.2832997987927565
-0.28370221327967804
-0.28410462776659956
-0.28450704225352114
-0.2849094567404426
-0.2853118712273642
-0.2857142857142857
-0.2861167002012072
-0.28651911468812874
-0.3022132796780684
-0.3026156941649899
-0.3030181086519114
-0.303420523138833
-0.3038229376257545
-0.30422535211267604
-0.30462776659959756
-0.30503018108651914
-0.3054325955734406
-0.3058350100603621
-0.3062374245472837
-0.3066398390342052
-0.30704225352112674
-0.30744466800804826
-0.30784708249496984
-0.3082494969818913
-0.3086519114688129
-0.3090543259557344
-0.3094567404426559
-0.30985915492957744
-0.31026156941649896
-0.31066398390342054
-0.311066398390342
-0.3114688128772636
-0.3118712273641851
-0.3122736418511066
-0.31267605633802814
-0.31307847082494966
-0.31348088531187124
-0.3138832997987927
-0.3142857142857143
-0.3146881287726358
-0.3150905432595573
-0.31549295774647884
-0.3158953722334004
-0.3162977867203219
-0.3167002012072434
-0.3496981891348088
-0.35010060362173034
-0.3505030181086519
-0.3545271629778672
-0.3549295774647887
-0.3553319919517102
-0.3641851106639839
-0.36458752515090537
-0.36498993963782694
-0.36539235412474846
-0.9983903420523138
-0.9987927565392353
-0.9991951710261568
-0.9995975855130785
-1.0
-0.02977867203219316
-0.030181086519114685
-0.030583501006036216
-0.030985915492957743
-0.031388329979879274
-0.0317907444668008
-0.03219315895372233
-0.032595573440643864
-0.05593561368209256
-0.05633802816901408
-0.06438631790744466
-0.0647887323943662
-0.06519114688128773
-0.06559356136820925
-0.07162977867203218
-0.07203219315895372
-0.07243460764587525
-0.07283702213279677
-0.07323943661971831
-0.07364185110663983
-0.07404426559356136
-0.0744466800804829
-0.07484909456740442
-0.07525150905432595
-0.07565392354124748
-0.07605633802816901
-0.07645875251509053
-0.07686116700201207
-0.0772635814889336
-0.07766599597585513
-0.08450704225352113
-0.08490945674044265
-0.08933601609657947
-0.08973843058350099
-0.09014084507042253
-0.09054325955734406
-0.0909456740442656
-0.09134808853118712
-0.09175050301810865
-0.09979879275653923
-0.10422535211267606
-0.1050301810865191
-0.10543259557344063
-0.10583501006036217
-0.10623742454728369
-0.10663983903420522
-0.10704225352112676
-0.10744466800804829
-0.10784708249496983
-0.10824949698189135
-0.10865191146881285
-0.10905432595573439
-0.10945674044265592
-0.10985915492957746
-0.11026156941649899
-0.11066398390342051
-0.11106639839034205
-0.11146881287726358
-0.11187122736418512
-0.11227364185110662
-0.11267605633802816
-0.11307847082494968
-0.11348088531187121
-0.14366197183098592
-0.14406438631790744
-0.14446680080482896
-0.1448692152917505
-0.14527162977867203
-0.14567404426559355
-0.14607645875251507
-0.14647887323943662
-0.14688128772635814
-0.14728370221327966
-0.1476861167002012
-0.27806841046277664
-0.27847082494969816
-0.27887323943661974
-0.2792756539235412
-0.2796780684104627
-0.2800804828973843
-0.2804828973843058
-0.28088531187122734
-0.28128772635814886
-0.28169014084507044
-0.2820925553319919
-0.2824949698189135
-0.282897384305835
-0.303420523138833
-0.3038229376257545
-0.30422535211267604
-0.30462776659959756
-0.30503018108651914
-0.3054325955734406
-0.3058350100603621
-0.3062374245472837
-0.3066398390342052
-0.30704225352112674
-0.30744466800804826
-0.30784708249496984
-0.3082494969818913
-0.3090543259557344
-0.3094567404426559
-0.3271629778672032
-0.3275653923541247
-0.32796780684104626
-0.3412474849094567
-0.34164989939637824
-0.3420523138832998
-0.3424547283702213
-0.3428571428571428
-0.3464788732394366
-0.3468812877263581
-0.34728370221327964
-0.3476861167002012
-0.3480885311871227
-0.34849094567404426
-0.3488933601609658
-0.3492957746478873
-0.3496981891348088
-0.35010060362173034
-0.3505030181086519
-0.3509054325955734
-0.35130784708249496
-0.3517102615694165
-0.352112676056338
-0.3525150905432595
-0.3529175050301811
-0.3533199195171026
-0.3537223340040241
-0.35412474849094566
-0.3545271629778672
-0.3549295774647887
-0.3553319919517102
-0.3557344064386318
-0.35613682092555327
-0.35653923541247484
-0.35694164989939636
-0.3573440643863179
-0.3577464788732394
-0.35935613682092554
-0.3601609657947686
-0.3605633802816901
-0.3613682092555332
-0.3629778672032193
-0.3633802816901408
-0.3637826961770624
-0.3641851106639839
-0.36458752515090537
-0.36498993963782694
-0.36539235412474846
-0.36579476861167
-0.3661971830985915
-0.3665995975855131
-0.3670020120724346
-0.03219315895372233
-0.032595573440643864
-0.03299798792756539
-0.03340040241448692
-0.03420523138832998
-0.0346076458752515
-0.047484909456740436
-0.04788732394366197
-0.06720321931589536
-0.0676056338028169
-0.06800804828973843
-0.06841046277665996
-0.06881287726358148
-0.069215291750503
-0.06961770623742454
-0.07002012072434607
-0.07042253521126761
-0.07082494969818913
-0.07122736418511065
-0.07162977867203218
-0.07203219315895372
-0.07364185110663983
-0.07404426559356136
-0.0744466800804829
-0.07484909456740442
-0.07525150905432595
-0.07565392354124748
-0.07605633802816901
-0.07645875251509053
-0.07686116700201207
-0.0772635814889336
-0.07766599597585513
-0.07806841046277666
-0.08450704225352113
-0.08490945674044265
-0.08531187122736418
-0.0857142857142857
-0.08611670020120724
-0.08651911468812877
-0.0869215291750503
-0.08732394366197183
-0.08772635814889335
-0.08812877263581488
-0.08853118712273642
-0.08893360160965795
-0.08933601609657947
-0.08973843058350099
-0.09014084507042253
-0.09054325955734406
-0.0909456740442656
-0.09134808853118712
-0.09175050301810865
-0.09215291750503017
-0.0925553319919517
-0.09295774647887323
-0.09336016096579476
-0.0937625754527163
-0.09416498993963782
-0.09456740442655935
-0.09496981891348087
-0.0953722334004024
-0.09577464788732394
-0.09617706237424548
-0.096579476861167
-0.09698189134808852
-0.09738430583501005
-0.09899396378269616
-0.0993963782696177
-0.09979879275653923
-0.10020120724346077
-0.11267605633802816
-0.11307847082494968
-0.11348088531187121
-0.11388329979879275
-0.11428571428571428
-0.11468812877263582
-0.11509054325955734
-0.11549295774647887
-0.11589537223340038
-0.11629778672032191
-0.11670020120724345
-0.11710261569416498
-0.1175050301810865
-0.11790744466800804
-0.11830985915492957
-0.11871227364185111
-0.11911468812877264
-0.11951710261569416
-0.11991951710261568
-0.1203219315895372
-0.12072434607645874
-0.12112676056338027
-0.12152917505030181
-0.12193158953722334
-0.12233400402414486
-0.1227364185110664
-0.12313883299798793
-0.14084507042253522
-0.14124748490945674
-0.14164989939637826
-0.14205231388329978
-0.14325955734406437
-0.14366197183098592
-0.14406438631790744
-0.14969818913480884
-0.15010060362173036
-0.158953722334004
-0.15935613682092556
-0.15975855130784708
-0.1601609657947686
-0.16056338028169012
-0.16096579476861164
-0.1613682092555332
-0.1617706237424547
-0.16217303822937626
-0.16257545271629778
-0.1629778672032193
-0.27847082494969816
-0.27887323943661974
-0.2792756539235412
-0.2796780684104627
-0.2800804828973843
-0.2804828973843058
-0.28088531187122734
-0.28128772635814886
-0.28169014084507044
-0.2820925553319919
-0.2824949698189135
-0.2832997987927565
-0.30422535211267604
-0.30462776659959756
-0.30503018108651914
-0.3054325955734406
-0.3066398390342052
-0.3082494969818913
-0.3086519114688129
-0.30985915492957744
-0.3549295774647887
-0.3553319919517102
-0.3557344064386318
-0.35613682092555327
-0.35653923541247484
-0.35694164989939636
-0.3605633802816901
-0.3609657947686116
-0.36217303822937624
-0.3641851106639839
-0.36458752515090537
-0.36498993963782694
-0.36579476861167
-0.3661971830985915
-0.3665995975855131
-0.3670020120724346
-0.3674044265593561
-0.36780684104627764
-0.36820925553319916
-0.029376257545271626
-0.02977867203219316
-0.06800804828973843
-0.06841046277665996
-0.06881287726358148
-0.069215291750503
-0.06961770623742454
-0.07002012072434607
-0.07042253521126761
-0.07082494969818913
-0.07122736418511065
-0.07162977867203218
-0.07203219315895372
-0.07243460764587525
-0.0744466800804829
-0.07484909456740442
-0.07525150905432595
-0.07565392354124748
-0.07605633802816901
-0.07645875251509053
-0.08933601609657947
-0.08973843058350099
-0.09014084507042253
-0.09054325955734406
-0.0909456740442656
-0.09134808853118712
-0.09175050301810865
-0.09215291750503017
-0.0925553319919517
-0.09295774647887323
-0.09336016096579476
-0.0937625754527163
-0.09416498993963782
-0.09456740442655935
-0.09496981891348087
-0.0953722334004024
-0.09577464788732394
-0.09617706237424548
-0.096579476861167
-0.11146881287726358
-0.11187122736418512
-0.11227364185110662
-0.11267605633802816
-0.11307847082494968
-0.11348088531187121
-0.11388329979879275
-0.11428571428571428
-0.11468812877263582
-0.11509054325955734
-0.11549295774647887
-0.11589537223340038
-0.11629778672032191
-0.11670020120724345
-0.11710261569416498
-0.1175050301810865
-0.11790744466800804
-0.11830985915492957
-0.11871227364185111
-0.11911468812877264
-0.11951710261569416
-0.11991951710261568
-0.1203219315895372
-0.12072434607645874
-0.12112676056338027
-0.12152917505030181
-0.2792756539235412
-0.2796780684104627
-0.2804828973843058
-0.07887323943661971
-0.07927565392354124
-0.07967806841046278
-0.0800804828973843
-0.08048289738430582
-0.08088531187122736
-0.08128772635814889
-0.08169014084507042
-0.08209255533199195
-0.08611670020120724
-0.08651911468812877
-0.0869215291750503
-0.08732394366197183
-0.08772635814889335
-0.08812877263581488
-0.08853118712273642
-0.08893360160965795
-0.08933601609657947
-0.08973843058350099
-0.09014084507042253
-0.09054325955734406
-0.0909456740442656
-0.09134808853118712
-0.09175050301810865
-0.09215291750503017
-0.0925553319919517
-0.09295774647887323
-0.09336016096579476
