0.06901509705248024
0.18523843757488617
0.23076923076923078
0.23100886652288521
0.231967409537503
0.31272465851905107
0.3553798226695423
0.35561945842319675
0.3558590941768512
0.4373352504193626
0.43757488617301704
0.4378145219266715
0.4380541576803259
0.43829379343398034
0.43853342918763477
0.43877306494128926
0.4390127006949437
0.4392523364485981
0.4394919722022526
0.43973160795590704
0.4399712437095615
0.4435657800143782
0.4438054157680326
0.44404505152168705
0.455307931943446
0.4555475676971005
0.4557872034507549
0.4560268392044093
0.4562664749580637
0.6041217349628565
0.604361370716511
0.6328780254013899
0.6331176611550444
0.6333572969086988
0.6335969326623533
0.21902707884016295
0.2645578720345076
0.264797507788162
0.29762760603882105
0.31248502276539664
0.31272465851905107
0.3129642942727055
0.31320393002635993
0.31344356578001437
0.3182362808531033
0.44021087946321596
0.4404505152168704
0.44069015097052483
0.44428468727534154
0.4488377665947759
0.4490774023484304
0.44931703810208484
0.4495566738557393
0.4497963096093937
0.4548286604361371
0.45506829618979155
0.45674574646537264
0.45698538221902707
0.4608195542774982
0.46105919003115264
0.46129882578480713
0.46153846153846156
0.6050802779774743
0.6343158399233166
0.634555475676971
0.6347951114306255
0.6350347471842799
0.6352743829379344
0.6355140186915887
0.6357536544452433
0.6359932901988977
0.6566019650131799
0.6568416007668345
0.6570812365204889
0.7052480230050323
0.7546129882578481
0.7548526240115025
0.7550922597651569
0.20297148334531512
0.2609633357296909
0.26407860052719867
0.2743829379343398
0.27462257368799425
0.27677929547088426
0.2770189312245387
0.4361370716510904
0.4363767074047448
0.43661634315839926
0.4368559789120537
0.43973160795590704
0.4399712437095615
0.44021087946321596
0.4404505152168704
0.44069015097052483
0.44092978672417926
0.44116942247783375
0.4414090582314881
0.44284687275341483
0.44452432302899597
0.4447639587826504
0.44500359453630484
0.44620177330457705
0.4464414090582315
0.446681044811886
0.4490774023484304
0.44931703810208484
0.4495566738557393
0.4500359453630482
0.45027558111670263
0.45171339563862933
0.46129882578480713
0.46153846153846156
0.461778097292116
0.46201773304577043
0.5569134914929308
0.5820752456266475
0.5823148813803021
0.5825545171339565
0.6357536544452433
0.6359932901988977
0.6573208722741434
0.6575605080277978
0.7505391804457225
0.750778816199377
0.7510184519530314
0.7512580877066859
0.7514977234603403
0.7517373592139948
0.757728253055356
0.7579678888090103
0.7582075245626648
0.7584471603163192
0.7591660675772826
0.759405703330937
0.7596453390845914
0.7598849748382459
0.7601246105919003
0.7603642463455548
0.7606038820992093
0.7608435178528637
0.7610831536065181
0.7613227893601726
0.7766594775940571
0.7768991133477116
0.7771387491013659
0.7773783848550204
0.7826503714354182
0.7828900071890726
0.783129642942727
0.7833692786963816
0.783608914450036
0.7838485502036904
0.9956865564342201
0.9959261921878744
0.15791996165827943
0.17014138509465612
0.2662353223100887
0.2753414809489576
0.2770189312245387
0.2774982027318476
0.27821710999281096
0.2784567457464654
0.31008866522885215
0.3108075724898155
0.34483584950874674
0.3453151210160556
0.41720584711238917
0.4303858135633837
0.4306254493170381
0.4361370716510904
0.4363767074047448
0.43661634315839926
0.4368559789120537
0.4373352504193626
0.4378145219266715
0.44021087946321596
0.4404505152168704
0.44069015097052483
0.44092978672417926
0.44116942247783375
0.4414090582314881
0.44164869398514256
0.44188832973879705
0.44428468727534154
0.44452432302899597
0.4447639587826504
0.44500359453630484
0.44524323028995927
0.4454828660436137
0.44620177330457705
0.4464414090582315
0.446681044811886
0.4469206805655404
0.44716031631919484
0.45147375988497485
0.45195303139228377
0.4521926671459382
0.4634555475676971
0.46369518332135157
0.463934819075006
0.46417445482866043
0.46465372633596935
0.4648933620896238
0.4651329978432782
0.5514018691588785
0.5573927630002397
0.5741672657560508
0.5744069015097053
0.5746465372633598
0.5748861730170142
0.5751258087706685
0.575365444524323
0.5756050802779774
0.575844716031632
0.5760843517852864
0.5763239875389409
0.5770428947999041
0.5772825305535586
0.5775221663072131
0.5784807093218308
0.5849508746705009
0.5851905104241553
0.5854301461778098
0.5856697819314642
0.5859094176851187
0.5861490534387731
0.588785046728972
0.5890246824826265
0.5892643182362809
0.6486939851425833
0.6489336208962377
0.6688233884495567
0.66954229571052
0.6697819314641745
0.670021567217829
0.6702612029714834
0.6705008387251378
0.6707404744787923
0.6709801102324466
0.6712197459861011
0.6896716990174935
0.6901509705248023
0.7186676252096813
0.7198658039779535
0.720105439731608
0.7203450754852625
0.7205847112389169
0.7208243469925714
0.7210639827462257
0.7213036184998802
0.7215432542535346
0.7217828900071891
0.7284926911095136
0.728732326863168
0.7289719626168224
0.7292115983704769
0.7294512341241313
0.7296908698777859
0.7299305056314402
0.7301701413850947
0.7304097771387491
0.7306494128924036
0.730889048646058
0.7311286843997125
0.731368320153367
0.7316079559070214
0.7318475916606758
0.7320872274143303
0.7323268631679847
0.7325664989216392
0.7328061346752935
0.733045770428948
0.7332854061826025
0.7335250419362569
0.7337646776899114
0.7340043134435658
0.7591660675772826
0.759405703330937
0.7596453390845914
0.7598849748382459
0.7625209681284448
0.7627606038820992
0.7630002396357537
0.7632398753894081
0.7814521926671459
0.7816918284208004
0.7819314641744549
0.7821710999281093
0.7824107356817638
0.7840881859573449
0.7843278217109992
0.7845674574646537
0.7872034507548527
0.7874430865085071
0.7876827222621615
0.7895998082913971
0.7898394440450516
0.7900790797987061
0.7903187155523604
0.7905583513060149
0.7907979870596693
0.7910376228133238
0.7912772585669783
0.8075724898154806
0.807812125569135
0.8080517613227894
0.8082913970764438
0.8106877546129884
0.8109273903666427
0.9305056314402108
0.9307452671938654
0.9309849029475198
0.9312245387011743
0.9712437095614667
0.971483345315121
0.9717229810687755
0.99352983465133
0.15768032590462497
0.20800383417205848
0.2688713156002876
0.27893601725377426
0.29115744069015104
0.31104720824346993
0.34387730649412895
0.3453151210160556
0.3462736640306734
0.3465132997843278
0.34675293553798225
0.34771147855260004
0.3479511143062545
0.34819075005990896
0.3489096573208723
0.3671219745986101
0.4296669063024204
0.4299065420560748
0.43014617780972925
0.4303858135633837
0.4306254493170381
0.43086508507069254
0.431104720824347
0.43134435657800146
0.43326144260723704
0.43350107836089147
0.43374071411454596
0.4339803498682004
0.4358974358974359
0.4361370716510904
0.4363767074047448
0.43661634315839926
0.4390127006949437
0.44524323028995927
0.4454828660436137
0.44572250179726813
0.4459621375509226
0.44620177330457705
0.4521926671459382
0.45243230289959263
0.45267193865324706
0.4529115744069015
0.4723220704529116
0.47256170620656607
0.47304097771387493
0.4739995207284927
0.4742391564821472
0.5463695183321351
0.5509225976515696
0.5511622334052241
0.5597891205367842
0.5600287562904386
0.5602683920440931
0.5605080277977474
0.5607476635514018
0.5787203450754853
0.5789599808291397
0.5791996165827942
0.5799185238437575
0.5835130601485742
0.5837526959022286
0.5839923316558832
0.5842319674095375
0.584471603163192
0.5847112389168464
0.5868679606997363
0.5871075964533908
0.5873472322070453
0.5875868679606998
0.5878265037143542
0.5880661394680087
0.588305775221663
0.6084351785286365
0.608674814282291
0.6089144500359454
0.6091540857895998
0.6093937215432542
0.6096333572969087
0.6098729930505632
0.6101126288042177
0.6103522645578721
0.6117900790797988
0.6120297148334531
0.6122693505871076
0.612508986340762
0.6666666666666667
0.6669063024203211
0.6671459381739756
0.66738557392763
0.700215672178289
0.7004553079319434
0.7006949436855979
0.7009345794392524
0.7011742151929068
0.7014138509465613
0.7016534867002157
0.7601246105919003
0.7603642463455548
0.7606038820992093
0.7620416966211359
0.7622813323747903
0.7797747423915649
0.7800143781452193
0.7802540138988737
0.7804936496525282
0.7807332854061826
0.7809729211598371
0.7812125569134915
0.7814521926671459
0.7816918284208004
0.7819314641744549
0.7821710999281093
0.7824107356817638
0.7826503714354182
0.7828900071890726
0.783129642942727
0.7833692786963816
0.783608914450036
0.7838485502036904
0.7884016295231249
0.7886412652767794
0.7888809010304337
0.7891205367840882
0.7893601725377426
0.7895998082913971
0.7898394440450516
0.8092499400910617
0.809489575844716
0.8097292115983705
0.8099688473520249
0.8102084831056794
0.8152408339324227
0.8154804696860771
0.8157201054397317
0.8454349388928829
0.8456745746465373
0.9942487419122933
0.9944883776659478
0.9947280134196024
0.9949676491732566
0.9952072849269112
0.1552839683680805
0.15552360412173497
0.15576323987538943
0.15600287562904386
0.15624251138269832
0.15648214713635275
0.15672178289000718
0.2132758207524563
0.2135154565061107
0.21375509225976516
0.231967409537503
0.2324466810448119
0.2748622094416487
0.2751018451953032
0.2753414809489576
0.27558111670261204
0.2763000239635754
0.2765396597172298
0.27677929547088426
0.3098490294751977
0.31008866522885215
0.3103283009825066
0.310567936736161
0.3182362808531033
0.32087227414330216
0.32111190989695665
0.3213515456506111
0.32854061826024444
0.3287802540138989
0.3424394919722023
0.3501078360891445
0.35034747184279896
0.3505871075964534
0.35082674335010783
0.3537023723939612
0.35418164390127005
0.35442127965492454
0.3553798226695423
0.36472561706206563
0.3649652528157201
0.36520488856937455
0.365444524323029
0.3781452192667146
0.37838485502036906
0.37862449077402355
0.4037862449077403
0.4040258806613947
0.40426551641504915
0.4045051521687036
0.4121734962856458
0.41241313203930025
0.41265276779295473
0.41289240354660917
0.4131320393002636
0.41337167505391803
0.4136113108075725
0.41385094656122695
0.4140905823148814
0.41433021806853587
0.4145698538221903
0.41480948957584474
0.41504912532949917
0.41528876108315366
0.4155283968368081
0.41576803259046247
0.41600766834411695
0.4208003834172059
0.4210400191708603
0.42127965492451475
0.4215192906781692
0.42175892643182367
0.4219985621854781
0.42223819793913253
0.422477833692787
0.42271746944644145
0.4229571052000959
0.4231967409537503
0.42343637670740475
0.4236760124610592
0.4239156482147136
0.4241552839683681
0.42439491972202253
0.4255930984902948
0.42583273424394924
0.4260723699976037
0.4263120057512581
0.4265516415049126
0.4270309130122214
0.4272705487658759
0.4282290917804937
0.4284687275341481
0.42870836328780254
0.42894799904145703
0.42918763479511146
0.4294272705487659
0.4296669063024204
0.4299065420560748
0.43014617780972925
0.4303858135633837
0.4306254493170381
0.43086508507069254
0.431104720824347
0.43134435657800146
0.4315839923316559
0.43182362808531033
0.43230289959261925
0.4325425353462737
0.4327821710999281
0.4330218068535826
0.43326144260723704
0.43350107836089147
0.43374071411454596
0.4339803498682004
0.43421998562185476
0.4344596213755092
0.4346992571291637
0.4349388928828181
0.43517852863647255
0.43541816439012704
0.43565780014378147
0.4358974358974359
0.4361370716510904
0.4363767074047448
0.43661634315839926
0.4368559789120537
0.4373352504193626
0.43757488617301704
0.43829379343398034
0.43853342918763477
0.4390127006949437
0.4392523364485981
0.4394919722022526
0.43973160795590704
0.44021087946321596
0.4404505152168704
0.44092978672417926
0.44116942247783375
0.4433261442607237
0.44500359453630484
0.44763958782650376
0.45027558111670263
0.45051521687035706
0.4529115744069015
0.453151210160556
0.4533908459142104
0.4565061107117182
0.45674574646537264
0.45698538221902707
0.45722501797268156
0.457464653726336
0.4577042894799904
0.45794392523364486
0.4598610112628804
0.4663311766115505
0.4665708123652049
0.46681044811885936
0.4742391564821472
0.47639587826503715
0.47663551401869164
0.5454109753175175
0.5456506110711719
0.5458902468248262
0.5461298825784807
0.5463695183321351
0.5466091540857896
0.5482866043613708
0.5485262401150253
0.5511622334052241
0.5514018691588785
0.5549964054636952
0.5605080277977474
0.5607476635514018
0.5609872993050563
0.5612269350587107
0.5614665708123653
0.5617062065660197
0.5619458423196741
0.5621854780733285
0.562425113826983
0.5626647495806374
0.562904385334292
0.5631440210879464
0.5633836568416009
0.5636232925952552
0.5638629283489097
0.5641025641025641
0.5643421998562185
0.5645818356098731
0.5775221663072131
0.5777618020608676
0.578001437814522
0.5782410735681764
0.5784807093218308
0.5787203450754853
0.5789599808291397
0.5791996165827942
0.5794392523364487
0.5799185238437575
0.5801581595974119
0.5823148813803021
0.5825545171339565
0.5827941528876108
0.5830337886412653
0.6057991852384376
0.606038820992092
0.6062784567457464
0.6065180924994009
0.6067577282530554
0.6069973640067099
0.6149053438773066
0.615144979630961
0.6681044811885933
0.6683441169422478
0.6685837526959023
0.6688233884495567
0.6690630242032112
0.6693026599568656
0.66954229571052
0.6697819314641745
0.670021567217829
0.6743350107836089
0.6745746465372633
0.7009345794392524
0.7011742151929068
0.7289719626168224
0.7292115983704769
0.7294512341241313
0.7296908698777859
0.7299305056314402
0.7301701413850947
0.7304097771387491
0.7306494128924036
0.7311286843997125
0.7318475916606758
0.7574886173017015
0.7814521926671459
0.7816918284208004
0.7819314641744549
0.7821710999281093
0.7824107356817638
0.7826503714354182
0.7828900071890726
0.783129642942727
0.7833692786963816
0.783608914450036
0.7838485502036904
0.7840881859573449
0.7891205367840882
0.8118859333812605
0.812125569134915
0.8123652048885694
0.8126048406422239
0.8128444763958783
0.8130841121495328
0.8133237479031872
0.8135633836568416
0.813803019410496
0.8140426551641505
0.814282290917805
0.8145219266714594
0.8147615624251139
0.8150011981787683
0.8152408339324227
0.8154804696860771
0.8157201054397317
0.8159597411933861
0.8161993769470406
0.816439012700695
0.8166786484543495
0.8169182842080038
0.8171579199616583
0.8473520249221184
0.8475916606757729
0.8684399712437095
0.868679606997364
0.8689192427510184
0.869158878504673
0.8693985142583274
0.8696381500119819
0.8698777857656362
0.8701174215192907
0.8703570572729451
0.8705966930265996
0.16918284208003836
0.2000958543014618
0.21830817157919963
0.21878744308650852
0.21902707884016295
0.24562664749580637
0.24586628324946086
0.29595015576323985
0.3067337646776899
0.3091301222142344
0.30936975796788885
0.3096093937215432
0.31008866522885215
0.32063263838964773
0.32830098250658996
0.32854061826024444
0.3493889288281812
0.34962856458183567
0.34986820033549004
0.3501078360891445
0.35034747184279896
0.3505871075964534
0.35082674335010783
0.35106637910376226
0.3563383656841601
0.35657800143781454
0.3623292595255212
0.4083393242271747
0.40857895998082916
0.41576803259046247
0.41600766834411695
0.4176851186196981
0.4179247543733525
0.4205607476635514
0.4208003834172059
0.4210400191708603
0.42127965492451475
0.42175892643182367
0.4219985621854781
0.42223819793913253
0.422477833692787
0.42271746944644145
0.4279894560268392
0.4284687275341481
0.42870836328780254
0.42894799904145703
0.42918763479511146
0.4294272705487659
0.4296669063024204
0.4299065420560748
0.43014617780972925
0.4303858135633837
0.4306254493170381
0.43086508507069254
0.431104720824347
0.43134435657800146
0.4315839923316559
0.4349388928828181
0.43517852863647255
0.43541816439012704
0.43565780014378147
0.4358974358974359
0.4361370716510904
0.4363767074047448
0.43661634315839926
0.43853342918763477
0.43877306494128926
0.44092978672417926
0.44116942247783375
0.4414090582314881
0.4421279654924515
0.4423676012461059
0.4426072369997604
0.44284687275341483
0.44308650850706927
0.4433261442607237
0.44404505152168705
0.44428468727534154
0.44452432302899597
0.4447639587826504
0.44500359453630484
0.44524323028995927
0.4454828660436137
0.44572250179726813
0.4459621375509226
0.44620177330457705
0.4464414090582315
0.446681044811886
0.4469206805655404
0.44716031631919484
0.44739995207284927
0.44763958782650376
0.4495566738557393
0.4497963096093937
0.4500359453630482
0.45027558111670263
0.45051521687035706
0.45075485262401155
0.450994488377666
0.4512341241313204
0.45147375988497485
0.45171339563862933
0.45195303139228377
0.4521926671459382
0.45243230289959263
0.45267193865324706
0.4529115744069015
0.4533908459142104
0.45363048166786485
0.45410975317517377
0.455307931943446
0.4555475676971005
0.4557872034507549
0.4560268392044093
0.46681044811885936
0.4670500838725138
0.4672897196261682
0.46752935537982265
0.46776899113347714
0.4680086268871316
0.468248262640786
0.46848789839444044
0.4687275341480949
0.46896716990174936
0.4692068056554038
0.4742391564821472
0.4744787922358016
0.5113826982985862
0.5116223340522407
0.5521207764198419
0.5530793194344596
0.5533189551881141
0.5545171339563862
0.5547567697100408
0.5549964054636952
0.5552360412173497
0.5554756769710041
0.5557153127246586
0.555954948478313
0.5571531272465852
0.5597891205367842
0.5600287562904386
0.6149053438773066
0.615144979630961
0.6153846153846154
0.6156242511382698
0.6367121974598611
0.6369518332135155
0.6371914689671699
0.6374311047208244
0.6379103762281333
0.6381500119817877
0.6383896477354422
0.6386292834890965
0.638868919242751
0.6391085549964055
0.63934819075006
0.6395878265037144
0.6398274622573689
0.6400670980110232
0.6405463695183321
0.6407860052719867
0.6410256410256411
0.6412652767792955
0.64150491253295
0.6417445482866043
0.6419841840402588
0.6422238197939133
0.6424634555475678
0.6427030913012222
0.6429427270548767
0.643182362808531
0.6434219985621855
0.6436616343158399
0.6439012700694945
0.6568416007668345
0.6570812365204889
0.6661873951593578
0.6664270309130123
0.6666666666666667
0.6693026599568656
0.66954229571052
0.6697819314641745
0.670021567217829
0.6702612029714834
0.6719386532470645
0.672178289000719
0.6724179247543733
0.6990174934100168
0.7018931224538701
0.7021327582075245
0.7023723939611791
0.7026120297148335
0.7292115983704769
0.7294512341241313
0.7296908698777859
0.7299305056314402
0.7589264318236282
0.7824107356817638
0.7826503714354182
0.7828900071890726
0.783129642942727
0.7833692786963816
0.783608914450036
0.7838485502036904
0.7840881859573449
0.7843278217109992
0.7845674574646537
0.7848070932183082
0.7850467289719627
0.7852863647256171
0.8123652048885694
0.8126048406422239
0.8128444763958783
0.8130841121495328
0.8133237479031872
0.8135633836568416
0.813803019410496
0.8140426551641505
0.814282290917805
0.8145219266714594
0.9000718907260964
0.9003115264797509
0.9005511622334053
0.9007907979870597
0.9010304337407141
0.9012700694943685
0.9015097052480231
0.9017493410016775
0.901988976755332
0.1689432063263839
0.20033549005511625
0.2180685358255452
0.21830817157919963
0.2185478073328541
0.21878744308650852
0.29523124850227656
0.3184759166067577
0.3278217109992811
0.3280613467529355
0.32830098250658996
0.34986820033549004
0.3501078360891445
0.35034747184279896
0.3505871075964534
0.35082674335010783
0.3616103522645579
0.36184998801821233
0.36208962377186676
0.3625688952791757
0.3628085310328301
0.36304816678648455
0.36328780254013904
0.36352743829379347
0.3637670740474479
0.36400670980110233
0.3642463455547568
0.3644859813084112
0.4176851186196981
0.4179247543733525
0.41816439012700696
0.4294272705487659
0.4349388928828181
0.43517852863647255
0.4414090582314881
0.44164869398514256
0.44284687275341483
0.44308650850706927
0.4433261442607237
0.4435657800143782
0.4438054157680326
0.44428468727534154
0.44452432302899597
0.4447639587826504
0.44500359453630484
0.4454828660436137
0.44572250179726813
0.4459621375509226
0.44620177330457705
0.446681044811886
0.4469206805655404
0.44716031631919484
0.44739995207284927
0.45267193865324706
0.4529115744069015
0.453151210160556
0.4533908459142104
0.45363048166786485
0.4538701174215193
0.45410975317517377
0.4543493889288282
0.45458902468248263
0.4548286604361371
0.45506829618979155
0.455307931943446
0.4739995207284927
0.4742391564821472
0.4775940570333094
0.47855260004792716
0.4792715073088905
0.47951114306254494
0.5111430625449318
0.5125808770668584
0.5128205128205129
0.5511622334052241
0.5526000479271508
0.5528396836808052
0.5530793194344596
0.5533189551881141
0.5535585909417685
0.5552360412173497
0.5557153127246586
0.5561945842319674
0.6149053438773066
0.615144979630961
0.6156242511382698
0.6158638868919243
0.6367121974598611
0.6391085549964055
0.63934819075006
0.6395878265037144
0.6398274622573689
0.6400670980110232
0.6403067337646777
0.6405463695183321
0.6407860052719867
0.6427030913012222
0.6441409058231489
0.6443805415768034
0.6446201773304577
0.6448598130841121
0.6450994488377666
0.6462976276060388
0.6465372633596933
0.6467768991133477
0.6671459381739756
0.66738557392763
0.6676252096812845
0.6678648454349388
0.6681044811885933
0.6683441169422478
0.6685837526959023
0.6688233884495567
0.6690630242032112
0.6693026599568656
0.66954229571052
0.6697819314641745
0.670021567217829
0.6702612029714834
0.6712197459861011
0.6714593817397556
0.6716990174934101
0.6719386532470645
0.672178289000719
0.6724179247543733
0.6726575605080278
0.6728971962616822
0.7026120297148335
0.702851665468488
0.7030913012221424
0.7284926911095136
0.728732326863168
0.7289719626168224
0.7292115983704769
0.7294512341241313
0.1689432063263839
0.2180685358255452
0.21830817157919963
0.2185478073328541
0.2547328061346753
0.29523124850227656
0.2966690630242032
0.2969086987778577
0.3191948238677211
0.3278217109992811
0.3280613467529355
0.36208962377186676
0.3623292595255212
0.3628085310328301
0.36304816678648455
0.36616343158399234
0.36640306733764677
0.36664270309130126
0.39683680805176136
0.4196022046489336
0.41984184040258804
0.44164869398514256
0.44188832973879705
0.453151210160556
0.4533908459142104
0.45363048166786485
0.4538701174215193
0.45410975317517377
0.4543493889288282
0.45458902468248263
0.47951114306254494
0.4797507788161994
0.4802300503235083
0.4804696860771627
0.48550203690390603
0.5219266714593818
0.5351066379103762
0.5353462736640308
0.555954948478313
0.6144260723699976
0.6146657081236521
0.6149053438773066
0.615144979630961
0.6158638868919243
0.6232925952552121
0.6242511382698298
0.6244907740234844
0.6398274622573689
0.6400670980110232
0.64150491253295
0.6460579918523844
0.6462976276060388
0.6678648454349388
0.6681044811885933
0.6683441169422478
0.6685837526959023
0.6688233884495567
0.6690630242032112
0.6693026599568656
0.670021567217829
0.6702612029714834
0.6705008387251378
0.6707404744787923
0.6709801102324466
0.6712197459861011
0.6714593817397556
0.6716990174934101
0.6719386532470645
0.6985382219027079
0.7030913012221424
0.7265756050802781
0.7268152408339325
0.7270548765875869
0.7272945123412413
0.7275341480948958
0.7277737838485502
0.7280134196022047
0.7282530553558592
0.7284926911095136
0.728732326863168
0.10615863886891924
0.168463934819075
0.16870357057272947
0.29595015576323985
0.29618979151689434
0.29762760603882105
0.3980349868200335
0.3987538940809969
0.39899352983465136
0.48382458662832495
0.48406422238197944
0.4857416726575605
0.48598130841121495
0.5207284926911094
0.6419841840402588
0.6422238197939133
0.6424634555475678
0.6427030913012222
0.6443805415768034
0.6446201773304577
0.6707404744787923
0.6709801102324466
0.6712197459861011
0.6714593817397556
0.6913491492930746
0.691588785046729
0.6935058710759645
0.693745506829619
0.6939851425832734
0.694224778336928
0.6944644140905823
0.6947040498442368
0.6949436855978912
0.6951833213515457
0.6954229571052001
0.6956625928588546
0.695902228612509
0.7253774263120057
0.7560508027797748
0.7562904385334293
0.7565300742870836
0.7567697100407381
0.7630002396357537
0.7632398753894081
0.7634795111430626
0.763719146896717
0.7639587826503715
0.7641984184040259
0.7644380541576804
0.7646776899113348
0.7649173256649893
0.7651569614186436
0.7653965971722982
0.7656362329259526
0.765875868679607
0.7661155044332615
0.7663551401869159
0.7665947759405703
0.7668344116942247
0.16870357057272947
0.17086029235561948
0.21830817157919963
0.2957105200095854
0.29595015576323985
0.29618979151689434
0.2964294272705488
0.3280613467529355
0.32854061826024444
0.34124131320393003
0.365444524323029
0.3656841600766835
0.3659237958303379
0.36616343158399234
0.36640306733764677
0.36664270309130126
0.3668823388449557
0.3671219745986101
0.3673616103522646
0.36760124610591904
0.3678408818595735
0.3841361131080757
0.3843757488617302
0.39683680805176136
0.3970764438054158
0.3973160795590703
0.4797507788161994
0.47999041456985386
0.4802300503235083
0.4804696860771627
0.4807093218308172
0.48094895758447165
0.4811885933381261
0.4835849508746705
0.4847831296429428
0.4857416726575605
0.48598130841121495
0.4876587586867961
0.4878983944404505
0.5063503474718428
0.5065899832254973
0.5068296189791517
0.5070692547328062
0.586628324946082
0.5868679606997363
0.6144260723699976
0.6146657081236521
0.6149053438773066
0.615144979630961
0.6156242511382698
0.6242511382698298
0.6244907740234844
0.6707404744787923
0.6709801102324466
0.6712197459861011
0.6714593817397556
0.6716990174934101
0.6918284208003834
0.6920680565540379
0.698058950395399
0.6982985861490535
0.7301701413850947
0.7304097771387491
-0.011981787682722261
-0.16870357057272947
-0.18475916606757728
-0.18499880182123174
-0.24323028995926194
-0.2969086987778577
-0.29762760603882105
-0.39851425832734244
-0.3987538940809969
-0.42223819793913253
-0.422477833692787
-0.48382458662832495
-0.48406422238197944
-0.4850227653965972
-0.48526240115025165
-0.48550203690390603
-0.48598130841121495
-0.4862209441648694
-0.48646057991852387
-0.5197699496764918
-0.5200095854301462
-0.5202492211838006
-0.520968128444764
-0.5214473999520729
-0.5216870357057273
-0.6436616343158399
-0.6439012700694945
-0.6441409058231489
-0.6443805415768034
-0.6707404744787923
-0.6709801102324466
-0.6712197459861011
-0.6930265995686556
-0.6932662353223101
-0.6935058710759645
-0.693745506829619
-0.6939851425832734
-0.694224778336928
-0.6944644140905823
-0.6947040498442368
-0.6949436855978912
-0.6951833213515457
-0.6954229571052001
-0.6956625928588546
-0.695902228612509
-0.6961418643661634
-0.6963815001198179
-0.6966211358734723
-0.7598849748382459
-0.7601246105919003
-0.7603642463455548
-0.7606038820992093
-0.7608435178528637
-0.7610831536065181
-0.7613227893601726
-0.761562425113827
-0.7618020608674815
-0.7620416966211359
-0.7622813323747903
-0.7625209681284448
-0.7627606038820992
-0.7630002396357537
-0.7632398753894081
-0.7634795111430626
-0.763719146896717
-0.7639587826503715
-0.7641984184040259
-0.7644380541576804
-0.882099209202013
-0.00862688713156003
-0.15504433261442607
-0.1552839683680805
-0.15552360412173497
-0.2981068775461299
-0.29834651329978434
-0.3031392283728732
-0.3033788641265277
-0.3980349868200335
-0.398274622573688
-0.39851425832734244
-0.3987538940809969
-0.39899352983465136
-0.3992331655883058
-0.39995207284926915
-0.4001917086029236
-0.400431344356578
-0.4006709801102325
-0.40091061586388693
-0.41600766834411695
-0.41720584711238917
-0.41840402588066145
-0.4186436616343159
-0.4188832973879703
-0.6427030913012222
-0.6429427270548767
-0.643182362808531
-0.6434219985621855
-0.6436616343158399
-0.6439012700694945
-0.6441409058231489
-0.7584471603163192
-0.00023963575365444525
-0.37718667625209684
-0.3946800862688713
-0.39851425832734244
-0.39899352983465136
-0.4174454828660436
-0.4179247543733525
-0.41816439012700696
-0.4188832973879703
-0.6410256410256411
-0.6412652767792955
-0.64150491253295
-0.6417445482866043
-0.6419841840402588
-0.6422238197939133
-0.6424634555475678
-0.6427030913012222
-0.6429427270548767
-0.643182362808531
-0.6434219985621855
-0.6436616343158399
-0.7574886173017015
-0.757728253055356
-0.02971483345315121
-0.029954469206805657
-0.030194104960460103
-0.11718188353702373
-0.15408578959980831
-0.15432542535346275
-0.1545650611071172
-0.1548046968607716
-0.37694704049844235
-0.3774263120057513
-0.39563862928348914
-0.396117900790798
-0.39635753654445244
-0.3965971722981069
-0.39683680805176136
-0.3970764438054158
-0.39851425832734244
-0.400431344356578
-0.4006709801102325
-0.41696621135873474
-0.41720584711238917
-0.4176851186196981
-0.5880661394680087
-0.588305775221663
-0.5885454109753175
-0.6400670980110232
-0.6403067337646777
-0.6405463695183321
-0.6407860052719867
-0.6410256410256411
-0.6412652767792955
-0.64150491253295
-0.6417445482866043
-0.6419841840402588
-0.6422238197939133
-0.6424634555475678
-0.6427030913012222
-0.6429427270548767
-0.02827701893122454
-0.028516654684878982
-0.028995926192187875
-0.02923556194584232
-0.029475197699496764
-0.02971483345315121
-0.15336688233884496
-0.1536065180924994
-0.15384615384615385
-0.15408578959980831
-0.15432542535346275
-0.1545650611071172
-0.1548046968607716
-0.3764677689911335
-0.3767074047447879
-0.37694704049844235
-0.37718667625209684
-0.3781452192667146
-0.37838485502036906
-0.37862449077402355
-0.378864126527678
-0.3791037622813324
-0.3793433980349868
-0.39372154325425357
-0.3946800862688713
-0.3949197220225258
-0.3951593577761802
-0.3958782650371436
-0.396117900790798
-0.39635753654445244
-0.3965971722981069
-0.398274622573688
-0.39995207284926915
-0.4001917086029236
-0.400431344356578
-0.41696621135873474
-0.4174454828660436
-0.4176851186196981
-0.5868679606997363
-0.5871075964533908
-0.5873472322070453
-0.5875868679606998
-0.5878265037143542
-0.5880661394680087
-0.6395878265037144
-0.6398274622573689
-0.6400670980110232
-0.6403067337646777
-0.6405463695183321
-0.6407860052719867
-0.6410256410256411
-0.6412652767792955
-0.64150491253295
-0.6417445482866043
-0.6419841840402588
-0.6422238197939133
-0.6424634555475678
-0.028037383177570097
-0.02827701893122454
-0.15168943206326385
-0.15192906781691828
-0.15216870357057274
-0.15240833932422718
-0.15264797507788164
-0.1528876108315361
-0.1531272465851905
-0.15384615384615385
-0.15408578959980831
-0.15432542535346275
-0.3745506829618979
-0.3747903187155524
-0.37502995446920684
-0.3755092259765157
-0.37574886173017014
-0.37598849748382457
-0.37622813323747906
-0.3764677689911335
-0.3767074047447879
-0.37694704049844235
-0.37718667625209684
-0.3774263120057513
-0.3776659477594057
-0.3779055835130602
-0.39228372873232686
-0.39252336448598135
-0.3927630002396358
-0.3930026359932902
-0.39539899352983465
-0.39563862928348914
-0.396117900790798
-0.3980349868200335
-0.3987538940809969
-0.3992331655883058
-0.3994728013419602
-0.3997124370956147
-0.39995207284926915
-0.4001917086029236
-0.41720584711238917
-0.586628324946082
-0.5868679606997363
-0.6381500119817877
-0.6383896477354422
-0.6386292834890965
-0.638868919242751
-0.6391085549964055
-0.63934819075006
-0.6395878265037144
-0.6398274622573689
-0.6400670980110232
-0.6403067337646777
-0.6405463695183321
-0.6407860052719867
-0.6410256410256411
-0.6412652767792955
-0.64150491253295
-0.02372393961179008
-0.1500119817876827
-0.15025161754133717
-0.15049125329499163
-0.15073088904864607
-0.15097052480230053
-0.15121016055595493
-0.1514497963096094
-0.15168943206326385
-0.15336688233884496
-0.1536065180924994
-0.15384615384615385
-0.16654684878983944
-0.1667864845434939
-0.1794871794871795
-0.17972681524083395
-0.20249221183800623
-0.20273184759166069
-0.20297148334531512
-0.20321111909896958
-0.203450754852624
-0.20369039060627847
-0.3002635993290199
-0.30050323508267435
-0.3007428708363288
-0.30098250658998327
-0.3012221423436377
-0.30146177809729213
-0.3017014138509466
-0.30194104960460105
-0.3021806853582555
-0.30242032111190986
-0.30265995686556435
-0.3028995926192188
-0.3031392283728732
-0.3033788641265277
-0.30361849988018214
-0.30385813563383657
-0.304097771387491
-0.3043374071411455
-0.3045770428947999
-0.30481667864845435
-0.30505631440210884
-0.3052959501557633
-0.3055355859094177
-0.3057752216630722
-0.30601485741672657
-0.306254493170381
-0.30649412892403544
-0.3067337646776899
-0.30697340043134436
-0.3151210160555955
-0.31536065180924994
-0.31583992331655886
-0.3160795590702133
-0.3163191948238678
-0.3165588305775222
-0.31679846633117664
-0.317038102084831
-0.3172777378384855
-0.37407141145458905
-0.37526959022286127
-0.3755092259765157
-0.37574886173017014
-0.3767074047447879
-0.37694704049844235
-0.37718667625209684
-0.3774263120057513
-0.39372154325425357
-0.6359932901988977
-0.6362329259525522
-0.6364725617062066
-0.6367121974598611
-0.6369518332135155
-0.6371914689671699
-0.6374311047208244
-0.6376707404744788
-0.6379103762281333
-0.6381500119817877
-0.6383896477354422
-0.6386292834890965
-0.638868919242751
-0.6398274622573689
-0.6400670980110232
-0.6403067337646777
-0.6405463695183321
-0.6407860052719867
-0.6410256410256411
-0.6412652767792955
-0.014857416726575605
-0.015097052480230052
-0.015336688233884496
-0.021087946321591184
-0.021327582075245627
-0.021567217828900073
-0.1370716510903427
-0.13731128684399713
-0.1375509225976516
-0.13779055835130602
-0.1466570812365205
-0.14689671699017495
-0.14713635274382939
-0.15240833932422718
-0.15264797507788164
-0.1528876108315361
-0.1531272465851905
-0.15336688233884496
-0.1536065180924994
-0.16343158399233168
-0.1636712197459861
-0.16391085549964055
-0.16415049125329498
-0.16439012700694944
-0.1646297627606039
-0.16486939851425833
-0.1651090342679128
-0.16534867002156722
-0.16558830577522168
-0.16582794152887612
-0.16606757728253055
-0.166307213036185
-0.16654684878983944
-0.20297148334531512
-0.21519290678169184
-0.22621615144979632
-0.22645578720345075
-0.2266954229571052
-0.29954469206805656
-0.299784327821711
-0.3000239635753654
-0.3002635993290199
-0.30050323508267435
-0.3007428708363288
-0.30098250658998327
-0.3012221423436377
-0.30146177809729213
-0.3017014138509466
-0.30194104960460105
-0.3021806853582555
-0.30242032111190986
-0.30265995686556435
-0.3028995926192188
-0.3031392283728732
-0.3033788641265277
-0.30361849988018214
-0.30385813563383657
-0.304097771387491
-0.3043374071411455
-0.3045770428947999
-0.30481667864845435
-0.30505631440210884
-0.3052959501557633
-0.3055355859094177
-0.3057752216630722
-0.30601485741672657
-0.306254493170381
-0.30649412892403544
-0.3067337646776899
-0.30697340043134436
-0.3072130361849988
-0.3074526719386533
-0.3141624730409777
-0.31679846633117664
-0.317038102084831
-0.3172777378384855
-0.31751737359213994
-0.3743110472082435
-0.37502995446920684
-0.37598849748382457
-0.37622813323747906
-0.3767074047447879
-0.39444045051521687
-0.3946800862688713
-0.3973160795590703
-0.40426551641504915
-0.48166786484543495
-0.4819075005990894
-0.4821471363527438
-0.4823867721063983
-0.48262640786005273
-0.48286604361370716
-0.5504433261442607
-0.5506829618979152
-0.5509225976515696
-0.5511622334052241
-0.64150491253295
-0.6417445482866043
-0.6419841840402588
-0.6422238197939133
-0.6424634555475678
-0.6427030913012222
-0.6429427270548767
-0.6896716990174935
-0.009825065899832255
-0.010064701653486701
-0.1514497963096094
-0.15168943206326385
-0.15192906781691828
-0.15216870357057274
-0.15240833932422718
-0.15264797507788164
-0.1528876108315361
-0.1531272465851905
-0.1545650611071172
-0.16343158399233168
-0.1636712197459861
-0.16391085549964055
-0.16415049125329498
-0.16439012700694944
-0.1646297627606039
-0.16486939851425833
-0.1651090342679128
-0.16534867002156722
-0.16558830577522168
-0.16582794152887612
-0.16606757728253055
-0.166307213036185
-0.16654684878983944
-0.1667864845434939
-0.16702612029714833
-0.22693505871075964
-0.3007428708363288
-0.30098250658998327
-0.3012221423436377
-0.30146177809729213
-0.3017014138509466
-0.30194104960460105
-0.3021806853582555
-0.30242032111190986
-0.30265995686556435
-0.3028995926192188
-0.3031392283728732
-0.3033788641265277
-0.30361849988018214
-0.30385813563383657
-0.304097771387491
-0.3043374071411455
-0.3045770428947999
-0.30481667864845435
-0.30505631440210884
-0.3052959501557633
-0.3055355859094177
-0.3057752216630722
-0.30601485741672657
-0.306254493170381
-0.30649412892403544
-0.3067337646776899
-0.30697340043134436
-0.3072130361849988
-0.3074526719386533
-0.3076923076923077
-0.3091301222142344
-0.30936975796788885
-0.3096093937215432
-0.3098490294751977
-0.31008866522885215
-0.3103283009825066
-0.310567936736161
-0.3108075724898155
-0.31104720824346993
-0.31128684399712436
-0.31152647975077885
-0.3160795590702133
-0.3163191948238678
-0.3165588305775222
-0.31679846633117664
-0.37071651090342683
-0.37095614665708126
-0.3711957824107357
-0.3714354181643902
-0.3716750539180446
-0.371914689671699
-0.3721543254253535
-0.3733525041936257
-0.3743110472082435
-0.3745506829618979
-0.3747903187155524
-0.39372154325425357
-0.3970764438054158
-0.4811885933381261
-0.4814282290917805
-0.48166786484543495
-0.4819075005990894
-0.4821471363527438
-0.4823867721063983
-0.6026839204409298
-0.6029235561945843
-0.6031631919482386
-0.6034028277018932
-0.6036424634555476
-0.6371914689671699
-0.6374311047208244
-0.6376707404744788
-0.6379103762281333
-0.6381500119817877
-0.6383896477354422
-0.6386292834890965
-0.638868919242751
-0.6391085549964055
-0.63934819075006
-0.6395878265037144
-0.6398274622573689
-0.6400670980110232
-0.6403067337646777
-0.6405463695183321
-0.6407860052719867
-0.6410256410256411
-0.6412652767792955
-0.64150491253295
-0.6417445482866043
-0.6419841840402588
-0.6422238197939133
-0.6424634555475678
-0.6427030913012222
-0.6429427270548767
-0.643182362808531
-0.6462976276060388
-0.6465372633596933
