0.1174792531120332
0.11773858921161826
0.11799792531120332
0.11825726141078839
0.11851659751037345
0.11877593360995851
0.12059128630705394
0.120850622406639
0.12110995850622407
0.12136929460580913
0.12162863070539419
0.12188796680497925
0.12214730290456433
0.12240663900414939
0.3599585062240664
0.36021784232365145
0.6893153526970954
0.6895746887966805
0.8399896265560166
0.11825726141078839
0.11877593360995851
0.11903526970954358
0.11929460580912862
0.11955394190871368
0.11981327800829875
0.12007261410788381
0.12033195020746888
0.12059128630705394
0.120850622406639
0.12110995850622407
0.12240663900414939
0.12266597510373445
0.14885892116182572
0.20565352697095438
0.20591286307053944
0.31613070539419086
0.316390041493776
0.3604771784232365
0.36073651452282157
0.36099585062240663
0.3612551867219917
0.36151452282157676
0.5697614107883817
0.7155082987551867
0.7157676348547718
0.820539419087137
0.15171161825726143
0.18075726141078838
0.18101659751037344
0.1812759336099585
0.18153526970954356
0.20669087136929462
0.20695020746887968
0.20980290456431536
0.23521784232365145
0.2354771784232365
0.3529564315352697
0.35321576763485474
0.35684647302904565
0.3571058091286307
0.43775933609958506
0.5739107883817428
0.5741701244813279
0.6200726141078838
0.6203319502074689
0.620591286307054
0.6602697095435685
0.6605290456431535
0.7149896265560166
0.8814834024896265
0.8820020746887967
0.8822614107883817
0.8825207468879668
0.8838174273858922
0.8840767634854773
0.8843360995850623
0.15223029045643155
0.17946058091286307
0.17971991701244813
0.1799792531120332
0.18023858921161826
0.20539419087136931
0.20591286307053944
0.20720954356846472
0.35943983402489627
0.3596991701244813
0.52048755186722
0.520746887966805
0.5573132780082988
0.5591286307053942
0.6042531120331951
0.6602697095435685
0.7728215767634854
0.7730809128630705
0.8431016597510373
0.8433609958506224
0.8436203319502075
0.8778526970954357
0.8781120331950207
0.8812240663900415
0.8814834024896265
0.8825207468879668
0.883039419087137
0.8832987551867221
0.8835580912863071
0.8838174273858922
0.8840767634854773
0.8843360995850623
0.1519709543568465
0.15223029045643155
0.18023858921161826
0.18049792531120332
0.39393153526970953
0.5119294605809128
0.5121887966804979
0.5570539419087137
0.558350622406639
0.5733921161825727
0.5736514522821577
0.5739107883817428
0.5741701244813279
0.6029564315352698
0.6514522821576764
0.6517116182572614
0.6519709543568465
0.7917531120331951
0.8145746887966805
0.850103734439834
0.8838174273858922
0.8840767634854773
0.8843360995850623
0.05575726141078838
0.15248962655601658
0.18049792531120332
0.18075726141078838
0.4190871369294606
0.4198651452282158
0.420902489626556
0.529045643153527
0.529304979253112
0.558350622406639
0.5586099585062241
0.5739107883817428
0.5741701244813279
0.6369294605809129
0.637188796680498
0.6377074688796681
0.6517116182572614
0.6519709543568465
0.6522302904564315
0.7409232365145227
0.7411825726141078
0.7414419087136929
0.7417012448132779
0.741960580912863
0.742219917012448
0.7424792531120332
0.7922717842323652
0.8843360995850623
0.8845954356846474
0.8848547717842324
0.8851141078838175
0.2603734439834025
0.2979771784232365
0.29823651452282157
0.2987551867219917
0.29901452282157676
0.6802385892116183
0.6882780082987552
0.6885373443983402
0.6887966804979253
0.6890560165975104
0.6893153526970954
0.6895746887966805
0.7090248962655601
0.7092842323651452
0.7095435684647302
0.7704875518672198
0.7707468879668049
0.77100622406639
0.771265560165975
0.7715248962655601
0.7717842323651452
0.7720435684647302
0.7723029045643153
0.7725622406639003
0.7837136929460581
0.7894190871369295
0.15015560165975103
0.15041493775933612
0.2585580912863071
0.2595954356846473
0.2598547717842324
0.26011410788381745
0.2603734439834025
0.295902489626556
0.2961618257261411
0.29642116182572614
0.2966804979253112
0.29693983402489627
0.2971991701244813
0.2974585062240664
0.29771784232365145
0.2979771784232365
0.29823651452282157
0.29849585062240663
0.6179979253112033
0.6182572614107884
0.6607883817427386
0.6610477178423236
0.6613070539419087
0.6615663900414938
0.6618257261410788
0.6620850622406639
0.6872406639004149
0.6877593360995851
0.6880186721991701
0.6882780082987552
0.6885373443983402
0.6887966804979253
0.6893153526970954
0.6895746887966805
0.6898340248962656
0.6900933609958506
0.6903526970954357
0.6906120331950207
0.7074688796680497
0.7077282157676348
0.7339211618257262
0.7341804979253113
0.7344398340248962
0.7367738589211618
0.7370331950207468
0.7393672199170124
0.7396265560165974
0.754149377593361
0.754408713692946
0.7546680497925311
0.7554460580912863
0.7575207468879668
0.757780082987552
0.758039419087137
0.7582987551867221
0.7627074688796681
0.7629668049792532
0.7632261410788382
0.7634854771784233
0.7645228215767635
0.7647821576763486
0.7650414937759337
0.7653008298755187
0.7673755186721991
0.7676348547717842
0.7678941908713692
0.7681535269709543
0.7684128630705394
0.7686721991701244
0.7689315352697095
0.7691908713692945
0.7715248962655601
0.7717842323651452
0.7720435684647302
0.7723029045643153
0.7725622406639003
0.7728215767634854
0.7782676348547718
0.7785269709543569
0.7787863070539419
0.779045643153527
0.779304979253112
0.7795643153526971
0.7798236514522822
0.7821576763485477
0.7824170124481328
0.7826763485477178
0.7829356846473029
0.783195020746888
0.783454356846473
0.7837136929460581
0.7839730290456431
0.7842323651452282
0.7844917012448133
0.7847510373443983
0.7850103734439834
0.7852697095435685
0.7855290456431535
0.7857883817427386
0.7860477178423236
0.7863070539419087
0.7865663900414938
0.7868257261410788
0.7870850622406639
0.7873443983402489
0.787603734439834
0.7878630705394191
0.7881224066390041
0.7883817427385892
0.7886410788381742
0.7889004149377594
0.7891597510373445
0.7935684647302905
0.7938278008298756
0.7940871369294606
0.7943464730290457
0.7946058091286308
0.795643153526971
0.7959024896265561
0.7961618257261411
0.7964211618257262
0.7966804979253111
0.7969398340248962
0.7971991701244813
0.7974585062240663
0.7977178423236514
0.7979771784232365
0.7982365145228215
0.7984958506224066
0.7987551867219916
0.7990145228215767
0.7992738589211618
0.7995331950207468
0.7997925311203319
0.800051867219917
0.800311203319502
0.8005705394190871
0.8008298755186721
0.8010892116182572
0.8013485477178423
0.8119813278008299
0.8122406639004149
0.8125
0.8127593360995851
0.9950726141078838
0.9953319502074689
0.995591286307054
0.995850622406639
0.9961099585062241
0.9963692946058091
0.15067427385892118
0.15093360995850624
0.1511929460580913
0.15145228215767637
0.2595954356846473
0.2603734439834025
0.26063278008298757
0.26089211618257263
0.29642116182572614
0.2966804979253112
0.29693983402489627
0.2971991701244813
0.2974585062240664
0.29771784232365145
0.2979771784232365
0.29823651452282157
0.29849585062240663
0.2987551867219917
0.6187759336099585
0.6610477178423236
0.6613070539419087
0.6615663900414938
0.6618257261410788
0.6620850622406639
0.6807572614107884
0.6875
0.6882780082987552
0.6885373443983402
0.6887966804979253
0.6900933609958506
0.6903526970954357
0.6906120331950207
0.6908713692946058
0.7082468879668049
0.70850622406639
0.708765560165975
0.7344398340248962
0.7346991701244813
0.7349585062240663
0.737551867219917
0.737811203319502
0.7398858921161825
0.7585580912863071
0.7588174273858922
0.7681535269709543
0.7684128630705394
0.7686721991701244
0.7689315352697095
0.7691908713692945
0.7725622406639003
0.7728215767634854
0.7730809128630705
0.7733402489626555
0.7743775933609959
0.7754149377593361
0.7756742738589212
0.7759336099585062
0.7780082987551867
0.7782676348547718
0.7785269709543569
0.7787863070539419
0.779045643153527
0.779304979253112
0.7795643153526971
0.7798236514522822
0.7800829875518672
0.7803423236514523
0.7806016597510373
0.7811203319502075
0.7816390041493776
0.7818983402489627
0.7821576763485477
0.7824170124481328
0.7826763485477178
0.7829356846473029
0.783195020746888
0.783454356846473
0.7837136929460581
0.7839730290456431
0.7842323651452282
0.7844917012448133
0.7847510373443983
0.7850103734439834
0.7852697095435685
0.7855290456431535
0.7857883817427386
0.7860477178423236
0.7863070539419087
0.7865663900414938
0.7868257261410788
0.7870850622406639
0.7873443983402489
0.787603734439834
0.7878630705394191
0.7881224066390041
0.7883817427385892
0.7886410788381742
0.7889004149377594
0.7891597510373445
0.7894190871369295
0.7896784232365146
0.7935684647302905
0.7938278008298756
0.7940871369294606
0.7964211618257262
0.7966804979253111
0.7969398340248962
0.7971991701244813
0.7974585062240663
0.7977178423236514
0.7979771784232365
0.7982365145228215
0.7984958506224066
0.7987551867219916
0.7990145228215767
0.8127593360995851
0.8130186721991701
0.8132780082987552
0.995850622406639
0.9961099585062241
0.9963692946058091
0.9966286307053942
0.9968879668049793
0.9971473029045643
0.05471991701244813
0.05523858921161826
0.055497925311203324
0.5285269709543569
0.5287863070539419
0.5573132780082988
0.558091286307054
0.6369294605809129
0.637188796680498
0.6403008298755187
0.6405601659751037
0.7012448132780084
0.7015041493775934
0.7017634854771785
0.7401452282157676
0.7404045643153526
0.7406639004149377
0.7409232365145227
0.7411825726141078
0.7414419087136929
0.7417012448132779
0.741960580912863
0.742219917012448
0.7424792531120332
0.29434647302904565
0.2946058091286307
0.2948651452282158
0.29512448132780084
0.2953838174273859
0.29564315352697096
0.295902489626556
0.2961618257261411
0.29642116182572614
0.3737033195020747
0.37396265560165975
0.5949170124481328
0.5951763485477178
0.5954356846473029
0.595695020746888
0.595954356846473
0.5962136929460581
0.5964730290456431
0.5967323651452282
0.6112551867219916
0.6115145228215767
0.6117738589211618
0.6120331950207468
0.6122925311203319
0.612551867219917
0.612811203319502
0.6130705394190871
0.6320020746887967
0.6322614107883817
0.6325207468879668
0.632780082987552
0.633039419087137
0.6332987551867221
0.6335580912863071
0.6338174273858922
0.6340767634854773
0.6343360995850623
0.6345954356846474
0.6571576763485477
0.6574170124481328
0.6576763485477178
0.6579356846473029
0.658195020746888
0.658454356846473
0.6587136929460581
0.6589730290456431
0.6592323651452282
0.6594917012448133
0.6597510373443983
0.6600103734439834
0.6602697095435685
0.6605290456431535
0.6849066390041494
0.6851659751037344
0.6854253112033195
0.6856846473029046
0.6859439834024896
0.6862033195020747
0.6864626556016598
0.6867219917012448
0.6869813278008299
0.6872406639004149
0.6875
0.6877593360995851
0.6880186721991701
0.7370331950207468
0.7372925311203319
0.737551867219917
0.737811203319502
0.7380705394190871
0.7632261410788382
0.7642634854771785
0.7645228215767635
0.7647821576763486
0.7650414937759337
0.7653008298755187
0.7655601659751037
0.7658195020746887
0.7660788381742738
0.7663381742738589
0.7948651452282158
0.7951244813278009
0.795383817427386
-0.0741701244813278
-0.07442946058091286
-0.07468879668049792
-0.07494813278008298
-0.07520746887966806
-0.07546680497925312
-0.07572614107883818
-0.42193983402489627
-0.4221991701244813
-0.4224585062240664
-0.42271784232365145
-0.4229771784232365
-0.42323651452282157
-0.5933609958506224
-0.5936203319502075
-0.5938796680497925
-0.5941390041493776
-0.5943983402489627
-0.5946576763485477
-0.5949170124481328
-0.5951763485477178
-0.5954356846473029
-0.595695020746888
-0.595954356846473
-0.5962136929460581
-0.5964730290456431
-0.5967323651452282
-0.6096991701244813
-0.6099585062240663
-0.6102178423236514
-0.6104771784232365
-0.6107365145228215
-0.6109958506224066
-0.6112551867219916
-0.6115145228215767
-0.6117738589211618
-0.6120331950207468
-0.6122925311203319
-0.612551867219917
-0.612811203319502
-0.6312240663900415
-0.6314834024896265
-0.6317427385892116
-0.6320020746887967
-0.6322614107883817
-0.6325207468879668
-0.6335580912863071
-0.6338174273858922
-0.6340767634854773
-0.6343360995850623
-0.6345954356846474
-0.6348547717842324
-0.6563796680497925
-0.6566390041493776
-0.6568983402489627
-0.6571576763485477
-0.6574170124481328
-0.6576763485477178
-0.6579356846473029
-0.658195020746888
-0.658454356846473
-0.6587136929460581
-0.6589730290456431
-0.6592323651452282
-0.6594917012448133
-0.6597510373443983
-0.6600103734439834
-0.6602697095435685
-0.6838692946058091
-0.6841286307053942
-0.6843879668049793
-0.6846473029045643
-0.6849066390041494
-0.6851659751037344
-0.6854253112033195
-0.6856846473029046
-0.6859439834024896
-0.6862033195020747
-0.6864626556016598
-0.6867219917012448
-0.6872406639004149
-0.6875
-0.6877593360995851
-0.6880186721991701
-0.7346991701244813
-0.7349585062240663
-0.7352178423236514
-0.7354771784232365
-0.7357365145228215
-0.7359958506224066
-0.7362551867219916
-0.7365145228215767
-0.7367738589211618
-0.7370331950207468
-0.7372925311203319
-0.737551867219917
-0.7645228215767635
-0.7647821576763486
-0.07339211618257262
-0.07365145228215768
-0.07391078838174274
-0.0741701244813278
-0.07442946058091286
-0.07468879668049792
-0.07494813278008298
-0.07520746887966806
-0.40119294605809125
-0.4014522821576763
-0.40171161825726137
-0.40197095435684643
-0.4022302904564315
-0.4203838174273859
-0.42064315352697096
-0.420902489626556
-0.4211618257261411
-0.42142116182572614
-0.4216804979253112
-0.42193983402489627
-0.4221991701244813
-0.4224585062240664
-0.42271784232365145
-0.4229771784232365
-0.5910269709543569
-0.5912863070539419
-0.591545643153527
-0.591804979253112
-0.5920643153526971
-0.5923236514522822
-0.5925829875518672
-0.5928423236514523
-0.5931016597510373
-0.5933609958506224
-0.5936203319502075
-0.5938796680497925
-0.5941390041493776
-0.5946576763485477
-0.5951763485477178
-0.5954356846473029
-0.595695020746888
-0.595954356846473
-0.5962136929460581
-0.5980290456431535
-0.5982883817427386
-0.5985477178423236
-0.6014004149377594
-0.6016597510373445
-0.6019190871369295
-0.6021784232365146
-0.6084024896265561
-0.6086618257261411
-0.6089211618257262
-0.6091804979253113
-0.6094398340248962
-0.6096991701244813
-0.6099585062240663
-0.6102178423236514
-0.6104771784232365
-0.6107365145228215
-0.6109958506224066
-0.6112551867219916
-0.6115145228215767
-0.6117738589211618
-0.6120331950207468
-0.6185165975103735
-0.6192946058091287
-0.6231846473029046
-0.6234439834024896
-0.6237033195020747
-0.6247406639004149
-0.6252593360995851
-0.6255186721991701
-0.6301867219917012
-0.6304460580912863
-0.6307053941908713
-0.6309647302904564
-0.6314834024896265
-0.6317427385892116
-0.633039419087137
-0.6332987551867221
-0.6335580912863071
-0.6338174273858922
-0.6340767634854773
-0.6343360995850623
-0.6553423236514523
-0.6556016597510373
-0.6558609958506224
-0.6561203319502075
-0.6563796680497925
-0.6566390041493776
-0.6568983402489627
-0.6571576763485477
-0.6574170124481328
-0.6576763485477178
-0.6579356846473029
-0.658195020746888
-0.658454356846473
-0.6587136929460581
-0.6589730290456431
-0.6592323651452282
-0.6594917012448133
-0.6597510373443983
-0.683091286307054
-0.683350622406639
-0.6836099585062241
-0.6838692946058091
-0.6841286307053942
-0.6843879668049793
-0.6846473029045643
-0.6849066390041494
-0.6851659751037344
-0.6854253112033195
-0.6856846473029046
-0.6867219917012448
-0.6869813278008299
-0.6872406639004149
-0.7339211618257262
-0.7341804979253113
-0.7344398340248962
-0.7349585062240663
-0.7352178423236514
-0.7354771784232365
-0.7357365145228215
-0.7359958506224066
-0.7362551867219916
-0.7365145228215767
-0.06198132780082987
-0.06224066390041494
-0.07339211618257262
-0.07365145228215768
-0.07572614107883818
-0.07598547717842324
-0.07624481327800829
-0.07650414937759335
-0.07676348547717841
-0.07702282157676348
-0.07728215767634855
-0.07754149377593361
-0.07780082987551867
-0.07806016597510373
-0.0783195020746888
-0.21239626556016597
-0.21265560165975103
-0.21291493775933612
-0.21317427385892118
-0.3010892116182573
-0.33428423236514526
-0.3345435684647303
-0.3635892116182573
-0.37318464730290457
-0.37344398340248963
-0.3737033195020747
-0.37396265560165975
-0.39470954356846477
-0.39496887966804983
-0.3952282157676349
-0.39548755186721996
-0.395746887966805
-0.4006742738589211
-0.4009336099585062
-0.40119294605809125
-0.4014522821576763
-0.40171161825726137
-0.40197095435684643
-0.4022302904564315
-0.4024896265560166
-0.40274896265560167
-0.40300829875518673
-0.4032676348547718
-0.4110477178423237
-0.41130705394190875
-0.4115663900414938
-0.4118257261410789
-0.41208506224066394
-0.412344398340249
-0.41260373443983406
-0.4128630705394191
-0.4131224066390042
-0.41338174273858924
-0.41856846473029047
-0.41882780082987553
-0.4190871369294606
-0.41934647302904565
-0.4196058091286307
-0.4198651452282158
-0.4224585062240664
-0.5775414937759337
-0.5778008298755187
-0.5780601659751037
-0.5783195020746887
-0.5785788381742738
-0.5788381742738589
-0.5879149377593361
-0.5881742738589212
-0.5884336099585062
-0.5886929460580913
-0.5889522821576764
-0.5892116182572614
-0.5894709543568465
-0.5897302904564315
-0.5899896265560166
-0.5902489626556017
-0.5905082987551867
-0.5907676348547718
-0.5910269709543569
-0.5912863070539419
-0.591545643153527
-0.591804979253112
-0.5920643153526971
-0.5923236514522822
-0.5925829875518672
-0.5928423236514523
-0.5931016597510373
-0.5933609958506224
-0.5936203319502075
-0.5938796680497925
-0.5941390041493776
-0.5943983402489627
-0.5946576763485477
-0.5949170124481328
-0.5951763485477178
-0.5954356846473029
-0.595695020746888
-0.595954356846473
-0.5967323651452282
-0.5969917012448133
-0.5972510373443983
-0.5975103734439834
-0.5977697095435685
-0.5980290456431535
-0.5982883817427386
-0.5985477178423236
-0.5988070539419087
-0.5990663900414938
-0.5993257261410788
-0.5995850622406639
-0.5998443983402489
-0.600103734439834
-0.6003630705394191
-0.6006224066390041
-0.6008817427385892
-0.6011410788381742
-0.6014004149377594
-0.6016597510373445
-0.6019190871369295
-0.6021784232365146
-0.6024377593360997
-0.6060684647302905
-0.6063278008298756
-0.6065871369294606
-0.6068464730290457
-0.6071058091286308
-0.6073651452282158
-0.6076244813278009
-0.607883817427386
-0.608143153526971
-0.6084024896265561
-0.6086618257261411
-0.6089211618257262
-0.6091804979253113
-0.6094398340248962
-0.6096991701244813
-0.6099585062240663
-0.6102178423236514
-0.6104771784232365
-0.6107365145228215
-0.6109958506224066
-0.6112551867219916
-0.6115145228215767
-0.6117738589211618
-0.6120331950207468
-0.6122925311203319
-0.612551867219917
-0.612811203319502
-0.6130705394190871
-0.6187759336099585
-0.6190352697095436
-0.6216286307053942
-0.6218879668049793
-0.6221473029045643
-0.6224066390041494
-0.6226659751037344
-0.6229253112033195
-0.6231846473029046
-0.6234439834024896
-0.6237033195020747
-0.6239626556016598
-0.6242219917012448
-0.6244813278008299
-0.6247406639004149
-0.625
-0.6252593360995851
-0.6255186721991701
-0.6281120331950207
-0.6283713692946058
-0.6286307053941909
-0.6288900414937759
-0.6309647302904564
-0.6312240663900415
-0.6314834024896265
-0.6317427385892116
-0.6320020746887967
-0.6322614107883817
-0.6325207468879668
-0.632780082987552
-0.633039419087137
-0.6332987551867221
-0.6335580912863071
-0.6338174273858922
-0.6340767634854773
-0.6343360995850623
-0.6550829875518672
-0.6558609958506224
-0.6561203319502075
-0.6563796680497925
-0.6566390041493776
-0.6568983402489627
-0.6571576763485477
-0.6574170124481328
-0.6576763485477178
-0.6579356846473029
-0.658195020746888
-0.658454356846473
-0.6587136929460581
-0.6589730290456431
-0.6680497925311204
-0.6683091286307055
-0.6685684647302905
-0.6688278008298756
-0.6690871369294606
-0.6693464730290457
-0.6696058091286308
-0.6698651452282158
-0.6701244813278009
-0.670383817427386
-0.670643153526971
-0.6709024896265561
-0.6711618257261411
-0.6820539419087137
-0.6823132780082988
-0.6825726141078838
-0.6828319502074689
-0.683091286307054
-0.683350622406639
-0.6836099585062241
-0.6838692946058091
-0.6841286307053942
-0.6843879668049793
-0.6846473029045643
-0.6849066390041494
-0.6851659751037344
-0.6854253112033195
-0.6856846473029046
-0.6859439834024896
-0.6862033195020747
-0.6864626556016598
-0.6867219917012448
-0.6869813278008299
-0.6872406639004149
-0.6875
-0.6877593360995851
-0.6880186721991701
-0.6882780082987552
-0.7012448132780084
-0.7015041493775934
-0.7017634854771785
-0.7020228215767635
-0.7022821576763486
-0.7025414937759337
-0.7028008298755187
-0.7030601659751037
-0.7033195020746887
-0.7051348547717842
-0.7053941908713692
-0.7056535269709543
-0.7116182572614108
-0.7118775933609959
-0.7121369294605809
-0.7160269709543569
-0.7162863070539419
-0.716545643153527
-0.716804979253112
-0.7170643153526971
-0.733143153526971
-0.7339211618257262
-0.7341804979253113
-0.7344398340248962
-0.7346991701244813
-0.7349585062240663
-0.7352178423236514
-0.7354771784232365
-0.7476659751037344
-0.7479253112033195
-0.7481846473029046
-0.7852697095435685
-0.7855290456431535
-0.7857883817427386
-0.7860477178423236
-0.7863070539419087
-0.7865663900414938
-0.7868257261410788
-0.7870850622406639
-0.7873443983402489
-0.787603734439834
-0.7878630705394191
-0.7881224066390041
-0.7883817427385892
-0.7886410788381742
-0.7889004149377594
-0.7891597510373445
-0.06224066390041494
-0.0625
-0.07546680497925312
-0.07572614107883818
-0.07598547717842324
-0.07624481327800829
-0.07780082987551867
-0.07806016597510373
-0.0783195020746888
-0.1353734439834025
-0.13563278008298757
-0.13589211618257263
-0.1361514522821577
-0.13641078838174275
-0.13667012448132781
-0.16312240663900415
-0.16338174273858921
-0.16364107883817428
-0.16390041493775934
-0.1641597510373444
-0.16441908713692946
-0.3023858921161826
-0.30886929460580914
-0.31613070539419086
-0.33376556016597514
-0.362551867219917
-0.36281120331950206
-0.37188796680497926
-0.3721473029045643
-0.3724066390041494
-0.37266597510373445
-0.3729253112033195
-0.37318464730290457
-0.37344398340248963
-0.3737033195020747
-0.37396265560165975
-0.3742219917012448
-0.3744813278008299
-0.38252074688796683
-0.38278008298755184
-0.3830394190871369
-0.38329875518672196
-0.3952282157676349
-0.39548755186721996
-0.395746887966805
-0.3988589211618257
-0.39911825726141076
-0.4009336099585062
-0.40119294605809125
-0.4014522821576763
-0.40171161825726137
-0.40197095435684643
-0.4022302904564315
-0.4024896265560166
-0.40274896265560167
-0.40300829875518673
-0.4032676348547718
-0.40352697095435686
-0.4037863070539419
-0.40897302904564314
-0.40949170124481327
-0.40975103734439833
-0.4100103734439834
-0.4102697095435685
-0.41052904564315357
-0.41078838174273863
-0.4110477178423237
-0.41130705394190875
-0.4115663900414938
-0.4118257261410789
-0.41208506224066394
-0.412344398340249
-0.41260373443983406
-0.4128630705394191
-0.4131224066390042
-0.41338174273858924
-0.4136410788381743
-0.41701244813278004
-0.4172717842323651
-0.41753112033195017
-0.41856846473029047
-0.41882780082987553
-0.4190871369294606
-0.41934647302904565
-0.4196058091286307
-0.4198651452282158
-0.42012448132780084
-0.4203838174273859
-0.42064315352697096
-0.4836618257261411
-0.5759854771784233
-0.5762448132780084
-0.5765041493775934
-0.5767634854771785
-0.5770228215767635
-0.5772821576763486
-0.5775414937759337
-0.5778008298755187
-0.5780601659751037
-0.5783195020746887
-0.5785788381742738
-0.5860995850622406
-0.5863589211618258
-0.5866182572614108
-0.5868775933609959
-0.5871369294605809
-0.587396265560166
-0.5876556016597511
-0.5879149377593361
-0.5881742738589212
-0.5884336099585062
-0.5886929460580913
-0.5889522821576764
-0.5892116182572614
-0.5894709543568465
-0.5897302904564315
-0.5899896265560166
-0.5902489626556017
-0.5905082987551867
-0.5907676348547718
-0.5910269709543569
-0.5912863070539419
-0.591545643153527
-0.591804979253112
-0.5920643153526971
-0.5923236514522822
-0.5925829875518672
-0.5928423236514523
-0.5931016597510373
-0.5933609958506224
-0.5936203319502075
-0.5938796680497925
-0.5941390041493776
-0.5943983402489627
-0.5946576763485477
-0.5949170124481328
-0.5951763485477178
-0.5954356846473029
-0.595695020746888
-0.595954356846473
-0.5962136929460581
-0.5964730290456431
-0.5967323651452282
-0.5969917012448133
-0.5972510373443983
-0.5975103734439834
-0.5977697095435685
-0.5980290456431535
-0.5982883817427386
-0.5985477178423236
-0.5988070539419087
-0.5990663900414938
-0.5993257261410788
-0.5995850622406639
-0.5998443983402489
-0.600103734439834
-0.6003630705394191
-0.6006224066390041
-0.6008817427385892
-0.6011410788381742
-0.6014004149377594
-0.6016597510373445
-0.6019190871369295
-0.6021784232365146
-0.6024377593360997
-0.6026970954356847
-0.6029564315352698
-0.6032157676348548
-0.6034751037344399
-0.603734439834025
-0.60399377593361
-0.6042531120331951
-0.6045124481327802
-0.6047717842323652
-0.6065871369294606
-0.6068464730290457
-0.6071058091286308
-0.6073651452282158
-0.6076244813278009
-0.608143153526971
-0.6084024896265561
-0.6086618257261411
-0.6089211618257262
-0.6091804979253113
-0.6094398340248962
-0.6096991701244813
-0.6099585062240663
-0.6102178423236514
-0.6104771784232365
-0.6107365145228215
-0.6109958506224066
-0.6112551867219916
-0.6115145228215767
-0.6117738589211618
-0.6120331950207468
-0.6122925311203319
-0.612551867219917
-0.612811203319502
-0.6130705394190871
-0.6133298755186721
-0.6135892116182572
-0.6138485477178423
-0.6141078838174273
-0.6213692946058091
-0.6216286307053942
-0.6218879668049793
-0.6221473029045643
-0.6224066390041494
-0.6226659751037344
-0.6229253112033195
-0.6231846473029046
-0.6234439834024896
-0.6237033195020747
-0.6239626556016598
-0.6242219917012448
-0.6244813278008299
-0.6247406639004149
-0.625
-0.6252593360995851
-0.6255186721991701
-0.6257780082987552
-0.6268153526970954
-0.6270746887966805
-0.6273340248962656
-0.6275933609958506
-0.6278526970954357
-0.6281120331950207
-0.6283713692946058
-0.6312240663900415
-0.6314834024896265
-0.6317427385892116
-0.6320020746887967
-0.6325207468879668
-0.632780082987552
-0.633039419087137
-0.6332987551867221
-0.6335580912863071
-0.6338174273858922
-0.6517116182572614
-0.6519709543568465
-0.6670124481327802
-0.6672717842323652
-0.6675311203319503
-0.6677904564315353
-0.6680497925311204
-0.6683091286307055
-0.6685684647302905
-0.6688278008298756
-0.6690871369294606
-0.6693464730290457
-0.6696058091286308
-0.6698651452282158
-0.670383817427386
-0.6747925311203319
-0.675051867219917
-0.675311203319502
-0.6755705394190871
-0.6812759336099585
-0.6815352697095436
-0.6817946058091287
-0.6820539419087137
-0.6823132780082988
-0.6825726141078838
-0.6828319502074689
-0.683091286307054
-0.683350622406639
-0.6836099585062241
-0.6838692946058091
-0.6841286307053942
-0.6843879668049793
-0.6846473029045643
-0.6849066390041494
-0.6851659751037344
-0.6854253112033195
-0.6856846473029046
-0.6872406639004149
-0.6875
-0.7012448132780084
-0.7015041493775934
-0.7017634854771785
-0.7020228215767635
-0.7022821576763486
-0.7025414937759337
-0.7028008298755187
-0.7030601659751037
-0.7033195020746887
-0.7035788381742738
-0.7038381742738589
-0.7040975103734439
-0.704356846473029
-0.704616182572614
-0.7048755186721991
-0.7051348547717842
-0.7113589211618258
-0.7152489626556017
-0.7155082987551867
-0.7157676348547718
-0.7160269709543569
-0.7321058091286308
-0.7323651452282158
-0.7326244813278009
-0.732883817427386
-0.733143153526971
-0.7334024896265561
-0.7336618257261411
-0.7339211618257262
-0.7341804979253113
-0.7344398340248962
-0.7346991701244813
-0.7349585062240663
-0.04979253112033195
-0.05005186721991701
-0.050311203319502076
-0.05057053941908714
-0.0508298755186722
-0.05108921161825726
-0.05134854771784233
-0.05160788381742739
-0.13433609958506224
-0.1345954356846473
-0.13485477178423239
-0.13511410788381745
-0.1353734439834025
-0.13563278008298757
-0.3669605809128631
-0.37188796680497926
-0.3721473029045643
-0.3724066390041494
-0.37266597510373445
-0.3729253112033195
-0.37318464730290457
-0.37344398340248963
-0.37603734439834025
-0.3762966804979253
-0.37655601659751037
-0.37681535269709543
-0.3770746887966805
-0.37733402489626555
-0.3814834024896266
-0.38174273858921165
-0.3988589211618257
-0.39911825726141076
-0.3993775933609958
-0.3996369294605809
-0.39989626556016594
-0.400155601659751
-0.40041493775933606
-0.4006742738589211
-0.4009336099585062
-0.40119294605809125
-0.4014522821576763
-0.40171161825726137
-0.40197095435684643
-0.4022302904564315
-0.4118257261410789
-0.41208506224066394
-0.412344398340249
-0.41260373443983406
-0.41441908713692943
-0.4146784232365145
-0.41493775933609955
-0.4151970954356846
-0.4159751037344398
-0.41623443983402486
-0.416753112033195
-0.4172717842323651
-0.41753112033195017
-0.41779045643153523
-0.4180497925311203
-0.4183091286307054
-0.41856846473029047
-0.41882780082987553
-0.4190871369294606
-0.41934647302904565
-0.4196058091286307
-0.4198651452282158
-0.42012448132780084
-0.4242738589211618
-0.5394190871369295
-0.5396784232365146
-0.5448651452282158
-0.5451244813278009
-0.5853215767634854
-0.5855809128630705
-0.5858402489626555
-0.5860995850622406
-0.5863589211618258
-0.5866182572614108
-0.5868775933609959
-0.5871369294605809
-0.587396265560166
-0.5876556016597511
-0.5879149377593361
-0.5933609958506224
-0.5990663900414938
-0.5993257261410788
-0.5995850622406639
-0.5998443983402489
-0.600103734439834
-0.6003630705394191
-0.6006224066390041
-0.6008817427385892
-0.6011410788381742
-0.6014004149377594
-0.6016597510373445
-0.6019190871369295
-0.6052904564315353
-0.6086618257261411
-0.6089211618257262
-0.6091804979253113
-0.6094398340248962
-0.6231846473029046
-0.6234439834024896
-0.6237033195020747
-0.6239626556016598
-0.6242219917012448
-0.6301867219917012
-0.6304460580912863
-0.6307053941908713
-0.6309647302904564
-0.6312240663900415
-0.6314834024896265
-0.6317427385892116
-0.6320020746887967
-0.6322614107883817
-0.6325207468879668
-0.632780082987552
-0.633039419087137
-0.646265560165975
-0.6465248962655601
-0.6467842323651452
-0.6470435684647302
-0.6473029045643153
-0.6475622406639003
-0.6478215767634854
-0.6784232365145227
-0.6786825726141078
-0.6789419087136929
-0.6804979253112033
-0.6807572614107884
-0.7406639004149377
-0.7409232365145227
-0.7411825726141078
-0.7414419087136929
-0.8054979253112033
-0.8057572614107884
-0.8060165975103735
-0.8062759336099585
-0.0038900414937759337
-0.03163900414937759
-0.041753112033195025
-0.04201244813278008
-0.04227178423236514
-0.057831950207468875
-0.05809128630705394
-0.058350622406639005
-0.07261410788381742
-0.07287344398340248
-0.07313278008298754
-0.07365145228215768
-0.108402489626556
-0.10866182572614108
-0.10892116182572614
-0.1091804979253112
-0.10969917012448133
-0.10995850622406639
-0.11021784232365145
-0.11047717842323652
-0.11073651452282159
-0.13433609958506224
-0.15145228215767637
-0.15171161825726143
-0.1519709543568465
-0.15223029045643155
-0.1786825726141079
-0.17894190871369295
-0.179201244813278
-0.17946058091286307
-0.18075726141078838
-0.18101659751037344
-0.19242738589211617
-0.21473029045643155
-0.27308091286307057
-0.27334024896265563
-0.27359958506224064
-0.2738589211618257
-0.27411825726141076
-0.2743775933609958
-0.3096473029045643
-0.31846473029045647
-0.3187240663900415
-0.3189834024896266
-0.31924273858921165
-0.3195020746887967
-0.3677385892116182
-0.3679979253112033
-0.36825726141078835
-0.3685165975103734
-0.3687759336099585
-0.36903526970954353
-0.3830394190871369
-0.40949170124481327
-0.40975103734439833
-0.4100103734439834
-0.4102697095435685
-0.41052904564315357
-0.41078838174273863
-0.4110477178423237
-0.4128630705394191
-0.4131224066390042
-0.41338174273858924
-0.4136410788381743
-0.41390041493775936
-0.41415975103734437
-0.41441908713692943
-0.4146784232365145
-0.41493775933609955
-0.4151970954356846
-0.4154564315352697
-0.4862551867219917
-0.48651452282157676
-0.4867738589211618
-0.4870331950207469
-0.48729253112033194
-0.487551867219917
-0.5845435684647302
-0.5848029045643153
-0.5850622406639003
-0.6200726141078838
-0.6491182572614108
-0.6519709543568465
-0.6522302904564315
-0.6524896265560166
-0.6789419087136929
-0.6792012448132779
-0.6890560165975104
-0.6893153526970954
-0.6895746887966805
-0.6947614107883817
-0.7002074688796681
-0.7004668049792532
-0.7007261410788382
-0.7009854771784233
-0.7012448132780084
-0.7015041493775934
-0.7048755186721991
-0.7051348547717842
-0.7401452282157676
-0.7404045643153526
-0.7406639004149377
-0.7409232365145227
-0.7411825726141078
-0.7723029045643153
-0.7725622406639003
-0.7728215767634854
-0.7730809128630705
-0.7759336099585062
-0.7761929460580913
-0.7764522821576764
-0.8029045643153526
-0.8031639004149377
-0.8034232365145227
-0.8036825726141078
-0.8039419087136929
-0.8042012448132779
-0.804460580912863
-0.804719917012448
-0.8049792531120332
-0.8825207468879668
-0.032157676348547715
-0.07053941908713693
-0.07079875518672199
-0.13355809128630705
-0.1338174273858921
-0.13589211618257263
-0.1361514522821577
-0.13641078838174275
-0.13667012448132781
-0.13900414937759337
-0.13926348547717843
-0.13978215767634855
-0.14756224066390042
-0.14782157676348548
-0.158195020746888
-0.15845435684647305
-0.1587136929460581
-0.15975103734439836
-0.1737551867219917
-0.18957468879668052
-0.18983402489626558
-0.19009336099585064
-0.19164937759336098
-0.19190871369294604
-0.1921680497925311
-0.19242738589211617
-0.19268672199170123
-0.19994813278008297
-0.20020746887966803
-0.2004668049792531
-0.20306016597510373
-0.2033195020746888
-0.20357883817427386
-0.20383817427385892
-0.20409751037344398
-0.20435684647302904
-0.3239107883817427
-0.32417012448132776
-0.3244294605809129
-0.32468879668049794
-0.324948132780083
-0.32520746887966806
-0.3254668049792531
-0.3257261410788382
-0.32598547717842324
-0.3262448132780083
-0.3578838174273859
-0.35814315352697096
-0.358402489626556
-0.3586618257261411
-0.35892116182572614
-0.3591804979253112
-0.35943983402489627
-0.3596991701244813
-0.3599585062240664
-0.36021784232365145
-0.3604771784232365
-0.36073651452282157
-0.36099585062240663
-0.3612551867219917
-0.36151452282157676
-0.3617738589211618
-0.3620331950207469
-0.3630705394190871
-0.36332987551867224
-0.3635892116182573
-0.36384854771784236
-0.36540456431535273
-0.3656639004149378
-0.3672199170124481
-0.36747925311203317
-0.3677385892116182
-0.3679979253112033
-0.36825726141078835
-0.3685165975103734
-0.3687759336099585
-0.36903526970954353
-0.3692946058091286
-0.36955394190871366
-0.3698132780082987
-0.3700726141078838
-0.37033195020746884
-0.3705912863070539
-0.37136929460580914
-0.3716286307053942
-0.37188796680497926
-0.3721473029045643
-0.3762966804979253
-0.37655601659751037
-0.37681535269709543
-0.3770746887966805
-0.37733402489626555
-0.3775933609958506
-0.3778526970954357
-0.38978215767634855
-0.39548755186721996
-0.395746887966805
-0.3960062240663901
-0.39626556016597514
-0.3965248962655602
-0.39678423236514526
-0.3970435684647303
-0.3973029045643154
-0.39756224066390045
-0.3978215767634855
-0.39808091286307057
-0.4704356846473029
-0.47069502074688796
-0.48573651452282157
-0.48599585062240663
-0.4862551867219917
-0.48651452282157676
-0.4867738589211618
-0.4870331950207469
-0.48729253112033194
-0.487551867219917
-0.48781120331950206
-0.4880705394190871
-0.48832987551867224
-0.4885892116182573
-0.48884854771784236
-0.4891078838174274
-0.4893672199170125
-0.48962655601659755
-0.4898858921161826
-0.49014522821576767
-0.49040456431535273
-0.4906639004149378
-0.49092323651452285
-0.4911825726141079
-0.491441908713693
-0.4971473029045643
-0.4974066390041494
-0.49766597510373445
-0.4979253112033195
-0.5762448132780084
-0.5765041493775934
-0.5767634854771785
-0.5770228215767635
-0.5772821576763486
-0.5775414937759337
-0.5778008298755187
-0.5780601659751037
-0.5783195020746887
-0.5785788381742738
-0.5788381742738589
-0.5790975103734439
-0.579356846473029
-0.579616182572614
-0.5798755186721991
-0.5801348547717842
-0.5803941908713692
-0.5806535269709543
-0.5809128630705394
-0.5811721991701244
-0.5814315352697095
-0.5816908713692945
-0.5819502074688796
-0.5822095435684647
-0.5824688796680497
-0.5827282157676348
-0.5829875518672198
-0.5832468879668049
-0.58350622406639
-0.583765560165975
-0.5840248962655601
-0.5842842323651452
-0.5845435684647302
-0.5848029045643153
-0.5850622406639003
-0.5858402489626555
-0.5860995850622406
-0.6524896265560166
-0.6527489626556017
-0.6530082987551867
-0.6532676348547718
-0.7383298755186721
-0.7385892116182572
-0.774896265560166
-0.7751556016597511
-0.7754149377593361
-0.7756742738589212
-0.8757780082987552
-0.8760373443983402
-0.8762966804979253
-0.8765560165975104
-0.8768153526970954
-0.8770746887966805
-0.8773340248962656
-0.8775933609958506
-0.8778526970954357
-0.8781120331950207
-0.8783713692946058
-0.8786307053941909
-0.8788900414937759
-0.879149377593361
-0.879408713692946
-0.8796680497925311
-0.8799273858921162
-0.8801867219917012
-0.8804460580912863
-0.06405601659751037
-0.0645746887966805
-0.06483402489626557
-0.06587136929460581
-0.0700207468879668
-0.1338174273858921
-0.13407676348547717
-0.13433609958506224
-0.13978215767634855
-0.1400414937759336
-0.14030082987551867
-0.14056016597510373
-0.1408195020746888
-0.14107883817427386
-0.14133817427385892
-0.14445020746887968
-0.14600622406639002
-0.14652489626556015
-0.14678423236514523
-0.14730290456431536
-0.14756224066390042
-0.14782157676348548
-0.14808091286307054
-0.1483402489626556
-0.14859958506224066
-0.1545643153526971
-0.15482365145228216
-0.15508298755186722
-0.15534232365145229
-0.15560165975103735
-0.1558609958506224
-0.15612033195020747
-0.17271784232365145
-0.1729771784232365
-0.17323651452282157
-0.17349585062240663
-0.1737551867219917
-0.17401452282157678
-0.17427385892116184
-0.1745331950207469
-0.17479253112033197
-0.17505186721991703
-0.1753112033195021
-0.17557053941908715
-0.17582987551867219
-0.1862033195020747
-0.18646265560165975
-0.18672199170124482
-0.18698132780082988
-0.18724066390041494
-0.1875
-0.18775933609958506
-0.18801867219917012
-0.18827800829875518
-0.18853734439834025
-0.1887966804979253
-0.18905601659751037
-0.21265560165975103
-0.22925311203319504
-0.2295124481327801
-0.22977178423236516
-0.23003112033195022
-0.23029045643153528
-0.2341804979253112
-0.23443983402489627
-0.23469917012448133
-0.2349585062240664
-0.23521784232365145
-0.2354771784232365
-0.23573651452282157
-0.23599585062240663
-0.23677385892116184
-0.24066390041493776
-0.24092323651452283
-0.2411825726141079
-0.24481327800829877
-0.24507261410788383
-0.2720435684647303
-0.2738589211618257
-0.2746369294605809
-0.27489626556016594
-0.275155601659751
-0.27541493775933606
-0.2850103734439834
-0.3327282157676349
-0.3340248962655602
-0.3345435684647303
-0.3348029045643154
-0.33506224066390045
-0.3381742738589211
-0.3384336099585062
-0.33869294605809125
-0.3389522821576763
-0.33921161825726137
-0.33947095435684643
-0.3397302904564315
-0.3399896265560166
-0.35010373443983406
-0.3503630705394191
-0.3506224066390042
-0.3555497925311203
-0.3558091286307054
-0.35606846473029047
-0.35632780082987553
-0.3565871369294606
-0.35684647302904565
-0.3571058091286307
-0.3573651452282158
-0.35762448132780084
-0.3578838174273859
-0.35814315352697096
-0.358402489626556
-0.3586618257261411
-0.35892116182572614
-0.3591804979253112
-0.35943983402489627
-0.3596991701244813
-0.3599585062240664
-0.36021784232365145
-0.3604771784232365
-0.36747925311203317
-0.3677385892116182
-0.3679979253112033
-0.3698132780082987
-0.3700726141078838
-0.37033195020746884
-0.37085062240663896
-0.371109958506224
-0.3757780082987552
-0.37603734439834025
-0.3762966804979253
-0.37655601659751037
-0.37681535269709543
-0.3770746887966805
-0.37733402489626555
-0.3775933609958506
-0.3778526970954357
-0.37811203319502074
-0.3783713692946058
-0.37863070539419086
-0.378890041493776
-0.37914937759336104
-0.3879668049792531
-0.3882261410788382
-0.3908195020746888
-0.3913381742738589
-0.391597510373444
-0.39185684647302904
-0.3921161825726141
-0.39237551867219916
-0.42271784232365145
-0.4229771784232365
-0.42323651452282157
-0.42349585062240663
-0.4237551867219917
-0.42712655601659755
-0.4273858921161826
-0.42764522821576767
-0.42790456431535273
-0.4281639004149378
-0.4691390041493776
-0.46939834024896265
-0.4696576763485477
-0.5150414937759336
-0.5153008298755186
-0.5155601659751037
-0.5158195020746889
-0.5160788381742739
-0.516338174273859
-0.516597510373444
-0.5168568464730291
-0.5811721991701244
-0.5814315352697095
-0.5816908713692945
-0.5819502074688796
-0.5822095435684647
-0.5824688796680497
-0.5827282157676348
-0.5829875518672198
-0.5832468879668049
-0.58350622406639
-0.583765560165975
-0.5840248962655601
-0.5842842323651452
-0.5845435684647302
-0.5848029045643153
-0.5850622406639003
-0.5853215767634854
-0.6146265560165974
-0.6148858921161825
-0.6151452282157676
-0.6154045643153526
-0.6156639004149377
-0.7691908713692945
-0.8744813278008299
-0.8747406639004149
-0.875
-0.8752593360995851
-0.8755186721991701
-0.8757780082987552
-0.8760373443983402
-0.8762966804979253
-0.8765560165975104
-0.8768153526970954
-0.8770746887966805
-0.8773340248962656
-0.8775933609958506
-0.8778526970954357
-0.8781120331950207
-0.8783713692946058
-0.8786307053941909
-0.8788900414937759
-0.879149377593361
-0.879408713692946
-0.8796680497925311
-0.8799273858921162
-0.8801867219917012
-0.8804460580912863
-0.8807053941908713
-0.8809647302904564
-0.0005186721991701245
-0.06561203319502075
-0.06587136929460581
-0.07131742738589213
-0.108402489626556
-0.10866182572614108
-0.10892116182572614
-0.1091804979253112
-0.11462655601659752
-0.11488589211618258
-0.11514522821576764
-0.11540456431535269
-0.11825726141078839
-0.11851659751037345
-0.11877593360995851
-0.11903526970954358
-0.11929460580912862
-0.11955394190871368
-0.13692946058091285
-0.1371887966804979
-0.13744813278008297
-0.13770746887966803
-0.1379668049792531
-0.13822614107883816
-0.13848547717842322
-0.1387448132780083
-0.13900414937759337
-0.13926348547717843
-0.1395228215767635
-0.1470435684647303
-0.14730290456431536
-0.14756224066390042
-0.14782157676348548
-0.14808091286307054
-0.1483402489626556
-0.14859958506224066
-0.15274896265560164
-0.1530082987551867
-0.15326763485477177
-0.15352697095435683
-0.1537863070539419
-0.15404564315352695
-0.154304979253112
-0.1545643153526971
-0.15482365145228216
-0.15508298755186722
-0.16338174273858921
-0.16364107883817428
-0.16390041493775934
-0.1641597510373444
-0.16441908713692946
-0.16467842323651452
-0.16493775933609958
-0.16519709543568464
-0.1654564315352697
-0.16571576763485477
-0.17349585062240663
-0.1737551867219917
-0.17401452282157678
-0.17427385892116184
-0.1745331950207469
-0.17479253112033197
-0.17557053941908715
-0.17582987551867219
-0.17608921161825725
-0.1763485477178423
-0.17660788381742737
-0.17686721991701243
-0.1771265560165975
-0.17738589211618255
-0.17764522821576761
-0.1779045643153527
-0.17816390041493776
-0.18853734439834025
-0.1887966804979253
-0.18983402489626558
-0.1996887966804979
-0.19994813278008297
-0.20020746887966803
-0.2004668049792531
-0.20357883817427386
-0.20383817427385892
-0.20409751037344398
-0.2354771784232365
-0.2370331950207469
-0.23729253112033197
-0.23755186721991703
-0.2378112033195021
-0.2720435684647303
-0.2723029045643154
-0.27256224066390045
-0.27334024896265563
-0.27619294605809125
-0.27982365145228216
-0.2800829875518672
-0.2803423236514523
-0.30290456431535273
-0.34362033195020747
-0.34387966804979253
-0.35088174273858924
-0.35814315352697096
-0.358402489626556
-0.3783713692946058
-0.41856846473029047
-0.41882780082987553
-0.4647302904564315
-0.46680497925311204
-0.4670643153526971
-0.46732365145228216
-0.4675829875518672
-0.4678423236514523
-0.4699170124481328
-0.47017634854771784
-0.5116701244813278
-0.5147821576763485
-0.5150414937759336
-0.5153008298755186
-0.5155601659751037
-0.5158195020746889
-0.5160788381742739
-0.516338174273859
-0.516597510373444
-0.5168568464730291
-0.6161825726141078
-0.616960580912863
-0.8397302904564315
-0.8755186721991701
-0.8757780082987552
-0.8760373443983402
-0.8765560165975104
-0.8768153526970954
-0.8770746887966805
-0.8773340248962656
-0.8775933609958506
