0.06328502415458936
0.06352657004830917
0.10289855072463767
0.11859903381642511
0.11884057971014492
0.11908212560386472
0.25821256038647344
0.2753623188405797
0.2756038647342995
0.2758454106280193
0.2760869565217391
0.27632850241545887
0.27705314009661836
0.27729468599033813
0.28695652173913044
0.2871980676328502
0.28913043478260864
0.28937198067632847
0.2910628019323671
0.2913043478260869
0.3038647342995169
0.016425120772946857
0.06207729468599034
0.06256038647342994
0.06280193236714975
0.06304347826086956
0.06328502415458936
0.06352657004830917
0.06400966183574879
0.26763285024154587
0.26787439613526565
0.2760869565217391
0.27632850241545887
0.2871980676328502
0.28743961352657
0.2876811594202898
0.28913043478260864
0.28937198067632847
0.3043478260869565
0.3157004830917874
0.436231884057971
0.4364734299516908
0.4367149758454106
0.06328502415458936
0.06376811594202898
0.06400966183574879
0.10603864734299516
0.2768115942028985
0.27705314009661836
0.2900966183574879
0.2910628019323671
0.3804347826086956
0.3806763285024154
0.3809178743961352
0.38115942028985506
0.4330917874396135
0.4333333333333333
0.43357487922705307
0.4338164251207729
0.43454106280193233
0.43478260869565216
0.43550724637681154
0.4357487922705313
0.4359903381642512
0.8258454106280192
0.826086956521739
0.8263285024154589
0.8265700483091787
0.8268115942028985
0.8272946859903382
0.8275362318840579
0.1966183574879227
0.21207729468599032
0.29637681159420287
0.2966183574879227
0.2968599033816425
0.2971014492753623
0.2973429951690821
0.2975845410628019
0.2978260869565217
0.29806763285024157
0.3128019323671497
0.31304347826086953
0.314975845410628
0.3152173913043478
0.3154589371980676
0.3157004830917874
0.3159420289855072
0.316183574879227
0.3164251207729469
0.31666666666666665
0.3190821256038647
0.3193236714975845
0.31956521739130433
0.31980676328502416
0.32004830917874394
0.32028985507246377
0.32053140096618354
0.3207729468599033
0.32101449275362315
0.321256038647343
0.3214975845410628
0.3217391304347826
0.3219806763285024
0.3222222222222222
0.32246376811594196
0.3227053140096618
0.3229468599033816
0.39734299516908206
0.40724637681159415
0.4074879227053139
0.4077294685990338
0.41038647342995166
0.41062801932367143
0.4108695652173913
0.4111111111111111
0.41135265700483087
0.4115942028985507
0.5553140096618358
0.5555555555555555
0.5557971014492753
0.556038647342995
0.556280193236715
0.5565217391304348
0.5567632850241545
0.5570048309178743
0.5572463768115942
0.557487922705314
0.5577294685990337
0.5579710144927535
0.5772946859903382
0.21183574879227052
0.21207729468599032
0.21304347826086956
0.21328502415458936
0.21352657004830916
0.213768115942029
0.22198067632850238
0.22270531400966181
0.32391304347826083
0.3241545893719806
0.32439613526570044
0.32463768115942027
0.3248792270531401
0.32512077294685987
0.3253623188405797
0.3256038647342995
0.3258454106280193
0.3260869565217391
0.331159420289855
0.3314009661835749
0.33164251207729467
0.33188405797101445
0.3347826086956522
0.33647342995169083
0.3504830917874396
0.35072463768115936
0.3509661835748792
0.351207729468599
0.39758454106280194
0.3978260869565217
0.40386473429951686
0.40410628019323663
0.4043478260869565
0.4045893719806763
0.4048309178743961
0.4050724637681159
0.40531400966183573
0.4055555555555555
0.40652173913043477
0.40676328502415454
0.40700483091787437
0.40724637681159415
0.4074879227053139
0.4077294685990338
0.4079710144927536
0.4082125603864734
0.4084541062801932
0.408695652173913
0.5814009661835748
0.5816425120772946
0.5818840579710145
0.12801932367149757
0.1714975845410628
0.3669082125603864
0.40096618357487923
0.401207729468599
0.4016908212560386
0.4019323671497584
0.4055555555555555
0.4057971014492753
0.40724637681159415
0.4074879227053139
0.4446859903381642
0.4485507246376811
0.4519323671497584
0.4521739130434782
0.4705314009661835
0.47077294685990334
0.47101449275362317
0.47125603864734295
0.4714975845410628
0.47173913043478255
0.472463768115942
0.4727053140096618
0.4729468599033816
0.4731884057971014
0.4734299516908212
0.473671497584541
0.4739130434782608
0.47415458937198063
0.479951690821256
0.48019323671497577
0.4804347826086956
0.48067632850241543
0.48091787439613526
0.48115942028985503
0.48140096618357486
0.48164251207729464
0.4818840579710144
0.48212560386473424
0.4823671497584541
0.4833333333333333
0.4838164251207729
0.4840579710144927
0.48429951690821255
0.4845410628019323
0.48478260869565215
0.4850241545893719
0.4852657004830917
0.48550724637681153
0.48574879227053136
0.4859903381642512
0.48623188405797096
0.4864734299516908
0.48671497584541057
0.4869565217391304
0.4871980676328502
0.48743961352657
0.48768115942028983
0.4879227053140096
0.48816425120772944
0.04516908212560386
0.04685990338164251
0.048550724637681154
0.12705314009661833
0.12801932367149757
0.1282608695652174
0.1285024154589372
0.12874396135265698
0.12898550724637678
0.1292270531400966
0.1393719806763285
0.367391304347826
0.4055555555555555
0.4057971014492753
0.40603864734299516
0.40628019323671494
0.41256038647342996
0.41280193236714974
0.4130434782608695
0.41328502415458934
0.42584541062801934
0.4444444444444444
0.4446859903381642
0.444927536231884
0.44541062801932363
0.4471014492753623
0.44734299516908205
0.44758454106280193
0.4490338164251207
0.4492753623188406
0.47125603864734295
0.4714975845410628
0.47173913043478255
0.4719806763285024
0.47222222222222215
0.472463768115942
0.4727053140096618
0.4731884057971014
0.4734299516908212
0.473671497584541
0.4739130434782608
0.47415458937198063
0.47439613526570046
0.47463768115942023
0.47487922705314006
0.47512077294685984
0.47536231884057967
0.4756038647342995
0.4758454106280193
0.4770531400966183
0.47729468599033814
0.47753623188405797
0.47777777777777775
0.4780193236714975
0.47826086956521735
0.4785024154589371
0.47874396135265695
0.4789855072463768
0.4792270531400966
0.4794685990338164
0.47971014492753616
0.479951690821256
0.48019323671497577
0.4804347826086956
0.48067632850241543
0.4818840579710144
0.48212560386473424
0.4823671497584541
0.4826086956521739
0.4828502415458937
0.4830917874396135
0.4833333333333333
0.48357487922705306
0.48913043478260865
0.4893719806763285
0.48961352657004825
0.4898550724637681
0.49009661835748786
0.4903381642512077
0.4905797101449275
0.4908212560386473
0.4910628019323671
0.4913043478260869
0.4915458937198067
0.4917874396135265
0.4966183574879227
0.49685990338164243
0.4971014492753623
0.4990338164251207
0.5026570048309178
0.5028985507246376
0.5031400966183575
0.5033816425120773
0.5045893719806762
0.902415458937198
0.9026570048309177
0.04468599033816424
0.04541062801932367
0.04589371980676328
0.04734299516908212
0.047584541062801924
0.047826086956521734
0.04806763285024154
0.04830917874396135
0.0502415458937198
0.12729468599033814
0.12753623188405797
0.13743961352657005
0.1466183574879227
0.40531400966183573
0.4055555555555555
0.4057971014492753
0.40603864734299516
0.40628019323671494
0.40652173913043477
0.40676328502415454
0.40700483091787437
0.4714975845410628
0.47173913043478255
0.4719806763285024
0.47222222222222215
0.472463768115942
0.4727053140096618
0.4729468599033816
0.4731884057971014
0.4734299516908212
0.473671497584541
0.4739130434782608
0.47415458937198063
0.47439613526570046
0.47463768115942023
0.47487922705314006
0.47512077294685984
0.47536231884057967
0.4756038647342995
0.4758454106280193
0.4939613526570048
0.49420289855072463
0.4944444444444444
0.4946859903381642
0.49492753623188407
0.4951690821256038
0.4954106280193237
0.4956521739130434
0.4958937198067633
0.496135265700483
0.4963768115942028
0.4966183574879227
0.49685990338164243
0.4971014492753623
0.49734299516908204
0.4975845410628019
0.49782608695652164
0.4980676328502415
0.49830917874396136
0.4985507246376811
0.49879227053140096
0.4990338164251207
0.49927536231884057
0.4995169082125603
0.49975845410628017
0.5
0.5002415458937197
0.5004830917874395
0.5009661835748792
0.5012077294685989
0.5014492753623188
0.5016908212560387
0.5019323671497584
0.5021739130434782
0.502415458937198
0.5026570048309178
0.5028985507246376
0.013526570048309178
0.014251207729468598
0.042028985507246375
0.042512077294685986
0.042753623188405795
0.04323671497584541
0.12705314009661833
0.12729468599033814
0.12753623188405797
0.12777777777777777
0.12801932367149757
0.1282608695652174
0.1285024154589372
0.43550724637681154
0.4995169082125603
0.49975845410628017
0.5
0.5002415458937197
0.5004830917874395
0.5007246376811594
0.5009661835748792
0.5012077294685989
0.01328502415458937
0.12608695652173912
0.12632850241545893
0.12657004830917873
0.12681159420289856
0.12705314009661833
0.12729468599033814
0.13502415458937198
0.13526570048309178
0.1473429951690821
0.4043478260869565
0.4045893719806763
0.4048309178743961
0.4050724637681159
0.40531400966183573
0.4055555555555555
0.4057971014492753
0.40603864734299516
0.43405797101449267
0.47173913043478255
0.4719806763285024
0.47222222222222215
0.472463768115942
0.4727053140096618
0.4729468599033816
0.4975845410628019
0.49782608695652164
0.4980676328502415
0.49830917874396136
0.4985507246376811
0.49879227053140096
0.4990338164251207
0.49927536231884057
0.4995169082125603
0.49975845410628017
0.5
0.5002415458937197
0.5004830917874395
0.6485507246376812
0.6487922705314009
0.6490338164251207
0.12101449275362318
0.12125603864734298
0.1214975845410628
0.1217391304347826
0.1219806763285024
0.12222222222222222
0.12246376811594202
0.12270531400966182
0.12294685990338163
0.12318840579710144
0.12608695652173912
0.12632850241545893
0.12657004830917873
0.12681159420289856
0.12705314009661833
0.1328502415458937
0.1330917874396135
0.13333333333333333
0.402415458937198
0.4026570048309179
0.40289855072463765
0.4975845410628019
0.49782608695652164
-0.12053140096618356
-0.12077294685990338
-0.12101449275362318
-0.12125603864734298
-0.1214975845410628
-0.1217391304347826
-0.1219806763285024
-0.12222222222222222
-0.12246376811594202
-0.4016908212560386
-0.4019323671497584
-0.4021739130434782
-0.402415458937198
-0.4963768115942028
-0.4966183574879227
-0.49685990338164243
-0.4971014492753623
-0.49734299516908204
-0.4975845410628019
-0.1256038647342995
-0.12584541062801932
-0.12608695652173912
-0.3804347826086956
-0.3806763285024154
-0.408695652173913
-0.4089371980676328
-0.4091787439613526
-0.40942028985507245
-0.4096618357487922
-0.40990338164251205
-0.41014492753623183
-0.41038647342995166
-0.41062801932367143
-0.4555555555555555
-0.4557971014492753
-0.45603864734299515
-0.4562801932367149
-0.45652173913043476
-0.45676328502415453
-0.45700483091787436
-0.45724637681159414
-0.45748792270531397
-0.4582125603864734
-0.4584541062801932
-0.458695652173913
-0.4589371980676328
-0.4623188405797101
-0.46256038647342995
-0.4628019323671497
-0.4630434782608695
-0.46328502415458933
-0.4635265700483091
-0.46787439613526566
-0.4681159420289855
-0.46835748792270526
-0.46859903381642504
-0.46884057971014487
-0.4690821256038647
-0.4693236714975845
-0.4695652173913043
-0.46980676328502413
-0.4700483091787439
-0.47028985507246374
-0.47173913043478255
-0.4719806763285024
-0.47222222222222215
-0.472463768115942
-0.4739130434782608
-0.47415458937198063
-0.47439613526570046
-0.47463768115942023
-0.47487922705314006
-0.47512077294685984
-0.47536231884057967
-0.4758454106280193
-0.4760869565217391
-0.4763285024154589
-0.4765700483091787
-0.4768115942028985
-0.4898550724637681
-0.49009661835748786
-0.4903381642512077
-0.4905797101449275
-0.4908212560386473
-0.4910628019323671
-0.4913043478260869
-0.4915458937198067
-0.4917874396135265
-0.49202898550724633
-0.49227053140096616
-0.492512077294686
-0.49275362318840576
-0.49299516908212554
-0.49323671497584537
-0.49347826086956514
-0.493719806763285
-0.4939613526570048
-0.49420289855072463
-0.4944444444444444
-0.4946859903381642
-0.49492753623188407
-0.4951690821256038
-0.4954106280193237
-0.4956521739130434
-0.4958937198067633
-0.496135265700483
-0.49685990338164243
-0.6449275362318839
-0.6451690821256039
-0.6454106280193236
-0.6456521739130434
-0.6458937198067632
-0.3797101449275362
-0.379951690821256
-0.3801932367149758
-0.3804347826086956
-0.40628019323671494
-0.40652173913043477
-0.40676328502415454
-0.40700483091787437
-0.4074879227053139
-0.4077294685990338
-0.4079710144927536
-0.4082125603864734
-0.4084541062801932
-0.408695652173913
-0.4089371980676328
-0.4091787439613526
-0.40942028985507245
-0.4096618357487922
-0.40990338164251205
-0.41014492753623183
-0.4548309178743961
-0.4550724637681159
-0.4553140096618357
-0.4555555555555555
-0.4557971014492753
-0.45603864734299515
-0.4562801932367149
-0.45652173913043476
-0.45676328502415453
-0.45700483091787436
-0.45724637681159414
-0.45748792270531397
-0.4577294685990338
-0.45797101449275357
-0.4582125603864734
-0.4584541062801932
-0.458695652173913
-0.4589371980676328
-0.4611111111111111
-0.46135265700483086
-0.4615942028985507
-0.46183574879227046
-0.4620772946859903
-0.4623188405797101
-0.46256038647342995
-0.4628019323671497
-0.4630434782608695
-0.46328502415458933
-0.4635265700483091
-0.46376811594202894
-0.4642512077294686
-0.46449275362318837
-0.4647342995169082
-0.46594202898550724
-0.466183574879227
-0.46642512077294684
-0.4666666666666666
-0.4669082125603864
-0.4671497584541062
-0.46739130434782605
-0.4676328502415459
-0.46787439613526566
-0.4681159420289855
-0.46835748792270526
-0.46859903381642504
-0.46884057971014487
-0.4690821256038647
-0.4693236714975845
-0.4695652173913043
-0.46980676328502413
-0.4700483091787439
-0.47028985507246374
-0.4705314009661835
-0.47222222222222215
-0.47487922705314006
-0.47512077294685984
-0.4756038647342995
-0.4758454106280193
-0.4760869565217391
-0.4763285024154589
-0.4765700483091787
-0.4768115942028985
-0.4770531400966183
-0.47729468599033814
-0.47753623188405797
-0.47777777777777775
-0.4780193236714975
-0.47826086956521735
-0.4785024154589371
-0.47874396135265695
-0.4789855072463768
-0.4792270531400966
-0.4893719806763285
-0.48961352657004825
-0.4898550724637681
-0.49009661835748786
-0.4903381642512077
-0.4905797101449275
-0.4908212560386473
-0.4910628019323671
-0.4913043478260869
-0.4915458937198067
-0.4917874396135265
-0.49202898550724633
-0.49227053140096616
-0.492512077294686
-0.49275362318840576
-0.49299516908212554
-0.49323671497584537
-0.49347826086956514
-0.493719806763285
-0.4939613526570048
-0.49420289855072463
-0.4944444444444444
-0.4946859903381642
-0.49492753623188407
-0.6444444444444444
-0.6446859903381642
-0.6449275362318839
-0.6451690821256039
-0.6454106280193236
-0.08647342995169081
-0.11086956521739129
-0.1111111111111111
-0.11135265700483091
-0.11159420289855071
-0.1147342995169082
-0.11497584541062801
-0.11521739130434783
-0.11545893719806762
-0.20652173913043476
-0.20676328502415456
-0.20700483091787436
-0.2072463768115942
-0.207487922705314
-0.2077294685990338
-0.20797101449275363
-0.20821256038647343
-0.2084541062801932
-0.20917874396135264
-0.20942028985507244
-0.20966183574879227
-0.20990338164251207
-0.21014492753623187
-0.21038647342995165
-0.21739130434782608
-0.21763285024154586
-0.21787439613526566
-0.2181159420289855
-0.2183574879227053
-0.2185990338164251
-0.21884057971014492
-0.3115942028985507
-0.3118357487922705
-0.35144927536231885
-0.3739130434782608
-0.3741545893719806
-0.3743961352657005
-0.37463768115942025
-0.3748792270531401
-0.37512077294685986
-0.3753623188405797
-0.37560386473429946
-0.3758454106280193
-0.3760869565217391
-0.3763285024154589
-0.37657004830917873
-0.3768115942028985
-0.37705314009661833
-0.3772946859903381
-0.37753623188405794
-0.3922705314009661
-0.39251207729468596
-0.3942028985507246
-0.39444444444444443
-0.39685990338164245
-0.3971014492753623
-0.39734299516908206
-0.39758454106280194
-0.3990338164251207
-0.3992753623188406
-0.39951690821256036
-0.3997584541062802
-0.39999999999999997
-0.40024154589371974
-0.40048309178743957
-0.40072463768115935
-0.40096618357487923
-0.401207729468599
-0.40144927536231884
-0.4016908212560386
-0.4019323671497584
-0.4021739130434782
-0.402415458937198
-0.4026570048309179
-0.40289855072463765
-0.4031400966183575
-0.40338164251207725
-0.4036231884057971
-0.40386473429951686
-0.40410628019323663
-0.4043478260869565
-0.4045893719806763
-0.4048309178743961
-0.4077294685990338
-0.4079710144927536
-0.4082125603864734
-0.4115942028985507
-0.4118357487922705
-0.4120772946859903
-0.4123188405797101
-0.4130434782608695
-0.41328502415458934
-0.4135265700483091
-0.4176328502415459
-0.42125603864734296
-0.4214975845410628
-0.43236714975845403
-0.4326086956521739
-0.46038647342995165
-0.466183574879227
-0.46642512077294684
-0.4666666666666666
-0.4669082125603864
-0.4671497584541062
-0.46739130434782605
-0.4676328502415459
-0.46787439613526566
-0.4681159420289855
-0.46835748792270526
-0.46859903381642504
-0.46884057971014487
-0.4690821256038647
-0.4693236714975845
-0.5772946859903382
-0.5775362318840579
-0.5777777777777777
-0.5780193236714976
-0.5782608695652173
-0.5785024154589372
-0.5787439613526569
-0.7830917874396135
-0.7833333333333332
-0.783574879227053
-0.7838164251207729
-0.7840579710144927
-0.7842995169082125
-0.7845410628019323
-0.7847826086956521
-0.7850241545893719
-0.7852657004830917
-0.7855072463768116
-0.08502415458937197
-0.11231884057971014
-0.1147342995169082
-0.11497584541062801
-0.11521739130434783
-0.11545893719806762
-0.11570048309178743
-0.11594202898550723
-0.11618357487922705
-0.3152173913043478
-0.3154589371980676
-0.3157004830917874
-0.3159420289855072
-0.316183574879227
-0.3164251207729469
-0.31666666666666665
-0.3169082125603864
-0.31714975845410626
-0.31739130434782603
-0.31763285024154586
-0.31787439613526564
-0.3181159420289855
-0.3183574879227053
-0.31859903381642507
-0.3188405797101449
-0.3190821256038647
-0.3193236714975845
-0.31956521739130433
-0.31980676328502416
-0.32004830917874394
-0.32028985507246377
-0.32053140096618354
-0.3207729468599033
-0.32101449275362315
-0.321256038647343
-0.3214975845410628
-0.3217391304347826
-0.3219806763285024
-0.3222222222222222
-0.32246376811594196
-0.3227053140096618
-0.3229468599033816
-0.32705314009661834
-0.3272946859903381
-0.32753623188405795
-0.3560386473429951
-0.35628019323671495
-0.3565217391304348
-0.35676328502415455
-0.3570048309178744
-0.35724637681159416
-0.35748792270531393
-0.38236714975845404
-0.38260869565217387
-0.3828502415458937
-0.38309178743961353
-0.3833333333333333
-0.386231884057971
-0.3864734299516908
-0.3867149758454106
-0.3869565217391304
-0.3871980676328502
-0.38743961352656997
-0.3891304347826086
-0.3893719806763285
-0.3896135265700483
-0.3898550724637681
-0.3900966183574879
-0.3903381642512077
-0.3905797101449275
-0.39154589371980675
-0.3997584541062802
-0.4021739130434782
-0.4031400966183575
-0.40338164251207725
-0.4036231884057971
-0.40386473429951686
-0.40410628019323663
-0.4043478260869565
-0.4045893719806763
-0.4048309178743961
-0.4050724637681159
-0.40531400966183573
-0.40724637681159415
-0.4074879227053139
-0.4077294685990338
-0.4079710144927536
-0.4082125603864734
-0.4084541062801932
-0.408695652173913
-0.4089371980676328
-0.4091787439613526
-0.40942028985507245
-0.4096618357487922
-0.40990338164251205
-0.41014492753623183
-0.4135265700483091
-0.41376811594202895
-0.41932367149758454
-0.4195652173913043
-0.4666666666666666
-0.4669082125603864
-0.4671497584541062
-0.46739130434782605
-0.4676328502415459
-0.46787439613526566
-0.4681159420289855
-0.46835748792270526
-0.5722222222222222
-0.5724637681159419
-0.5727053140096617
-0.5729468599033817
-0.5731884057971014
-0.5734299516908212
-0.573671497584541
-0.5739130434782609
-0.5741545893719806
-0.5743961352657004
-0.5746376811594203
-0.57487922705314
-0.5751207729468599
-0.5753623188405796
-0.5777777777777777
-0.08405797101449275
-0.08526570048309177
-0.08550724637681159
-0.0859903381642512
-0.08623188405797101
-0.08647342995169081
-0.08671497584541062
-0.08695652173913043
-0.08719806763285023
-0.08743961352657005
-0.3217391304347826
-0.3219806763285024
-0.32657004830917874
-0.3268115942028985
-0.32705314009661834
-0.3272946859903381
-0.32753623188405795
-0.3277777777777777
-0.32801932367149755
-0.38164251207729466
-0.38188405797101443
-0.38212560386473426
-0.38236714975845404
-0.38260869565217387
-0.3828502415458937
-0.38309178743961353
-0.3857487922705313
-0.3859903381642512
-0.386231884057971
-0.3864734299516908
-0.3867149758454106
-0.38840579710144923
-0.38864734299516907
-0.38888888888888884
-0.3891304347826086
-0.3896135265700483
-0.3898550724637681
-0.3900966183574879
-0.3903381642512077
-0.3905797101449275
-0.39082125603864726
-0.39106280193236714
-0.39637681159420285
-0.3966183574879227
-0.39685990338164245
-0.4036231884057971
-0.40386473429951686
-0.40410628019323663
-0.4043478260869565
-0.4045893719806763
-0.40628019323671494
-0.40652173913043477
-0.40676328502415454
-0.40700483091787437
-0.40724637681159415
-0.4074879227053139
-0.4077294685990338
-0.4079710144927536
-0.41135265700483087
-0.4115942028985507
-0.4118357487922705
-0.41256038647342996
-0.41280193236714974
-0.4130434782608695
-0.41328502415458934
-0.416183574879227
-0.41642512077294686
-0.41666666666666663
-0.44299516908212555
-0.4432367149758454
-0.44347826086956516
-0.4550724637681159
-0.4553140096618357
-0.4555555555555555
-0.4557971014492753
-0.45603864734299515
-0.4562801932367149
-0.45652173913043476
-0.45676328502415453
-0.45700483091787436
-0.45724637681159414
-0.45748792270531397
-0.464975845410628
-0.46521739130434775
-0.4654589371980676
-0.4657004830917874
-0.46594202898550724
-0.466183574879227
-0.46642512077294684
-0.4666666666666666
-0.4669082125603864
-0.4671497584541062
-0.46739130434782605
-0.5714975845410627
-0.5717391304347826
-0.5719806763285024
-0.5722222222222222
-0.5770531400966182
-0.5772946859903382
-0.7553140096618357
-0.7555555555555555
-0.7557971014492753
-0.7560386473429951
-0.7562801932367149
-0.7565217391304347
-0.7567632850241545
-0.7570048309178743
-0.08502415458937197
-0.08526570048309177
-0.08550724637681159
-0.0857487922705314
-0.0859903381642512
-0.08623188405797101
-0.08647342995169081
-0.08671497584541062
-0.08695652173913043
-0.08719806763285023
-0.08743961352657005
-0.08768115942028984
-0.08792270531400966
-0.08816425120772946
-0.08840579710144927
-0.08864734299516908
-0.08888888888888888
-0.09009661835748792
-0.09033816425120772
-0.09057971014492752
-0.21787439613526566
-0.2181159420289855
-0.3804347826086956
-0.3806763285024154
-0.3809178743961352
-0.38115942028985506
-0.3814009661835749
-0.38164251207729466
-0.38188405797101443
-0.38212560386473426
-0.38236714975845404
-0.38260869565217387
-0.3828502415458937
-0.38309178743961353
-0.3859903381642512
-0.386231884057971
-0.3864734299516908
-0.3867149758454106
-0.38864734299516907
-0.38888888888888884
-0.3891304347826086
-0.3893719806763285
-0.3896135265700483
-0.3898550724637681
-0.3900966183574879
-0.3903381642512077
-0.3905797101449275
-0.4417874396135265
-0.44202898550724634
-0.4422705314009661
-0.442512077294686
-0.4427536231884058
-0.44299516908212555
-0.4432367149758454
-0.46256038647342995
-0.4628019323671497
-0.4630434782608695
-0.46328502415458933
-0.4635265700483091
-0.46376811594202894
-0.46400966183574877
-0.4642512077294686
-0.46449275362318837
-0.4647342995169082
-0.464975845410628
-0.46521739130434775
-0.4654589371980676
-0.4657004830917874
-0.46594202898550724
-0.466183574879227
-0.5770531400966182
-0.7550724637681159
-0.7553140096618357
-0.09009661835748792
-0.09033816425120772
-0.09057971014492752
-0.09082125603864734
-0.10289855072463767
-0.10314009661835749
-0.10338164251207728
-0.1036231884057971
-0.1038647342995169
-0.10410628019323671
-0.2183574879227053
-0.3814009661835749
-0.38164251207729466
-0.38188405797101443
-0.38212560386473426
-0.38236714975845404
-0.38260869565217387
-0.3828502415458937
-0.38309178743961353
-0.3833333333333333
-0.38743961352656997
-0.38768115942028986
-0.38792270531400963
-0.38888888888888884
-0.3893719806763285
-0.3896135265700483
-0.43164251207729465
-0.4318840579710144
-0.44202898550724634
-0.4422705314009661
-0.442512077294686
-0.4427536231884058
-0.44299516908212555
-0.4432367149758454
-0.44347826086956516
-0.4635265700483091
-0.46376811594202894
-0.46400966183574877
-0.4642512077294686
-0.02246376811594203
-0.06111111111111111
-0.06135265700483091
-0.08888888888888888
-0.10120772946859903
-0.10144927536231882
-0.10169082125603864
-0.10193236714975845
-0.10217391304347825
-0.10289855072463767
-0.10314009661835749
-0.10338164251207728
-0.1036231884057971
-0.1038647342995169
-0.10410628019323671
-0.1043478260869565
-0.14541062801932364
-0.20579710144927535
-0.20603864734299515
-0.20628019323671498
