0.0481786133960047
0.04876615746180964
0.04935370152761458
0.06110458284371328
0.06169212690951822
0.09400705052878966
0.15804935370152762
0.16745005875440658
0.16803760282021152
0.16862514688601646
0.1692126909518214
0.16980023501762634
0.17038777908343128
0.17097532314923622
0.17156286721504116
0.17215041128084607
0.17273795534665098
0.3113983548766157
0.3125734430082256
0.31316098707403056
0.3137485311398355
0.31433607520564044
0.31492361927144535
0.3155111633372503
0.31609870740305523
0.3166862514688602
0.3172737955346651
0.32021151586368973
0.32079905992949476
0.3695652173913044
0.3701527614571093
0.37074030552291426
0.37132784958871917
0.3719153936545241
0.37250293772032905
0.37309048178613397
0.37367802585193893
0.37426556991774385
0.3748531139835488
0.4200940070505288
0.44594594594594594
0.4465334900117509
0.4471210340775558
0.4477085781433608
0.4482961222091657
0.44888366627497067
0.4494712103407756
0.45005875440658055
0.45064629847238546
0.4512338425381903
0.4518213866039953
0.4524089306698002
0.45299647473560517
0.4535840188014101
0.45534665099882493
0.45593419506462984
0.4565217391304348
0.4571092831962397
0.46180963572267925
0.4623971797884841
0.48766157461809634
0.4882491186839013
0.4888366627497062
0.4894242068155112
0.4900117508813161
0.49059929494712107
0.491186839012926
0.49177438307873095
0.4988249118683901
0.4994124559341951
0.5399529964747356
0.5405405405405406
0.5411280846063455
0.5417156286721504
0.5423031727379554
0.5428907168037603
0.5434782608695653
0.5440658049353702
0.5446533490011751
0.54524089306698
0.545828437132785
0.5464159811985899
0.5470035252643949
0.5475910693301997
0.5481786133960047
0.5511163337250294
0.6110458284371328
0.6327849588719154
0.6868390129259694
0.6874265569917744
0.6880141010575793
0.6886016451233843
0.6891891891891891
0.6897767332549941
0.6903642773207991
0.6909518213866039
0.6915393654524089
0.7549941245593419
0.7555816686251469
0.7561692126909518
0.7567567567567568
0.7573443008225617
0.7579318448883666
0.7585193889541716
0.7591069330199766
0.7596944770857814
0.7602820211515864
0.7608695652173914
0.7614571092831962
0.7620446533490012
0.7626321974148061
0.7632197414806111
0.763807285546416
0.7643948296122209
0.7649823736780259
0.7655699177438309
0.7685076380728555
0.7690951821386605
0.7696827262044654
0.7702702702702703
0.7708578143360753
0.7714453584018802
0.044065804935370156
0.04465334900117509
0.04524089306698003
0.045828437132784956
0.046415981198589897
0.0481786133960047
0.04876615746180964
0.04935370152761458
0.10869565217391304
0.10928319623971798
0.10987074030552292
0.11045828437132785
0.11104582843713279
0.11163337250293773
0.11222091656874267
0.16333725029377205
0.16392479435957696
0.1645123384253819
0.16509988249118684
0.16568742655699176
0.1662749706227967
0.16686251468860164
0.16745005875440658
0.18566392479435959
0.18625146886016453
0.18683901292596947
0.2262044653349001
0.22679200940070504
0.24676850763807287
0.2473560517038778
0.24794359576968272
0.24853113983548766
0.2491186839012926
0.24970622796709754
0.2502937720329025
0.2508813160987074
0.26439482961222094
0.26498237367802585
0.2655699177438308
0.26615746180963573
0.2667450058754407
0.2673325499412456
0.2679200940070505
0.2685076380728555
0.2690951821386604
0.2696827262044654
0.2702702702702703
0.2708578143360752
0.27144535840188017
0.2720329024676851
0.27262044653349
0.27320799059929496
0.27379553466509987
0.27438307873090484
0.27497062279670975
0.2755581668625147
0.27614571092831963
0.2767332549941246
0.2773207990599295
0.2779083431257345
0.2784958871915394
0.2790834312573443
0.2796709753231492
0.2802585193889542
0.2808460634547591
0.28143360752056407
0.282021151586369
0.28260869565217395
0.28319623971797886
0.28378378378378377
0.28437132784958874
0.28495887191539365
0.2855464159811986
0.2978848413631022
0.2984723854289072
0.2990599294947121
0.299647473560517
0.300235017626322
0.3008225616921269
0.3037602820211516
0.30434782608695654
0.30493537015276145
0.3055229142185664
0.3119858989424207
0.3125734430082256
0.31316098707403056
0.3137485311398355
0.31433607520564044
0.31492361927144535
0.3155111633372503
0.31609870740305523
0.34430082256169214
0.34488836662749706
0.34547591069330197
0.34606345475910694
0.34665099882491185
0.3472385428907168
0.34782608695652173
0.3484136310223267
0.3490011750881316
0.35135135135135137
0.35193889541715634
0.35252643948296125
0.36368977673325503
0.3642773207990599
0.36486486486486486
0.36545240893066977
0.36603995299647474
0.36662749706227965
0.3672150411280846
0.36780258519388953
0.3683901292596945
0.3689776733254994
0.3695652173913044
0.3701527614571093
0.37074030552291426
0.37132784958871917
0.3719153936545241
0.37250293772032905
0.37309048178613397
0.37367802585193893
0.37426556991774385
0.3748531139835488
0.37544065804935367
0.37602820211515864
0.3772032902467685
0.37779083431257343
0.3783783783783784
0.3789659224441833
0.3795534665099883
0.3801410105757932
0.3807285546415981
0.3813160987074031
0.381903642773208
0.38249118683901295
0.38307873090481787
0.38366627497062283
0.3889541715628672
0.4112808460634548
0.4118683901292597
0.41245593419506466
0.41304347826086957
0.41363102232667454
0.4195064629847238
0.4200940070505288
0.4206815511163337
0.427144535840188
0.427732079905993
0.4283196239717979
0.4435957696827262
0.44418331374853115
0.44477085781433606
0.44535840188014103
0.44594594594594594
0.4465334900117509
0.4471210340775558
0.4477085781433608
0.4482961222091657
0.44888366627497067
0.4494712103407756
0.45005875440658055
0.45064629847238546
0.4512338425381903
0.4518213866039953
0.4524089306698002
0.45299647473560517
0.4535840188014101
0.45417156286721505
0.45475910693301996
0.45534665099882493
0.45593419506462984
0.4565217391304348
0.4571092831962397
0.4576968272620447
0.4582843713278496
0.4588719153936546
0.4594594594594595
0.46004700352526445
0.46063454759106937
0.4612220916568743
0.46180963572267925
0.4623971797884841
0.46298472385428907
0.463572267920094
0.46415981198589895
0.46474735605170386
0.46533490011750883
0.46592244418331374
0.4676850763807286
0.49647473560517036
0.4970622796709753
0.49764982373678024
0.4982373678025852
0.4988249118683901
0.4994124559341951
0.5
0.500587544065805
0.5011750881316098
0.5017626321974148
0.5023501762632198
0.5029377203290247
0.5035252643948296
0.5041128084606346
0.5047003525264395
0.5052878965922444
0.5058754406580493
0.5064629847238543
0.5070505287896593
0.5240893066980024
0.5246768507638073
0.5252643948296122
0.5258519388954171
0.5264394829612221
0.5270270270270271
0.5276145710928319
0.5282021151586369
0.5287896592244419
0.5293772032902468
0.5299647473560517
0.5305522914218567
0.5311398354876616
0.5317273795534665
0.5323149236192715
0.5329024676850763
0.5334900117508814
0.5376028202115158
0.5381903642773208
0.5417156286721504
0.5423031727379554
0.5428907168037603
0.5434782608695653
0.5440658049353702
0.5446533490011751
0.54524089306698
0.545828437132785
0.5464159811985899
0.5470035252643949
0.5475910693301997
0.5481786133960047
0.5487661574618097
0.5493537015276145
0.5499412455934195
0.5505287896592245
0.5511163337250294
0.5517038777908343
0.5522914218566393
0.5528789659224442
0.5534665099882492
0.5540540540540541
0.6098707403055229
0.6104582843713279
0.6110458284371328
0.6227967097532314
0.6233842538190364
0.6239717978848414
0.6245593419506463
0.6251468860164512
0.6257344300822562
0.6263219741480611
0.6269095182138661
0.627497062279671
0.6280846063454759
0.6286721504112809
0.6292596944770857
0.6298472385428907
0.6304347826086957
0.6310223266745006
0.6316098707403055
0.6321974148061105
0.6327849588719154
0.6333725029377204
0.6339600470035253
0.6345475910693302
0.6351351351351352
0.6421856639247945
0.6427732079905992
0.6433607520564042
0.6891891891891891
0.6897767332549941
0.9101057579318449
0.9106933019976499
0.9112808460634548
0.9118683901292597
0.06874265569917744
0.09694477085781433
0.09753231492361927
0.09811985898942421
0.09870740305522915
0.0992949471210341
0.099882491186839
0.10047003525264395
0.10105757931844889
0.10164512338425383
0.10223266745005875
0.11163337250293773
0.11222091656874267
0.11280846063454758
0.13748531139835488
0.14571092831962398
0.14629847238542892
0.14688601645123386
0.14747356051703878
0.14806110458284372
0.14864864864864866
0.1492361927144536
0.1498237367802585
0.15041128084606345
0.1509988249118684
0.15158636897767333
0.15217391304347827
0.1527614571092832
0.15334900117508815
0.1539365452408931
0.15452408930669803
0.15511163337250292
0.16803760282021152
0.16862514688601646
0.1692126909518214
0.16980023501762634
0.17038777908343128
0.17097532314923622
0.17156286721504116
0.17215041128084607
0.17273795534665098
0.17508813160987075
0.17567567567567569
0.18213866039952994
0.18272620446533488
0.18331374853113983
0.18390129259694477
0.2138660399529965
0.21445358401880144
0.21504112808460638
0.2156286721504113
0.21621621621621623
0.21797884841363102
0.21856639247943596
0.2191539365452409
0.21974148061104584
0.23501762632197415
0.2356051703877791
0.23619271445358403
0.23678025851938894
0.23736780258519388
0.23795534665099882
0.23854289071680376
0.2391304347826087
0.23971797884841364
0.24030552291421858
0.24089306698002352
0.24148061104582846
0.245593419506463
0.24618096357226793
0.24676850763807287
0.2473560517038778
0.2720329024676851
0.27262044653349
0.27320799059929496
0.27379553466509987
0.27438307873090484
0.27497062279670975
0.2755581668625147
0.27614571092831963
0.2767332549941246
0.2773207990599295
0.2779083431257345
0.2784958871915394
0.2790834312573443
0.2796709753231492
0.2802585193889542
0.2808460634547591
0.28143360752056407
0.282021151586369
0.28260869565217395
0.28319623971797886
0.28378378378378377
0.28437132784958874
0.28495887191539365
0.2855464159811986
0.28613396004700353
0.2867215041128085
0.2873090481786134
0.299647473560517
0.3014101057579318
0.3019976498237368
0.3025851938895417
0.30317273795534666
0.3037602820211516
0.30434782608695654
0.30493537015276145
0.3055229142185664
0.30611045828437133
0.3066980023501763
0.3072855464159812
0.3078730904817862
0.3084606345475911
0.30904817861339606
0.309635722679201
0.31022326674500583
0.3108108108108108
0.3113983548766157
0.3119858989424207
0.3125734430082256
0.31316098707403056
0.3137485311398355
0.31433607520564044
0.31492361927144535
0.3155111633372503
0.31609870740305523
0.3166862514688602
0.3172737955346651
0.3178613396004701
0.318448883666275
0.3190364277320799
0.36133960047003527
0.36192714453584024
0.36251468860164515
0.36310223266745006
0.36368977673325503
0.3642773207990599
0.36486486486486486
0.36545240893066977
0.36603995299647474
0.36662749706227965
0.3672150411280846
0.36780258519388953
0.3683901292596945
0.3689776733254994
0.3695652173913044
0.3701527614571093
0.37074030552291426
0.37132784958871917
0.3719153936545241
0.37602820211515864
0.37661574618096355
0.3795534665099883
0.3801410105757932
0.3807285546415981
0.3813160987074031
0.381903642773208
0.38249118683901295
0.38307873090481787
0.38366627497062283
0.3883666274970623
0.3889541715628672
0.4095182138660399
0.4101057579318449
0.4106933019976498
0.4112808460634548
0.4118683901292597
0.41245593419506466
0.41304347826086957
0.41363102232667454
0.41421856639247945
0.4148061104582844
0.41539365452408933
0.41598119858989424
0.4165687426556992
0.4171562867215041
0.4177438307873091
0.41833137485311395
0.41891891891891897
0.4195064629847238
0.4200940070505288
0.4206815511163337
0.4212690951821387
0.4218566392479436
0.42244418331374856
0.42303172737955347
0.4306698002350176
0.4318448883666275
0.43243243243243246
0.43301997649823737
0.436545240893067
0.4371327849588719
0.4377203290246769
0.4383078730904818
0.43889541715628677
0.4394829612220917
0.44007050528789665
0.4406580493537015
0.4418331374853114
0.4424206815511163
0.44300822561692127
0.4435957696827262
0.44418331374853115
0.44477085781433606
0.44535840188014103
0.44594594594594594
0.4465334900117509
0.4471210340775558
0.4477085781433608
0.4482961222091657
0.44888366627497067
0.4494712103407756
0.45005875440658055
0.45064629847238546
0.4512338425381903
0.4518213866039953
0.4524089306698002
0.45299647473560517
0.4535840188014101
0.45417156286721505
0.45475910693301996
0.45534665099882493
0.45593419506462984
0.4565217391304348
0.4571092831962397
0.4576968272620447
0.4582843713278496
0.4588719153936546
0.4594594594594595
0.46004700352526445
0.46063454759106937
0.4612220916568743
0.46180963572267925
0.4623971797884841
0.46298472385428907
0.463572267920094
0.46415981198589895
0.46474735605170386
0.46533490011750883
0.46592244418331374
0.4665099882491187
0.48354876615746184
0.4841363102232668
0.48472385428907167
0.48531139835487663
0.48589894242068155
0.4864864864864865
0.4870740305522914
0.48766157461809634
0.4882491186839013
0.4888366627497062
0.4894242068155112
0.4900117508813161
0.49059929494712107
0.491186839012926
0.49177438307873095
0.49236192714453586
0.49647473560517036
0.4970622796709753
0.49764982373678024
0.4982373678025852
0.4988249118683901
0.4994124559341951
0.5
0.500587544065805
0.5011750881316098
0.5017626321974148
0.5023501762632198
0.5029377203290247
0.5035252643948296
0.5041128084606346
0.5047003525264395
0.5052878965922444
0.5058754406580493
0.5064629847238543
0.5070505287896593
0.5076380728554641
0.5082256169212691
0.5088131609870741
0.509400705052879
0.5099882491186839
0.5105757931844889
0.5111633372502938
0.5117508813160988
0.5123384253819037
0.5129259694477086
0.5287896592244419
0.5293772032902468
0.5299647473560517
0.5305522914218567
0.5399529964747356
0.5405405405405406
0.5411280846063455
0.5417156286721504
0.5423031727379554
0.5428907168037603
0.5434782608695653
0.5440658049353702
0.5446533490011751
0.54524089306698
0.545828437132785
0.5464159811985899
0.5470035252643949
0.5475910693301997
0.5481786133960047
0.5487661574618097
0.5493537015276145
0.5499412455934195
0.5505287896592245
0.5511163337250294
0.5517038777908343
0.5522914218566393
0.5528789659224442
0.5534665099882492
0.6039952996474736
0.6045828437132785
0.6051703877790834
0.6057579318448884
0.6063454759106933
0.6069330199764983
0.6075205640423031
0.6081081081081081
0.6086956521739131
0.609283196239718
0.6104582843713279
0.6157461809635724
0.6163337250293772
0.6169212690951822
0.6175088131609872
0.6180963572267921
0.618683901292597
0.619271445358402
0.6198589894242069
0.6204465334900117
0.6210340775558166
0.6216216216216216
0.6222091656874266
0.6227967097532314
0.6233842538190364
0.6239717978848414
0.6245593419506463
0.6251468860164512
0.6257344300822562
0.6263219741480611
0.6269095182138661
0.627497062279671
0.6280846063454759
0.6286721504112809
0.6292596944770857
0.6298472385428907
0.6304347826086957
0.6310223266745006
0.6316098707403055
0.6868390129259694
0.6874265569917744
0.6880141010575793
0.6886016451233843
0.6891891891891891
0.6897767332549941
0.6903642773207991
0.6909518213866039
0.028202115158636895
0.028789659224441835
0.02937720329024677
0.029964747356051705
0.03055229142185664
0.031139835487661575
0.03172737955346651
0.03231492361927145
0.03290246768507638
0.033490011750881316
0.03407755581668625
0.03466509988249119
0.0481786133960047
0.08636897767332549
0.08695652173913043
0.0963572267920094
0.09694477085781433
0.09753231492361927
0.09811985898942421
0.09870740305522915
0.0992949471210341
0.099882491186839
0.10047003525264395
0.10105757931844889
0.10164512338425383
0.10340775558166863
0.10399529964747356
0.10458284371327849
0.10869565217391304
0.10928319623971798
0.10987074030552292
0.1609870740305523
0.16157461809635723
0.16216216216216217
0.1627497062279671
0.16803760282021152
0.16862514688601646
0.17273795534665098
0.17332549941245592
0.17391304347826086
0.17567567567567569
0.17626321974148063
0.22209165687426558
0.22267920094007052
0.22326674500587546
0.2238542890716804
0.22444183313748534
0.22502937720329028
0.22561692126909516
0.2262044653349001
0.22972972972972974
0.23031727379553468
0.23090481786133962
0.23149236192714454
0.23207990599294948
0.23266745005875442
0.23325499412455936
0.2338425381903643
0.23443008225616924
0.23501762632197415
0.2356051703877791
0.23619271445358403
0.23678025851938894
0.23736780258519388
0.23795534665099882
0.23854289071680376
0.2391304347826087
0.23971797884841364
0.24030552291421858
0.24089306698002352
0.24148061104582846
0.2420681551116334
0.24265569917743832
0.24324324324324326
0.24383078730904817
0.27614571092831963
0.2767332549941246
0.2773207990599295
0.2779083431257345
0.2784958871915394
0.2790834312573443
0.2796709753231492
0.2802585193889542
0.2808460634547591
0.28143360752056407
0.282021151586369
0.28260869565217395
0.28319623971797886
0.28378378378378377
0.28437132784958874
0.28495887191539365
0.2855464159811986
0.28613396004700353
0.2867215041128085
0.29670975323149235
0.2972972972972973
0.2978848413631022
0.2984723854289072
0.2990599294947121
0.299647473560517
0.300235017626322
0.3008225616921269
0.3014101057579318
0.3019976498237368
0.3025851938895417
0.30317273795534666
0.3037602820211516
0.30434782608695654
0.30493537015276145
0.3055229142185664
0.30611045828437133
0.3066980023501763
0.3072855464159812
0.3078730904817862
0.3084606345475911
0.30904817861339606
0.309635722679201
0.31022326674500583
0.3108108108108108
0.3113983548766157
0.3119858989424207
0.31316098707403056
0.31433607520564044
0.31492361927144535
0.3155111633372503
0.31609870740305523
0.3166862514688602
0.3172737955346651
0.3178613396004701
0.318448883666275
0.3190364277320799
0.3196239717978849
0.32021151586368973
0.36368977673325503
0.3642773207990599
0.36486486486486486
0.36545240893066977
0.36603995299647474
0.36662749706227965
0.3672150411280846
0.36780258519388953
0.3683901292596945
0.3689776733254994
0.3695652173913044
0.3701527614571093
0.37074030552291426
0.37132784958871917
0.3719153936545241
0.37250293772032905
0.37309048178613397
0.37367802585193893
0.37426556991774385
0.37544065804935367
0.37602820211515864
0.3772032902467685
0.37779083431257343
0.3783783783783784
0.3789659224441833
0.3795534665099883
0.3801410105757932
0.3807285546415981
0.3813160987074031
0.381903642773208
0.38249118683901295
0.38307873090481787
0.38366627497062283
0.38425381903642775
0.3848413631022327
0.3854289071680376
0.3860164512338426
0.38660399529964745
0.41421856639247945
0.4148061104582844
0.41539365452408933
0.41598119858989424
0.4165687426556992
0.41891891891891897
0.4195064629847238
0.4200940070505288
0.4206815511163337
0.4212690951821387
0.4218566392479436
0.42244418331374856
0.42303172737955347
0.43419506462984725
0.43478260869565216
0.43537015276145713
0.43595769682726204
0.436545240893067
0.4371327849588719
0.4377203290246769
0.4383078730904818
0.43889541715628677
0.4394829612220917
0.44007050528789665
0.4406580493537015
0.44124559341950653
0.4418331374853114
0.4424206815511163
0.44300822561692127
0.4435957696827262
0.44418331374853115
0.44477085781433606
0.44535840188014103
0.44594594594594594
0.4465334900117509
0.4471210340775558
0.4477085781433608
0.4482961222091657
0.44888366627497067
0.4494712103407756
0.45005875440658055
0.45064629847238546
0.4512338425381903
0.4518213866039953
0.4524089306698002
0.45299647473560517
0.4535840188014101
0.45417156286721505
0.45475910693301996
0.45534665099882493
0.45593419506462984
0.4565217391304348
0.4571092831962397
0.4576968272620447
0.4582843713278496
0.4588719153936546
0.4594594594594595
0.46004700352526445
0.46063454759106937
0.4612220916568743
0.46180963572267925
0.4623971797884841
0.46298472385428907
0.463572267920094
0.46415981198589895
0.46474735605170386
0.46533490011750883
0.46592244418331374
0.4665099882491187
0.4670975323149236
0.4676850763807286
0.4682726204465335
0.4700352526439483
0.47062279670975327
0.48354876615746184
0.4841363102232668
0.48472385428907167
0.48531139835487663
0.48589894242068155
0.4864864864864865
0.4870740305522914
0.48766157461809634
0.4882491186839013
0.4888366627497062
0.4894242068155112
0.4900117508813161
0.49059929494712107
0.491186839012926
0.49177438307873095
0.49236192714453586
0.49294947121034083
0.49353701527614574
0.4941245593419507
0.4947121034077556
0.4952996474735606
0.49588719153936545
0.49647473560517036
0.4970622796709753
0.49764982373678024
0.4982373678025852
0.4988249118683901
0.4994124559341951
0.5
0.500587544065805
0.5011750881316098
0.5017626321974148
0.5023501762632198
0.5029377203290247
0.5035252643948296
0.5041128084606346
0.5047003525264395
0.5052878965922444
0.5058754406580493
0.5064629847238543
0.5070505287896593
0.5076380728554641
0.5082256169212691
0.5405405405405406
0.5411280846063455
0.5417156286721504
0.5423031727379554
0.5428907168037603
0.5434782608695653
0.5440658049353702
0.5446533490011751
0.54524089306698
0.545828437132785
0.5464159811985899
0.5470035252643949
0.5475910693301997
0.5481786133960047
0.5487661574618097
0.5493537015276145
0.5499412455934195
0.5505287896592245
0.5511163337250294
0.5517038777908343
0.5522914218566393
0.5528789659224442
0.5534665099882492
0.5540540540540541
0.554641598119859
0.6075205640423031
0.6081081081081081
0.6086956521739131
0.609283196239718
0.6098707403055229
0.6104582843713279
0.6110458284371328
0.6116333725029377
0.6122209165687427
0.6128084606345476
0.6133960047003526
0.6139835487661575
0.6145710928319624
0.6151586368977674
0.6157461809635724
0.6163337250293772
0.6169212690951822
0.6175088131609872
0.6180963572267921
0.618683901292597
0.619271445358402
0.6198589894242069
0.6204465334900117
0.6210340775558166
0.6216216216216216
0.6222091656874266
0.6227967097532314
0.6233842538190364
0.6239717978848414
0.6245593419506463
0.6251468860164512
0.6257344300822562
0.6263219741480611
0.6269095182138661
0.627497062279671
0.6280846063454759
0.6286721504112809
0.6292596944770857
0.6298472385428907
0.6304347826086957
0.6310223266745006
0.6316098707403055
0.6321974148061105
0.6327849588719154
0.6333725029377204
0.6339600470035253
0.6345475910693302
0.6351351351351352
0.6357226792009402
0.636310223266745
0.63689776733255
0.637485311398355
0.6380728554641598
0.6386603995299648
0.6392479435957698
0.6398354876615747
0.6404230317273795
0.6410105757931845
0.6415981198589895
0.6421856639247945
0.6427732079905992
0.6433607520564042
0.6439482961222092
0.6445358401880141
0.645123384253819
0.645710928319624
0.6462984723854289
0.6468860164512338
0.6474735605170387
0.6480611045828437
0.6486486486486487
0.6492361927144535
0.6498237367802585
0.6504112808460635
0.655111633372503
0.6556991774383079
0.6562867215041128
0.6568742655699178
0.6574618096357228
0.7038777908343127
0.7044653349001175
0.7074030552291422
0.7079905992949472
0.708578143360752
0.709165687426557
0.7097532314923619
0.7103407755581669
0.7109283196239717
0.7115158636897767
0.7121034077555817
0.7126909518213866
0.7132784958871915
0.7138660399529965
0.7144535840188014
0.7150411280846064
0.7156286721504113
0.7162162162162162
0.7168037602820212
0.717391304347826
0.717978848413631
0.9083431257344301
0.9089306698002351
0.9095182138660399
0.03995299647473561
0.04054054054054054
0.045828437132784956
0.046415981198589897
0.06169212690951822
0.06227967097532315
0.06286721504112809
0.06345475910693302
0.06404230317273796
0.0646298472385429
0.06521739130434784
0.06580493537015276
0.0663924794359577
0.06698002350176263
0.0699177438307873
0.09400705052878966
0.0945945945945946
0.09518213866039953
0.09576968272620447
0.0963572267920094
0.09694477085781433
0.0992949471210341
0.099882491186839
0.10047003525264395
0.10105757931844889
0.14571092831962398
0.14629847238542892
0.14688601645123386
0.14747356051703878
0.14806110458284372
0.15452408930669803
0.15511163337250292
0.15569917743830786
0.1562867215041128
0.15687426556991774
0.15746180963572268
0.15804935370152762
0.15863689776733256
0.1592244418331375
0.15981198589894244
0.16039952996474738
0.1609870740305523
0.16157461809635723
0.16216216216216217
0.16980023501762634
0.17038777908343128
0.17097532314923622
0.17156286721504116
0.17215041128084607
0.17273795534665098
0.17332549941245592
0.17391304347826086
0.1745005875440658
0.17508813160987075
0.2262044653349001
0.22679200940070504
0.22737955346650998
0.22796709753231492
0.23501762632197415
0.2356051703877791
0.24148061104582846
0.2420681551116334
0.24265569917743832
0.24324324324324326
0.24383078730904817
0.2444183313748531
0.24500587544065805
0.245593419506463
0.24618096357226793
0.24676850763807287
0.2473560517038778
0.24794359576968272
0.24853113983548766
0.2491186839012926
0.24970622796709754
0.2502937720329025
0.2508813160987074
0.25146886016451236
0.2520564042303173
0.2526439482961222
0.2673325499412456
0.2679200940070505
0.2685076380728555
0.2690951821386604
0.2696827262044654
0.2702702702702703
0.2708578143360752
0.2808460634547591
0.28143360752056407
0.282021151586369
0.28260869565217395
0.28319623971797886
0.28378378378378377
0.28437132784958874
0.28495887191539365
0.2855464159811986
0.28613396004700353
0.2867215041128085
0.2873090481786134
0.2878965922444183
0.3014101057579318
0.3025851938895417
0.30317273795534666
0.3037602820211516
0.309635722679201
0.31022326674500583
0.3108108108108108
0.3113983548766157
0.3119858989424207
0.3125734430082256
0.31316098707403056
0.3137485311398355
0.31433607520564044
0.31492361927144535
0.3155111633372503
0.31609870740305523
0.3166862514688602
0.3172737955346651
0.3178613396004701
0.318448883666275
0.3190364277320799
0.3196239717978849
0.32021151586368973
0.32079905992949476
0.3213866039952996
0.3219741480611046
0.3225616921269095
0.32314923619271446
0.3237367802585194
0.32432432432432434
0.33313748531139836
0.35546415981198587
0.36310223266745006
0.36368977673325503
0.3642773207990599
0.36486486486486486
0.36603995299647474
0.36662749706227965
0.3672150411280846
0.36780258519388953
0.3683901292596945
0.3689776733254994
0.3695652173913044
0.3701527614571093
0.37074030552291426
0.37132784958871917
0.3719153936545241
0.37250293772032905
0.37309048178613397
0.37367802585193893
0.37426556991774385
0.3748531139835488
0.37544065804935367
0.37602820211515864
0.37661574618096355
0.3772032902467685
0.37779083431257343
0.3783783783783784
0.3789659224441833
0.3795534665099883
0.3801410105757932
0.3813160987074031
0.381903642773208
0.38249118683901295
0.38307873090481787
0.38366627497062283
0.38425381903642775
0.3848413631022327
0.3854289071680376
0.3860164512338426
0.38660399529964745
0.4165687426556992
0.4171562867215041
0.4177438307873091
0.41833137485311395
0.41891891891891897
0.4195064629847238
0.4200940070505288
0.43419506462984725
0.44594594594594594
0.4465334900117509
0.4471210340775558
0.4477085781433608
0.4482961222091657
0.44888366627497067
0.4494712103407756
0.45005875440658055
0.45064629847238546
0.4512338425381903
0.4518213866039953
0.4524089306698002
0.45299647473560517
0.4535840188014101
0.45417156286721505
0.45475910693301996
0.45534665099882493
0.45593419506462984
0.4565217391304348
0.4571092831962397
0.4576968272620447
0.4582843713278496
0.4588719153936546
0.4594594594594595
0.46004700352526445
0.46063454759106937
0.4612220916568743
0.46180963572267925
0.4623971797884841
0.46298472385428907
0.463572267920094
0.46415981198589895
0.46474735605170386
0.46533490011750883
0.46592244418331374
0.4665099882491187
0.4670975323149236
0.4676850763807286
0.4682726204465335
0.4688601645123385
0.4694477085781434
0.4700352526439483
0.491186839012926
0.49177438307873095
0.4941245593419507
0.4947121034077556
0.4952996474735606
0.49588719153936545
0.49647473560517036
0.4970622796709753
0.49764982373678024
0.4982373678025852
0.4988249118683901
0.4994124559341951
0.5
0.500587544065805
0.5011750881316098
0.5017626321974148
0.5023501762632198
0.5029377203290247
0.5035252643948296
0.5041128084606346
0.5047003525264395
0.5052878965922444
0.5058754406580493
0.5064629847238543
0.5070505287896593
0.5076380728554641
0.5082256169212691
0.5088131609870741
0.509400705052879
0.5229142185663924
0.5235017626321974
0.5240893066980024
0.5246768507638073
0.5252643948296122
0.5387779083431258
0.5393654524089307
0.5399529964747356
0.5405405405405406
0.5411280846063455
0.5417156286721504
0.5423031727379554
0.5428907168037603
0.5434782608695653
0.5440658049353702
0.5446533490011751
0.54524089306698
0.545828437132785
0.5464159811985899
0.5470035252643949
0.5475910693301997
0.5481786133960047
0.5487661574618097
0.5493537015276145
0.5499412455934195
0.5505287896592245
0.5511163337250294
0.5517038777908343
0.5522914218566393
0.5528789659224442
0.5740305522914219
0.6039952996474736
0.6045828437132785
0.6051703877790834
0.6057579318448884
0.6063454759106933
0.6069330199764983
0.6075205640423031
0.6180963572267921
0.618683901292597
0.619271445358402
0.6198589894242069
0.6204465334900117
0.6210340775558166
0.6216216216216216
0.6222091656874266
0.6227967097532314
0.6233842538190364
0.6239717978848414
0.6245593419506463
0.6251468860164512
0.6257344300822562
0.6263219741480611
0.6269095182138661
0.627497062279671
0.6280846063454759
0.6292596944770857
0.6345475910693302
0.6351351351351352
0.6357226792009402
0.636310223266745
0.63689776733255
0.637485311398355
0.6380728554641598
0.6386603995299648
0.6392479435957698
0.6398354876615747
0.6404230317273795
0.6410105757931845
0.6415981198589895
0.6421856639247945
0.6427732079905992
0.6433607520564042
0.6439482961222092
0.6445358401880141
0.645123384253819
0.645710928319624
0.6462984723854289
0.6468860164512338
0.6474735605170387
0.6480611045828437
0.6486486486486487
0.6492361927144535
0.6498237367802585
0.6504112808460635
0.6509988249118684
0.6515863689776733
0.6521739130434783
0.6527614571092832
0.6533490011750882
0.6539365452408931
0.654524089306698
0.655111633372503
0.6556991774383079
0.6562867215041128
0.6568742655699178
0.6574618096357228
0.6580493537015276
0.6586368977673326
0.6592244418331376
0.6598119858989425
0.6603995299647474
0.6609870740305523
0.6615746180963573
0.6621621621621623
0.662749706227967
0.6633372502937721
0.6991774383078732
0.699764982373678
0.700352526439483
0.700940070505288
0.7015276145710929
0.7021151586368978
0.7027027027027027
0.7032902467685077
0.7038777908343127
0.7044653349001175
0.7050528789659225
0.7056404230317275
0.7062279670975324
0.7068155111633372
0.7074030552291422
0.7079905992949472
0.708578143360752
0.709165687426557
0.7097532314923619
0.7103407755581669
0.7109283196239717
0.7115158636897767
0.7121034077555817
0.7126909518213866
0.7132784958871915
0.7138660399529965
0.7144535840188014
0.7150411280846064
0.7156286721504113
0.7162162162162162
0.7168037602820212
0.717391304347826
0.717978848413631
0.718566392479436
0.719153936545241
0.7197414806110458
0.7203290246768508
0.7209165687426558
0.7215041128084607
0.7220916568742656
0.7226792009400705
0.7232667450058755
0.7238542890716805
0.7732079905992949
0.7737955346650999
0.7743830787309048
0.7749706227967097
0.7755581668625147
0.7761457109283196
0.7767332549941246
0.7773207990599295
0.7779083431257344
0.7784958871915394
0.7790834312573442
0.9294947121034077
0.9300822561692127
0.9306698002350177
0.9312573443008225
0.9318448883666275
0.018213866039952998
0.01880141010575793
0.019388954171562865
0.05229142185663924
0.052878965922444184
0.053466509988249124
0.05875440658049354
0.05934195064629847
0.05992949471210341
0.06051703877790835
0.06933019976498238
0.0699177438307873
0.07050528789659224
0.07109283196239718
0.16333725029377205
0.16392479435957696
0.1745005875440658
0.17508813160987075
0.17567567567567569
0.17626321974148063
0.17685076380728554
0.17743830787309048
0.17802585193889542
0.17861339600470036
0.1792009400705053
0.17978848413631024
0.18037602820211518
0.20857814336075206
0.20916568742655697
0.2097532314923619
0.21034077555816685
0.2109283196239718
0.21151586368977673
0.21210340775558167
0.21680376028202114
0.21739130434782608
0.21797884841363102
0.21974148061104584
0.22032902467685075
0.2209165687426557
0.22150411280846063
0.22209165687426558
0.22267920094007052
0.22326674500587546
0.2238542890716804
0.22444183313748534
0.22502937720329028
0.22561692126909516
0.2262044653349001
0.22679200940070504
0.22737955346650998
0.22796709753231492
0.22855464159811986
0.2291421856639248
0.22972972972972974
0.23031727379553468
0.23090481786133962
0.23149236192714454
0.23207990599294948
0.23266745005875442
0.23325499412455936
0.2338425381903643
0.23443008225616924
0.23501762632197415
0.2356051703877791
0.23619271445358403
0.23678025851938894
0.23736780258519388
0.24030552291421858
0.24089306698002352
0.24148061104582846
0.2420681551116334
0.24265569917743832
0.24324324324324326
0.24383078730904817
0.24618096357226793
0.24676850763807287
0.2473560517038778
0.24794359576968272
0.28848413631022324
0.2890716803760282
0.3019976498237368
0.3313748531139835
0.33196239717978854
0.3490011750881316
0.35781433607520563
0.3584018801410106
0.3589894242068155
0.3595769682726205
0.3601645123384254
0.3642773207990599
0.36486486486486486
0.36545240893066977
0.36603995299647474
0.36662749706227965
0.3672150411280846
0.36780258519388953
0.3683901292596945
0.3689776733254994
0.3695652173913044
0.3701527614571093
0.37074030552291426
0.37132784958871917
0.3719153936545241
0.37250293772032905
0.37309048178613397
0.37367802585193893
0.37426556991774385
0.3748531139835488
0.37544065804935367
0.37602820211515864
0.37661574618096355
0.3772032902467685
0.37779083431257343
0.3783783783783784
0.3789659224441833
0.3795534665099883
0.3801410105757932
0.3807285546415981
0.3813160987074031
0.381903642773208
0.38249118683901295
0.38307873090481787
0.38366627497062283
0.38425381903642775
0.3848413631022327
0.3854289071680376
0.3860164512338426
0.41421856639247945
0.4148061104582844
0.41539365452408933
0.41598119858989424
0.4165687426556992
0.4171562867215041
0.43419506462984725
0.43478260869565216
0.43537015276145713
0.43595769682726204
0.436545240893067
0.4371327849588719
0.4377203290246769
0.4383078730904818
0.43889541715628677
0.4394829612220917
0.44007050528789665
0.4406580493537015
0.44124559341950653
0.4418331374853114
0.4424206815511163
0.44300822561692127
0.4435957696827262
0.44418331374853115
0.44477085781433606
0.44535840188014103
0.44594594594594594
0.4465334900117509
0.4471210340775558
0.4477085781433608
0.4482961222091657
0.44888366627497067
0.4494712103407756
0.45005875440658055
0.45064629847238546
0.4512338425381903
0.4518213866039953
0.4524089306698002
0.45299647473560517
0.4535840188014101
0.45417156286721505
0.45475910693301996
0.45534665099882493
0.45593419506462984
0.4565217391304348
0.4571092831962397
0.4576968272620447
0.4582843713278496
0.4588719153936546
0.4594594594594595
0.46004700352526445
0.46063454759106937
0.4612220916568743
0.46180963572267925
0.4623971797884841
0.46298472385428907
0.463572267920094
0.46415981198589895
0.46474735605170386
0.46533490011750883
0.46592244418331374
0.4665099882491187
0.4670975323149236
0.4676850763807286
0.4952996474735606
0.49588719153936545
0.49647473560517036
0.4970622796709753
0.49764982373678024
0.4982373678025852
0.4988249118683901
0.4994124559341951
0.5
0.500587544065805
0.5011750881316098
0.5017626321974148
0.5023501762632198
0.5029377203290247
0.5035252643948296
0.5070505287896593
0.5076380728554641
0.5082256169212691
0.5088131609870741
0.509400705052879
0.5099882491186839
0.5105757931844889
0.5111633372502938
0.5117508813160988
0.5123384253819037
0.5129259694477086
0.5135135135135135
0.5141010575793185
0.5146886016451234
0.5152761457109283
0.5158636897767332
0.5164512338425382
0.5170387779083432
0.5193889541715629
0.5199764982373678
0.5205640423031728
0.5217391304347827
0.5223266745005876
0.5282021151586369
0.5287896592244419
0.5293772032902468
0.5299647473560517
0.5305522914218567
0.5311398354876616
0.5423031727379554
0.5428907168037603
0.5434782608695653
0.5440658049353702
0.5446533490011751
0.54524089306698
0.545828437132785
0.5464159811985899
0.5470035252643949
0.5475910693301997
0.5481786133960047
0.5487661574618097
0.5493537015276145
0.5499412455934195
0.6098707403055229
0.6104582843713279
0.6110458284371328
0.6116333725029377
0.6122209165687427
0.6128084606345476
0.6133960047003526
0.6139835487661575
0.6145710928319624
0.6151586368977674
0.6157461809635724
0.6163337250293772
0.6169212690951822
0.6175088131609872
0.6180963572267921
0.618683901292597
0.619271445358402
0.6198589894242069
0.6204465334900117
0.6210340775558166
0.6216216216216216
0.6222091656874266
0.6227967097532314
0.6233842538190364
0.6239717978848414
0.6245593419506463
0.6251468860164512
0.6257344300822562
0.6263219741480611
0.6269095182138661
0.627497062279671
0.6280846063454759
0.6286721504112809
0.6292596944770857
0.6298472385428907
0.6304347826086957
0.6310223266745006
0.6316098707403055
0.6321974148061105
0.6327849588719154
0.6333725029377204
0.6339600470035253
0.6345475910693302
0.6351351351351352
0.6357226792009402
0.636310223266745
0.63689776733255
0.637485311398355
0.6380728554641598
0.6386603995299648
0.6392479435957698
0.6398354876615747
0.6404230317273795
0.6410105757931845
0.6415981198589895
0.6421856639247945
0.6462984723854289
0.6468860164512338
0.6474735605170387
0.6480611045828437
0.6486486486486487
0.6492361927144535
0.6498237367802585
0.6504112808460635
0.6509988249118684
0.6515863689776733
0.6521739130434783
0.6527614571092832
0.6533490011750882
0.6539365452408931
0.6645123384253818
0.6650998824911868
0.6656874265569918
0.6662749706227967
0.6668625146886016
0.6780258519388954
0.6786133960047004
0.6792009400705054
0.6797884841363103
0.6803760282021152
0.6809635722679201
0.6815511163337251
0.68213866039953
0.6827262044653349
0.6833137485311399
0.6844888366627496
0.6850763807285546
0.6856639247943597
0.6862514688601646
0.6868390129259694
0.6874265569917744
0.6880141010575793
0.6886016451233843
0.6891891891891891
0.6897767332549941
0.6903642773207991
0.6909518213866039
0.6915393654524089
0.6921269095182139
0.6927144535840188
0.6933019976498237
0.6938895417156287
0.6944770857814336
0.6956521739130435
0.6962397179788484
0.6968272620446534
0.6974148061104584
0.6980023501762632
0.6985898942420682
0.699764982373678
0.700352526439483
0.700940070505288
0.7015276145710929
0.7021151586368978
0.7027027027027027
0.7032902467685077
0.7038777908343127
0.7044653349001175
0.7050528789659225
0.7056404230317275
0.7062279670975324
0.7068155111633372
0.7074030552291422
0.7079905992949472
0.708578143360752
0.709165687426557
0.7097532314923619
0.7103407755581669
0.7109283196239717
0.7115158636897767
0.7121034077555817
0.7126909518213866
0.7132784958871915
0.7138660399529965
0.7144535840188014
0.7150411280846064
0.7156286721504113
0.7162162162162162
0.7168037602820212
0.717391304347826
0.717978848413631
0.718566392479436
0.719153936545241
0.7197414806110458
0.7203290246768508
0.7209165687426558
0.7215041128084607
0.7220916568742656
0.7226792009400705
0.7232667450058755
0.7238542890716805
0.7244418331374853
0.7250293772032903
0.7256169212690953
0.7262044653349001
0.7267920094007051
0.7273795534665101
0.727967097532315
0.7285546415981198
0.7696827262044654
0.7702702702702703
0.7708578143360753
0.7714453584018802
0.7720329024676852
0.7726204465334899
0.7732079905992949
0.7737955346650999
0.7743830787309048
0.7749706227967097
0.7755581668625147
0.03172737955346651
0.03231492361927145
0.03290246768507638
0.03936545240893067
0.03995299647473561
0.04054054054054054
0.041128084606345476
0.04171562867215041
0.04230317273795535
0.0681551116333725
0.06874265569917744
0.06933019976498238
0.07050528789659224
0.07109283196239718
0.07168037602820213
0.14864864864864866
0.1492361927144536
0.1498237367802585
0.15041128084606345
0.1509988249118684
0.15158636897767333
0.15217391304347827
0.1527614571092832
0.17508813160987075
0.17567567567567569
0.17626321974148063
0.21269095182138661
0.21504112808460638
0.2156286721504113
0.21621621621621623
0.21797884841363102
0.21856639247943596
0.2191539365452409
0.21974148061104584
0.22032902467685075
0.2209165687426557
0.22150411280846063
0.22209165687426558
0.22267920094007052
0.22326674500587546
0.2238542890716804
0.22444183313748534
0.22502937720329028
0.22561692126909516
0.2262044653349001
0.22679200940070504
0.22737955346650998
0.22796709753231492
0.22855464159811986
0.2291421856639248
0.22972972972972974
0.23031727379553468
0.23090481786133962
0.23149236192714454
0.23207990599294948
0.23266745005875442
0.23325499412455936
0.2338425381903643
0.23443008225616924
0.23501762632197415
0.2356051703877791
0.23619271445358403
0.23678025851938894
0.23736780258519388
0.23795534665099882
0.23854289071680376
0.2391304347826087
0.23971797884841364
0.24030552291421858
0.24089306698002352
0.24148061104582846
0.2420681551116334
0.24265569917743832
0.24324324324324326
0.24383078730904817
0.35663924794359575
0.3572267920094007
0.35781433607520563
0.3584018801410106
0.3589894242068155
0.3595769682726205
0.3601645123384254
0.36075205640423036
0.36133960047003527
0.36192714453584024
0.36251468860164515
0.36310223266745006
0.36368977673325503
0.3642773207990599
0.36486486486486486
0.36545240893066977
0.36603995299647474
0.36662749706227965
0.3672150411280846
0.36780258519388953
0.3683901292596945
0.3689776733254994
0.3695652173913044
0.3701527614571093
0.37074030552291426
0.37132784958871917
0.3719153936545241
0.37250293772032905
0.37309048178613397
0.37367802585193893
0.37426556991774385
0.3748531139835488
0.37544065804935367
0.37602820211515864
0.37661574618096355
0.3772032902467685
0.37779083431257343
0.3783783783783784
0.3789659224441833
0.3795534665099883
0.3801410105757932
0.3807285546415981
0.3813160987074031
0.381903642773208
0.38249118683901295
0.38307873090481787
0.38366627497062283
0.38425381903642775
0.3848413631022327
0.3854289071680376
0.3860164512338426
0.38660399529964745
0.3871915393654524
0.38777908343125733
0.3883666274970623
0.40834312573443005
0.408930669800235
0.4095182138660399
0.4101057579318449
0.4106933019976498
0.4112808460634548
0.4118683901292597
0.41245593419506466
0.41304347826086957
0.4165687426556992
0.4424206815511163
0.44300822561692127
0.4435957696827262
0.44418331374853115
0.44477085781433606
0.44535840188014103
0.44594594594594594
0.4465334900117509
0.4471210340775558
0.4477085781433608
0.4482961222091657
0.44888366627497067
0.4494712103407756
0.45005875440658055
0.45064629847238546
0.4512338425381903
0.4518213866039953
0.4524089306698002
0.45299647473560517
0.4535840188014101
0.45417156286721505
0.45475910693301996
0.45534665099882493
0.45593419506462984
0.4565217391304348
0.4571092831962397
0.4576968272620447
0.4582843713278496
0.4588719153936546
0.4594594594594595
0.46004700352526445
0.46063454759106937
0.4612220916568743
0.46180963572267925
0.4623971797884841
0.46298472385428907
0.463572267920094
0.46415981198589895
0.46474735605170386
0.46533490011750883
0.46592244418331374
0.4665099882491187
0.4670975323149236
0.4676850763807286
0.4682726204465335
0.4688601645123385
0.4694477085781434
0.4700352526439483
0.47062279670975327
0.4712103407755582
0.47179788484136315
0.47238542890716806
0.49764982373678024
0.4982373678025852
0.4988249118683901
0.4994124559341951
0.5
0.5023501762632198
0.5029377203290247
0.5041128084606346
0.5423031727379554
0.5428907168037603
0.5434782608695653
0.5440658049353702
0.5446533490011751
0.54524089306698
0.545828437132785
0.5464159811985899
0.5470035252643949
0.5475910693301997
0.5481786133960047
0.5487661574618097
0.5493537015276145
0.5499412455934195
0.5934195064629847
0.5940070505287897
0.5945945945945946
0.5951821386603996
0.5957696827262045
0.6081081081081081
0.6086956521739131
0.609283196239718
0.6098707403055229
0.6104582843713279
0.6110458284371328
0.6145710928319624
0.6151586368977674
0.6157461809635724
0.6163337250293772
0.6169212690951822
0.6175088131609872
0.6180963572267921
0.618683901292597
0.619271445358402
0.6198589894242069
0.6204465334900117
0.6210340775558166
0.6216216216216216
0.6222091656874266
0.6227967097532314
0.6233842538190364
0.6239717978848414
0.6245593419506463
0.6251468860164512
0.6257344300822562
0.6263219741480611
0.6269095182138661
0.627497062279671
0.6280846063454759
0.6286721504112809
0.6292596944770857
0.6298472385428907
0.6304347826086957
0.6310223266745006
0.6316098707403055
0.6321974148061105
0.6327849588719154
0.6333725029377204
0.6339600470035253
0.6345475910693302
0.6351351351351352
0.6357226792009402
0.636310223266745
0.6474735605170387
0.6480611045828437
0.6486486486486487
0.6492361927144535
0.6498237367802585
0.6533490011750882
0.6539365452408931
0.654524089306698
0.655111633372503
0.6556991774383079
0.6562867215041128
0.6568742655699178
0.6574618096357228
0.6580493537015276
0.6586368977673326
0.6656874265569918
0.6662749706227967
0.6668625146886016
0.6680376028202115
0.6839012925969449
0.6844888366627496
0.6850763807285546
0.6856639247943597
0.6862514688601646
0.6868390129259694
0.6874265569917744
0.6880141010575793
0.6886016451233843
0.6891891891891891
0.6897767332549941
0.6903642773207991
0.6909518213866039
0.6915393654524089
0.6921269095182139
0.6927144535840188
0.6933019976498237
0.6938895417156287
0.6944770857814336
0.6950646298472386
0.6956521739130435
0.6962397179788484
0.6968272620446534
0.6974148061104584
0.6980023501762632
0.6985898942420682
0.6991774383078732
0.699764982373678
0.700352526439483
0.700940070505288
0.7015276145710929
0.7021151586368978
0.7027027027027027
0.7032902467685077
0.7038777908343127
0.7044653349001175
0.7050528789659225
0.7056404230317275
0.7062279670975324
0.7068155111633372
0.7074030552291422
0.7079905992949472
0.708578143360752
0.709165687426557
0.7250293772032903
0.7256169212690953
0.7262044653349001
0.7267920094007051
0.7273795534665101
0.727967097532315
0.7285546415981198
0.7291421856639247
0.7297297297297297
0.7444183313748531
0.7450058754406581
0.7455934195064631
0.7461809635722679
0.7467685076380729
0.7473560517038779
0.7479435957696828
0.7485311398354877
0.7491186839012927
0.7497062279670976
0.7502937720329026
0.7508813160987073
0.7514688601645123
0.7520564042303173
0.7532314923619271
0.7549941245593419
0.7555816686251469
0.7561692126909518
0.7567567567567568
0.7573443008225617
0.7579318448883666
0.7585193889541716
0.7591069330199766
0.7596944770857814
0.7602820211515864
0.7608695652173914
0.7614571092831962
0.7620446533490012
0.7626321974148061
0.7632197414806111
0.763807285546416
0.7643948296122209
0.7649823736780259
0.7655699177438309
0.7661574618096357
0.7667450058754407
0.7673325499412457
0.7679200940070506
0.7685076380728555
0.7690951821386605
0.7696827262044654
0.7702702702702703
0.7708578143360753
0.8102232667450059
0.8108108108108109
0.9300822561692127
0.9312573443008225
0.9318448883666275
0.033490011750881316
0.03407755581668625
0.03466509988249119
0.03525264394829612
0.03584018801410106
0.04171562867215041
0.04230317273795535
0.09341950646298473
0.09400705052878966
0.14512338425381904
0.14571092831962398
0.14629847238542892
0.14688601645123386
0.14747356051703878
0.14806110458284372
0.14864864864864866
0.1492361927144536
0.1498237367802585
0.15041128084606345
0.1509988249118684
0.15158636897767333
0.15217391304347827
0.1527614571092832
0.15334900117508815
0.1539365452408931
0.15452408930669803
0.15511163337250292
0.15569917743830786
0.1562867215041128
0.15687426556991774
0.15746180963572268
0.15804935370152762
0.15863689776733256
0.1592244418331375
0.17038777908343128
0.17097532314923622
0.17156286721504116
0.17215041128084607
0.17273795534665098
0.2262044653349001
0.22855464159811986
0.2291421856639248
0.22972972972972974
0.23031727379553468
0.23090481786133962
0.23149236192714454
0.23207990599294948
0.23266745005875442
0.23325499412455936
0.3037602820211516
0.30434782608695654
0.30493537015276145
0.3055229142185664
0.30611045828437133
0.3601645123384254
0.36075205640423036
0.36133960047003527
0.36192714453584024
0.36251468860164515
0.36310223266745006
0.36368977673325503
0.3642773207990599
0.36486486486486486
0.36545240893066977
0.36603995299647474
0.36662749706227965
0.3672150411280846
0.36780258519388953
0.3683901292596945
0.3689776733254994
0.3695652173913044
0.3701527614571093
0.37074030552291426
0.37132784958871917
0.3719153936545241
0.37250293772032905
0.37309048178613397
0.37367802585193893
0.37426556991774385
0.3748531139835488
0.37544065804935367
0.37602820211515864
0.37661574618096355
0.3772032902467685
0.37779083431257343
0.3783783783783784
0.3789659224441833
0.3795534665099883
0.3801410105757932
0.3807285546415981
0.3813160987074031
0.381903642773208
0.38249118683901295
0.38307873090481787
0.38366627497062283
0.38425381903642775
0.3848413631022327
0.3854289071680376
0.3860164512338426
0.38660399529964745
0.3871915393654524
0.38777908343125733
0.3883666274970623
0.3889541715628672
0.3895417156286721
0.3901292596944771
0.390716803760282
0.391304347826087
0.3918918918918919
0.39247943595769685
0.39306698002350177
0.39365452408930673
0.4377203290246769
0.4383078730904818
0.4424206815511163
0.44300822561692127
0.4435957696827262
0.44418331374853115
0.44477085781433606
0.44535840188014103
0.44594594594594594
0.4465334900117509
0.4471210340775558
0.4477085781433608
0.4482961222091657
0.44888366627497067
0.4494712103407756
0.45005875440658055
0.45064629847238546
0.4512338425381903
0.4518213866039953
0.4524089306698002
0.45299647473560517
0.4535840188014101
0.45417156286721505
0.45475910693301996
0.45534665099882493
0.45593419506462984
0.4565217391304348
0.4571092831962397
0.4576968272620447
0.4582843713278496
0.4588719153936546
0.4594594594594595
0.46004700352526445
0.46063454759106937
0.4612220916568743
0.46180963572267925
0.4623971797884841
0.46298472385428907
0.463572267920094
0.46415981198589895
0.46474735605170386
0.46592244418331374
0.4665099882491187
0.4670975323149236
0.4676850763807286
0.4682726204465335
0.4688601645123385
0.4712103407755582
0.47179788484136315
0.47238542890716806
0.472972972972973
0.4735605170387779
0.47414806110458285
0.47473560517038776
0.47532314923619273
0.47591069330199764
0.4764982373678026
0.4770857814336075
0.49059929494712107
0.491186839012926
0.5023501762632198
0.5052878965922444
0.5058754406580493
0.5064629847238543
0.5070505287896593
0.5076380728554641
0.5082256169212691
0.5099882491186839
0.5105757931844889
0.5111633372502938
0.5117508813160988
0.5123384253819037
0.5129259694477086
0.5135135135135135
0.5317273795534665
0.5323149236192715
0.5329024676850763
0.5699177438307873
0.5705052878965923
0.5710928319623972
0.5716803760282021
0.5893066980023501
0.5951821386603996
0.5963572267920094
0.6039952996474736
0.6045828437132785
0.6051703877790834
0.6057579318448884
0.6086956521739131
0.609283196239718
0.6098707403055229
0.6104582843713279
0.6110458284371328
0.6116333725029377
0.6122209165687427
0.6128084606345476
0.6133960047003526
0.6139835487661575
0.6145710928319624
0.6151586368977674
0.6157461809635724
0.6163337250293772
0.6169212690951822
0.6175088131609872
0.6180963572267921
0.618683901292597
0.619271445358402
0.6198589894242069
0.6210340775558166
0.6216216216216216
0.6222091656874266
0.6227967097532314
0.6233842538190364
0.6239717978848414
0.6245593419506463
0.6251468860164512
0.6263219741480611
0.645123384253819
0.645710928319624
0.6462984723854289
0.6468860164512338
0.6474735605170387
0.6480611045828437
0.6486486486486487
0.6492361927144535
0.7250293772032903
0.7256169212690953
0.7262044653349001
0.7267920094007051
0.7273795534665101
0.727967097532315
0.7285546415981198
0.7291421856639247
0.7297297297297297
0.7309048178613395
0.7314923619271445
0.7320799059929495
0.7332549941245593
0.7338425381903643
0.7344300822561692
0.7350176263219741
0.7356051703877791
0.736192714453584
0.04289071680376029
0.043478260869565216
0.044065804935370156
0.04465334900117509
0.04524089306698003
0.045828437132784956
0.046415981198589897
0.04700352526439483
0.04935370152761458
0.1562867215041128
0.15687426556991774
0.15746180963572268
0.15804935370152762
0.18037602820211518
0.18096357226792012
0.18155111633372503
0.21034077555816685
0.2109283196239718
0.21151586368977673
0.21210340775558167
0.21269095182138661
0.21327849588719155
0.2138660399529965
0.21445358401880144
0.21504112808460638
0.2156286721504113
0.21621621621621623
0.21680376028202114
0.21739130434782608
0.21797884841363102
0.21856639247943596
0.2191539365452409
0.21974148061104584
0.22032902467685075
0.2209165687426557
0.22150411280846063
0.22209165687426558
0.22267920094007052
0.22326674500587546
0.2238542890716804
0.22444183313748534
0.22502937720329028
0.22561692126909516
0.2262044653349001
0.22679200940070504
0.22737955346650998
0.22796709753231492
0.22855464159811986
0.36192714453584024
0.36251468860164515
0.36310223266745006
0.36368977673325503
0.3642773207990599
0.36486486486486486
0.36545240893066977
0.36603995299647474
0.36662749706227965
0.3672150411280846
0.36780258519388953
0.3683901292596945
0.3689776733254994
0.3695652173913044
0.3701527614571093
0.37074030552291426
0.37132784958871917
0.3719153936545241
0.37250293772032905
0.37309048178613397
0.37367802585193893
0.37426556991774385
0.3748531139835488
0.37544065804935367
0.37602820211515864
0.37661574618096355
0.3772032902467685
0.37779083431257343
0.3783783783783784
0.3789659224441833
0.3795534665099883
0.3801410105757932
0.3807285546415981
0.3813160987074031
0.381903642773208
0.38249118683901295
0.38307873090481787
0.38366627497062283
0.38425381903642775
0.3848413631022327
0.3854289071680376
0.3860164512338426
0.38660399529964745
0.3871915393654524
0.38777908343125733
0.3883666274970623
0.3889541715628672
0.3895417156286721
0.3901292596944771
0.390716803760282
0.391304347826087
0.45534665099882493
0.45593419506462984
0.4565217391304348
0.4571092831962397
0.4576968272620447
0.4582843713278496
0.4588719153936546
0.4594594594594595
0.46004700352526445
0.46063454759106937
0.4612220916568743
0.46180963572267925
0.4623971797884841
0.46298472385428907
0.463572267920094
0.46415981198589895
0.46474735605170386
0.46533490011750883
0.46592244418331374
0.4665099882491187
0.4670975323149236
0.4676850763807286
0.4682726204465335
0.4688601645123385
0.4694477085781434
0.4700352526439483
0.47062279670975327
0.4712103407755582
0.47179788484136315
0.47238542890716806
0.472972972972973
0.4735605170387779
0.47414806110458285
0.47473560517038776
0.47532314923619273
0.47591069330199764
0.4770857814336075
0.4776733254994125
0.4782608695652174
0.4788484136310223
0.4794359576968273
0.4800235017626322
0.48061104582843717
0.4811985898942421
0.48178613396004705
0.48237367802585196
0.4829612220916569
0.48354876615746184
0.4841363102232668
0.48472385428907167
0.48531139835487663
0.48589894242068155
0.4864864864864865
0.4870740305522914
0.48766157461809634
0.4882491186839013
0.4888366627497062
0.4894242068155112
0.4900117508813161
0.49059929494712107
0.491186839012926
0.49177438307873095
0.49236192714453586
0.49294947121034083
0.49647473560517036
0.4970622796709753
0.49764982373678024
0.4982373678025852
0.4988249118683901
0.4994124559341951
0.5
0.500587544065805
0.5011750881316098
0.5017626321974148
0.5023501762632198
0.5029377203290247
0.5035252643948296
0.5041128084606346
0.5047003525264395
0.5052878965922444
0.5058754406580493
0.5064629847238543
0.5070505287896593
0.5076380728554641
0.5099882491186839
0.5135135135135135
0.5352526439482961
0.535840188014101
0.536427732079906
0.537015276145711
0.5376028202115158
0.5381903642773208
0.5387779083431258
0.5393654524089307
0.5399529964747356
0.5405405405405406
0.5411280846063455
0.5417156286721504
0.5423031727379554
0.5428907168037603
0.5581668625146886
0.5587544065804936
0.5593419506462984
0.5599294947121034
0.5605170387779084
0.5611045828437133
0.5616921269095182
0.5710928319623972
0.5716803760282021
0.5828437132784959
0.5834312573443009
0.5840188014101058
0.5846063454759107
0.5851938895417157
0.5857814336075206
0.5863689776733255
0.5957696827262045
0.5963572267920094
0.5969447708578144
0.5981198589894242
0.599294947121034
0.599882491186839
0.600470035252644
0.6010575793184489
0.6016451233842538
0.6310223266745006
0.6316098707403055
0.6321974148061105
0.6327849588719154
0.6333725029377204
0.6339600470035253
0.6345475910693302
0.6351351351351352
0.6357226792009402
0.636310223266745
0.63689776733255
0.637485311398355
0.6380728554641598
0.6421856639247945
0.18155111633372503
0.18213866039952994
0.18272620446533488
0.18331374853113983
0.18390129259694477
0.1844888366627497
0.18507638072855465
0.18566392479435959
0.36603995299647474
0.36662749706227965
0.3672150411280846
0.36780258519388953
0.3683901292596945
0.3689776733254994
0.3695652173913044
0.3701527614571093
0.37074030552291426
0.37132784958871917
0.3719153936545241
0.37250293772032905
0.37309048178613397
0.37367802585193893
0.37426556991774385
0.3748531139835488
0.37544065804935367
0.37602820211515864
0.37661574618096355
0.3772032902467685
0.37779083431257343
0.3783783783783784
0.3789659224441833
0.3795534665099883
0.3801410105757932
0.3807285546415981
0.3813160987074031
0.381903642773208
0.38249118683901295
0.38307873090481787
0.38366627497062283
0.38425381903642775
0.3848413631022327
0.3854289071680376
0.3860164512338426
0.38660399529964745
0.3871915393654524
0.38777908343125733
0.3883666274970623
0.3889541715628672
0.3895417156286721
0.3901292596944771
0.4582843713278496
0.46063454759106937
0.46298472385428907
0.463572267920094
0.46415981198589895
0.46474735605170386
0.46533490011750883
0.46592244418331374
0.4665099882491187
0.4688601645123385
0.4694477085781434
0.4700352526439483
0.47062279670975327
0.47532314923619273
0.47591069330199764
0.4776733254994125
0.4782608695652174
0.4788484136310223
0.4794359576968273
0.4800235017626322
0.48061104582843717
0.4811985898942421
0.48178613396004705
0.48237367802585196
0.4829612220916569
0.48354876615746184
0.4841363102232668
0.48472385428907167
0.48531139835487663
0.48589894242068155
0.4864864864864865
0.4870740305522914
0.48766157461809634
0.4882491186839013
0.4888366627497062
0.4894242068155112
0.4900117508813161
0.49059929494712107
0.491186839012926
0.49177438307873095
0.49236192714453586
0.4970622796709753
0.49764982373678024
0.4982373678025852
0.4988249118683901
0.4994124559341951
0.5
0.500587544065805
0.5011750881316098
0.5017626321974148
0.509400705052879
0.5111633372502938
0.5117508813160988
0.5123384253819037
0.5141010575793185
0.5146886016451234
0.5152761457109283
0.5158636897767332
0.5164512338425382
0.5170387779083432
0.517626321974148
0.518213866039953
0.518801410105758
0.5193889541715629
0.5199764982373678
0.5205640423031728
0.5211515863689777
0.5217391304347827
0.5223266745005876
0.5229142185663924
0.5235017626321974
0.5240893066980024
0.5246768507638073
0.5264394829612221
0.5270270270270271
0.5276145710928319
0.5282021151586369
0.5287896592244419
0.5293772032902468
0.5299647473560517
0.5305522914218567
0.5317273795534665
0.5434782608695653
0.5440658049353702
0.5446533490011751
0.54524089306698
0.545828437132785
0.5464159811985899
0.5470035252643949
0.5528789659224442
0.5534665099882492
0.5540540540540541
0.554641598119859
0.5552291421856639
0.555816686251469
0.5564042303172738
0.5628672150411281
0.5634547591069331
0.5722679200940071
0.572855464159812
0.573443008225617
0.5740305522914219
0.5746180963572268
0.5752056404230318
0.5757931844888367
0.5763807285546416
0.5769682726204465
0.5775558166862514
0.5781433607520564
0.5787309048178614
0.5793184488836662
0.5799059929494712
0.5804935370152762
0.5810810810810811
0.581668625146886
0.582256169212691
0.5828437132784959
0.5834312573443009
0.5840188014101058
0.5846063454759107
0.5904817861339601
0.591069330199765
0.5916568742655699
0.5922444183313749
0.5928319623971798
0.5951821386603996
0.5957696827262045
0.5963572267920094
0.5969447708578144
0.5975323149236194
0.5981198589894242
0.17802585193889542
0.17861339600470036
0.1792009400705053
0.17978848413631024
0.18037602820211518
0.18096357226792012
0.18155111633372503
0.3719153936545241
0.37250293772032905
0.37309048178613397
0.37367802585193893
0.3748531139835488
0.37544065804935367
0.37602820211515864
0.37661574618096355
0.3772032902467685
0.37779083431257343
0.3783783783783784
0.3789659224441833
0.3795534665099883
0.3801410105757932
0.3807285546415981
0.3813160987074031
0.381903642773208
0.38249118683901295
0.38366627497062283
0.38425381903642775
0.46063454759106937
0.4612220916568743
0.46180963572267925
0.4623971797884841
0.46298472385428907
0.46533490011750883
0.46592244418331374
0.4665099882491187
0.4670975323149236
0.47238542890716806
0.472972972972973
0.4735605170387779
0.47414806110458285
0.47473560517038776
0.47532314923619273
0.47591069330199764
0.4764982373678026
0.4770857814336075
0.4776733254994125
0.4782608695652174
0.4788484136310223
0.4794359576968273
0.4800235017626322
0.48061104582843717
0.4811985898942421
0.48178613396004705
0.48237367802585196
0.4829612220916569
0.48354876615746184
0.4841363102232668
0.48472385428907167
0.48589894242068155
0.4870740305522914
0.48766157461809634
0.4882491186839013
0.4941245593419507
0.4947121034077556
0.4952996474735606
0.49588719153936545
0.49647473560517036
0.4970622796709753
0.49764982373678024
0.4982373678025852
0.5070505287896593
0.5076380728554641
0.5082256169212691
0.5088131609870741
0.509400705052879
0.5099882491186839
0.5105757931844889
0.5111633372502938
0.5117508813160988
0.5123384253819037
0.5129259694477086
0.5135135135135135
0.5141010575793185
0.5146886016451234
0.5152761457109283
0.5158636897767332
0.5164512338425382
0.5170387779083432
0.517626321974148
0.518213866039953
0.518801410105758
0.5193889541715629
0.5199764982373678
0.5205640423031728
0.5211515863689777
0.5217391304347827
0.5223266745005876
0.5229142185663924
0.5235017626321974
0.5240893066980024
0.5246768507638073
0.5252643948296122
0.5258519388954171
0.5264394829612221
0.5270270270270271
0.5276145710928319
0.5282021151586369
0.5287896592244419
0.5293772032902468
0.5299647473560517
0.5305522914218567
0.5387779083431258
0.5393654524089307
0.5399529964747356
0.5405405405405406
0.5411280846063455
0.5417156286721504
0.5423031727379554
0.5428907168037603
0.5434782608695653
0.5440658049353702
0.5493537015276145
0.5499412455934195
0.5505287896592245
0.5511163337250294
0.5517038777908343
0.5522914218566393
0.5528789659224442
0.5534665099882492
0.5540540540540541
0.554641598119859
0.5552291421856639
0.555816686251469
0.5564042303172738
0.5569917743830788
0.5575793184488836
0.5581668625146886
0.5587544065804936
0.5593419506462984
0.5599294947121034
0.5605170387779084
0.5611045828437133
0.5616921269095182
0.5622796709753232
0.5628672150411281
0.5634547591069331
0.564042303172738
0.5646298472385429
0.5652173913043479
0.5658049353701529
0.5663924794359577
0.5669800235017626
0.5675675675675675
0.5681551116333725
0.5687426556991775
0.5693301997649823
0.5699177438307873
0.5705052878965923
0.5710928319623972
0.5716803760282021
0.5722679200940071
0.572855464159812
0.573443008225617
0.5740305522914219
0.5746180963572268
0.5752056404230318
0.5757931844888367
0.5763807285546416
0.5769682726204465
0.5775558166862514
0.5781433607520564
0.5787309048178614
0.5793184488836662
0.5799059929494712
0.5804935370152762
0.5810810810810811
0.581668625146886
0.582256169212691
0.5863689776733255
0.5869565217391304
0.5875440658049355
0.5881316098707403
0.5887191539365453
0.5893066980023501
0.5916568742655699
0.5922444183313749
0.5928319623971798
0.5940070505287897
0.5945945945945946
-0.17626321974148063
-0.17685076380728554
-0.17743830787309048
-0.17802585193889542
-0.17861339600470036
-0.1792009400705053
-0.17978848413631024
-0.18037602820211518
-0.38425381903642775
-0.3848413631022327
-0.3854289071680376
-0.4576968272620447
-0.4582843713278496
-0.4588719153936546
-0.4594594594594595
-0.46004700352526445
-0.46063454759106937
-0.4612220916568743
-0.46180963572267925
-0.4623971797884841
-0.46298472385428907
-0.463572267920094
-0.46415981198589895
-0.46474735605170386
-0.46533490011750883
-0.46592244418331374
-0.4665099882491187
-0.47179788484136315
-0.47238542890716806
-0.4735605170387779
-0.47414806110458285
-0.47473560517038776
-0.47532314923619273
-0.47591069330199764
-0.4764982373678026
-0.4770857814336075
-0.4776733254994125
-0.4782608695652174
-0.4788484136310223
-0.4794359576968273
-0.4800235017626322
-0.48061104582843717
-0.48589894242068155
-0.4864864864864865
-0.4870740305522914
-0.49294947121034083
-0.4941245593419507
-0.4947121034077556
-0.4952996474735606
-0.49588719153936545
-0.49647473560517036
-0.4970622796709753
-0.5047003525264395
-0.5052878965922444
-0.5058754406580493
-0.5064629847238543
-0.5070505287896593
-0.5076380728554641
-0.5082256169212691
-0.5088131609870741
-0.509400705052879
-0.5099882491186839
-0.5105757931844889
-0.5111633372502938
-0.5117508813160988
-0.5123384253819037
-0.5129259694477086
-0.5135135135135135
-0.5141010575793185
-0.5146886016451234
-0.5152761457109283
-0.5158636897767332
-0.5164512338425382
-0.5170387779083432
-0.517626321974148
-0.518213866039953
-0.518801410105758
-0.5193889541715629
-0.5223266745005876
-0.5229142185663924
-0.5235017626321974
-0.5240893066980024
-0.5246768507638073
-0.5352526439482961
-0.535840188014101
-0.536427732079906
-0.537015276145711
-0.5376028202115158
-0.5381903642773208
-0.5387779083431258
-0.5393654524089307
-0.5399529964747356
-0.5405405405405406
-0.5499412455934195
-0.5505287896592245
-0.5511163337250294
-0.5517038777908343
-0.5522914218566393
-0.5528789659224442
-0.5534665099882492
-0.5540540540540541
-0.554641598119859
-0.5552291421856639
-0.555816686251469
-0.5564042303172738
-0.5569917743830788
-0.5575793184488836
-0.5581668625146886
-0.5587544065804936
-0.5593419506462984
-0.5599294947121034
-0.5605170387779084
-0.5611045828437133
-0.5616921269095182
-0.5622796709753232
-0.5628672150411281
-0.5634547591069331
-0.564042303172738
-0.5646298472385429
-0.5658049353701529
-0.5663924794359577
-0.5669800235017626
-0.5675675675675675
-0.5681551116333725
-0.5687426556991775
-0.5693301997649823
-0.5699177438307873
-0.5705052878965923
-0.5710928319623972
-0.5716803760282021
-0.5722679200940071
-0.572855464159812
-0.573443008225617
-0.5740305522914219
-0.5746180963572268
-0.5752056404230318
-0.5757931844888367
-0.5763807285546416
-0.5769682726204465
-0.5775558166862514
-0.5781433607520564
-0.5787309048178614
-0.5793184488836662
-0.5799059929494712
-0.5810810810810811
-0.581668625146886
-0.5846063454759107
-0.5851938895417157
-0.5857814336075206
-0.5863689776733255
-0.5869565217391304
-0.5875440658049355
-0.5881316098707403
-0.5898942420681551
-0.5916568742655699
-0.5922444183313749
-0.5934195064629847
-0.17273795534665098
-0.17332549941245592
-0.17391304347826086
-0.1745005875440658
-0.17508813160987075
-0.17567567567567569
-0.17626321974148063
-0.17685076380728554
-0.17743830787309048
-0.17802585193889542
-0.17861339600470036
-0.3813160987074031
-0.381903642773208
-0.38249118683901295
-0.38307873090481787
-0.38366627497062283
-0.45005875440658055
-0.45064629847238546
-0.4512338425381903
-0.4518213866039953
-0.4524089306698002
-0.45299647473560517
-0.4535840188014101
-0.45417156286721505
-0.45475910693301996
-0.45534665099882493
-0.45593419506462984
-0.4565217391304348
-0.4571092831962397
-0.4576968272620447
-0.4582843713278496
-0.4588719153936546
-0.4594594594594595
-0.46004700352526445
-0.46063454759106937
-0.4612220916568743
-0.46180963572267925
-0.4623971797884841
-0.46298472385428907
-0.463572267920094
-0.46415981198589895
-0.46474735605170386
-0.46533490011750883
-0.46592244418331374
-0.4665099882491187
-0.4670975323149236
-0.4676850763807286
-0.4682726204465335
-0.4688601645123385
-0.4700352526439483
-0.47062279670975327
-0.4712103407755582
-0.47179788484136315
-0.47238542890716806
-0.472972972972973
-0.4735605170387779
-0.47414806110458285
-0.47473560517038776
-0.47532314923619273
-0.47591069330199764
-0.4776733254994125
-0.4782608695652174
-0.4788484136310223
-0.491186839012926
-0.49177438307873095
-0.49236192714453586
-0.49294947121034083
-0.49353701527614574
-0.4941245593419507
-0.4947121034077556
-0.4952996474735606
-0.49588719153936545
-0.49647473560517036
-0.4970622796709753
-0.49764982373678024
-0.4982373678025852
-0.4988249118683901
-0.4994124559341951
-0.5
-0.500587544065805
-0.5011750881316098
-0.5047003525264395
-0.5052878965922444
-0.5058754406580493
-0.5064629847238543
-0.5070505287896593
-0.5076380728554641
-0.5082256169212691
-0.5088131609870741
-0.509400705052879
-0.5099882491186839
-0.5270270270270271
-0.5276145710928319
-0.5282021151586369
-0.5287896592244419
-0.5293772032902468
-0.5299647473560517
-0.5305522914218567
-0.5311398354876616
-0.5317273795534665
-0.5323149236192715
-0.5329024676850763
-0.5334900117508814
-0.5340775558166863
-0.5493537015276145
-0.5499412455934195
-0.5505287896592245
-0.5511163337250294
-0.5517038777908343
-0.5522914218566393
-0.5528789659224442
-0.5534665099882492
-0.5540540540540541
-0.554641598119859
-0.5552291421856639
-0.555816686251469
-0.5599294947121034
-0.5605170387779084
-0.5646298472385429
-0.5652173913043479
-0.5799059929494712
-0.5804935370152762
-0.5810810810810811
-0.17097532314923622
-0.17156286721504116
-0.17215041128084607
-0.17273795534665098
-0.17332549941245592
-0.17391304347826086
-0.1745005875440658
-0.17508813160987075
-0.17567567567567569
-0.17626321974148063
-0.44888366627497067
-0.4494712103407756
-0.4512338425381903
-0.4518213866039953
-0.45299647473560517
-0.4535840188014101
-0.45417156286721505
-0.45475910693301996
-0.45534665099882493
-0.45593419506462984
-0.4565217391304348
-0.4571092831962397
-0.4576968272620447
-0.4582843713278496
-0.4588719153936546
-0.4594594594594595
-0.46004700352526445
-0.46063454759106937
-0.4612220916568743
-0.46180963572267925
-0.4623971797884841
-0.46298472385428907
-0.463572267920094
-0.46415981198589895
-0.46474735605170386
-0.46533490011750883
-0.46592244418331374
-0.4665099882491187
-0.4670975323149236
-0.4676850763807286
-0.47062279670975327
-0.4712103407755582
-0.47179788484136315
-0.47238542890716806
-0.472972972972973
-0.4735605170387779
-0.47414806110458285
-0.47591069330199764
-0.4764982373678026
-0.4894242068155112
-0.4900117508813161
-0.49059929494712107
-0.491186839012926
-0.49177438307873095
-0.49236192714453586
-0.49294947121034083
-0.49353701527614574
-0.4941245593419507
-0.4947121034077556
-0.4952996474735606
-0.49588719153936545
-0.49647473560517036
-0.4970622796709753
-0.49764982373678024
-0.4982373678025852
-0.4988249118683901
-0.4994124559341951
-0.5
-0.500587544065805
-0.5011750881316098
-0.5017626321974148
-0.5023501762632198
-0.5029377203290247
-0.5035252643948296
-0.5041128084606346
-0.5047003525264395
-0.5052878965922444
-0.5058754406580493
-0.5064629847238543
-0.5070505287896593
-0.5499412455934195
-0.5505287896592245
-0.5511163337250294
-0.5517038777908343
-0.5522914218566393
-0.5528789659224442
-0.5534665099882492
-0.5622796709753232
-0.5628672150411281
-0.7285546415981198
-0.7291421856639247
-0.026439482961222092
-0.0846063454759107
-0.08519388954171564
-0.08578143360752058
-0.08636897767332549
-0.08695652173913043
-0.08754406580493537
-0.1692126909518214
-0.16980023501762634
-0.17038777908343128
-0.17097532314923622
-0.4477085781433608
-0.4482961222091657
-0.49177438307873095
-0.49236192714453586
-0.49294947121034083
-0.49353701527614574
-0.4941245593419507
-0.4947121034077556
-0.4952996474735606
-0.49588719153936545
-0.49647473560517036
-0.4970622796709753
-0.49764982373678024
-0.6357226792009402
-0.636310223266745
-0.63689776733255
-0.637485311398355
-0.6380728554641598
-0.6386603995299648
-0.6392479435957698
-0.6398354876615747
-0.6404230317273795
-0.6410105757931845
-0.6415981198589895
-0.6421856639247945
-0.6427732079905992
-0.6433607520564042
-0.6915393654524089
-0.6921269095182139
-0.6927144535840188
-0.6933019976498237
-0.6938895417156287
-0.6944770857814336
-0.6950646298472386
-0.6956521739130435
-0.6962397179788484
-0.6968272620446534
-0.6974148061104584
-0.6980023501762632
-0.6985898942420682
-0.7062279670975324
-0.7068155111633372
-0.7074030552291422
-0.7079905992949472
-0.708578143360752
-0.709165687426557
-0.7097532314923619
-0.7103407755581669
-0.7109283196239717
-0.7115158636897767
-0.7121034077555817
-0.7126909518213866
-0.7132784958871915
-0.7138660399529965
-0.7144535840188014
-0.7150411280846064
-0.7156286721504113
-0.7162162162162162
-0.7168037602820212
-0.717391304347826
-0.717978848413631
-0.718566392479436
-0.719153936545241
-0.7197414806110458
-0.7203290246768508
-0.7209165687426558
-0.7215041128084607
-0.7220916568742656
-0.7226792009400705
-0.7232667450058755
-0.7238542890716805
-0.7244418331374853
-0.7250293772032903
-0.7256169212690953
-0.7262044653349001
-0.7267920094007051
-0.7273795534665101
-0.727967097532315
-0.7285546415981198
-0.7291421856639247
-0.799647473560517
-0.800235017626322
-0.800822561692127
-0.8014101057579318
-0.8019976498237368
-0.8055229142185664
-0.8061104582843713
-0.8066980023501763
-0.8072855464159813
-0.8078730904817861
-0.8084606345475911
-0.8090481786133961
-0.809635722679201
-0.8102232667450059
-0.8108108108108109
-0.8836662749706228
-0.8877790834312573
-0.6269095182138661
-0.627497062279671
-0.6280846063454759
-0.6286721504112809
-0.6292596944770857
-0.6298472385428907
-0.6304347826086957
-0.6310223266745006
-0.6316098707403055
-0.6321974148061105
-0.6327849588719154
-0.6333725029377204
-0.6339600470035253
-0.6345475910693302
-0.6351351351351352
-0.6357226792009402
-0.636310223266745
-0.6862514688601646
-0.6868390129259694
-0.6874265569917744
-0.6880141010575793
-0.6886016451233843
-0.6891891891891891
-0.6897767332549941
-0.6903642773207991
-0.6909518213866039
-0.6915393654524089
-0.6921269095182139
-0.6927144535840188
-0.6933019976498237
-0.6938895417156287
-0.6950646298472386
-0.6956521739130435
-0.6962397179788484
-0.6968272620446534
-0.6974148061104584
-0.6980023501762632
-0.6985898942420682
-0.6991774383078732
-0.699764982373678
-0.700352526439483
-0.700940070505288
-0.7015276145710929
-0.7021151586368978
-0.7027027027027027
-0.7032902467685077
-0.7038777908343127
-0.7044653349001175
-0.7050528789659225
-0.7056404230317275
-0.7062279670975324
-0.7068155111633372
-0.7074030552291422
-0.7079905992949472
-0.708578143360752
-0.709165687426557
-0.7097532314923619
-0.7103407755581669
-0.7109283196239717
-0.7115158636897767
-0.7121034077555817
-0.7126909518213866
-0.7132784958871915
-0.7138660399529965
-0.7144535840188014
-0.7150411280846064
-0.7156286721504113
-0.7162162162162162
-0.7168037602820212
-0.717391304347826
-0.717978848413631
-0.718566392479436
-0.719153936545241
-0.7197414806110458
-0.7203290246768508
-0.7209165687426558
-0.7215041128084607
-0.7220916568742656
-0.7226792009400705
-0.7232667450058755
-0.7238542890716805
-0.7244418331374853
-0.7250293772032903
-0.7655699177438309
-0.7661574618096357
-0.7667450058754407
-0.7673325499412457
-0.7679200940070506
-0.7685076380728555
-0.7690951821386605
-0.7696827262044654
-0.7702702702702703
-0.7708578143360753
-0.7714453584018802
-0.7720329024676852
-0.7726204465334899
-0.7732079905992949
-0.7737955346650999
-0.7743830787309048
-0.7749706227967097
-0.7755581668625147
-0.7761457109283196
-0.7767332549941246
-0.7773207990599295
-0.7779083431257344
-0.7784958871915394
-0.7790834312573442
-0.7796709753231492
-0.7802585193889542
-0.7808460634547592
-0.781433607520564
-0.782021151586369
-0.782608695652174
-0.7831962397179789
-0.7837837837837838
-0.7925969447708578
-0.7931844888366628
-0.7937720329024678
-0.7943595769682728
-0.7949471210340775
-0.7955346650998825
-0.7961222091656874
-0.7967097532314923
-0.7972972972972973
-0.7978848413631022
-0.7984723854289072
-0.799059929494712
-0.799647473560517
-0.800235017626322
-0.800822561692127
-0.8014101057579318
-0.8019976498237368
-0.8025851938895417
-0.8031727379553467
-0.8037602820211516
-0.8043478260869565
-0.8049353701527615
-0.8055229142185664
-0.8061104582843713
-0.8066980023501763
-0.8072855464159813
-0.8078730904817861
-0.8084606345475911
-0.8090481786133961
-0.809635722679201
-0.8754406580493538
-0.8760282021151586
-0.8766157461809636
-0.8772032902467686
-0.8777908343125735
-0.8783783783783784
-0.8789659224441834
-0.8795534665099883
-0.8801410105757933
-0.880728554641598
-0.881316098707403
-0.8819036427732081
-0.8824911868390131
-0.8830787309048178
-0.8836662749706228
-0.8842538190364277
-0.6257344300822562
-0.6263219741480611
-0.6269095182138661
-0.627497062279671
-0.6280846063454759
-0.6286721504112809
-0.6292596944770857
-0.6298472385428907
-0.6304347826086957
-0.6310223266745006
-0.6316098707403055
-0.6321974148061105
-0.6327849588719154
-0.6968272620446534
-0.6974148061104584
-0.6980023501762632
-0.6985898942420682
-0.6991774383078732
-0.699764982373678
-0.700352526439483
-0.700940070505288
-0.7015276145710929
-0.7021151586368978
-0.7027027027027027
-0.7032902467685077
-0.7038777908343127
-0.7044653349001175
-0.7050528789659225
-0.7056404230317275
-0.7062279670975324
-0.7068155111633372
-0.7074030552291422
-0.7079905992949472
-0.708578143360752
-0.709165687426557
-0.7097532314923619
-0.7103407755581669
-0.7109283196239717
-0.7115158636897767
-0.7121034077555817
-0.7126909518213866
-0.7132784958871915
-0.7138660399529965
-0.7144535840188014
-0.7150411280846064
-0.7156286721504113
-0.7162162162162162
-0.7168037602820212
-0.717391304347826
-0.717978848413631
-0.7514688601645123
-0.7520564042303173
-0.7526439482961221
-0.7532314923619271
-0.7538190364277321
-0.754406580493537
-0.7549941245593419
-0.7555816686251469
-0.7561692126909518
-0.7567567567567568
-0.7573443008225617
-0.7579318448883666
-0.7585193889541716
-0.7591069330199766
-0.7596944770857814
-0.7626321974148061
-0.7632197414806111
-0.763807285546416
-0.7643948296122209
-0.7649823736780259
-0.7655699177438309
-0.7661574618096357
-0.7667450058754407
-0.7673325499412457
-0.7679200940070506
-0.7685076380728555
-0.7690951821386605
-0.7696827262044654
-0.7702702702702703
-0.7708578143360753
-0.7767332549941246
-0.7773207990599295
-0.7779083431257344
-0.7784958871915394
-0.7790834312573442
-0.7796709753231492
-0.7802585193889542
-0.7808460634547592
-0.781433607520564
-0.782021151586369
-0.782608695652174
-0.7831962397179789
-0.7837837837837838
-0.7843713278495887
-0.7849588719153937
-0.7855464159811987
-0.7861339600470035
-0.7867215041128085
-0.7873090481786135
-0.7878965922444183
-0.7884841363102233
-0.7890716803760283
-0.7949471210340775
-0.7955346650998825
-0.7961222091656874
-0.7967097532314923
-0.7972972972972973
-0.7978848413631022
-0.7984723854289072
-0.799059929494712
-0.799647473560517
-0.800235017626322
-0.800822561692127
-0.8014101057579318
-0.8019976498237368
-0.8025851938895417
-0.8031727379553467
-0.8037602820211516
-0.8043478260869565
-0.8049353701527615
-0.8055229142185664
-0.8061104582843713
-0.8066980023501763
-0.8742655699177438
-0.8748531139835488
-0.8754406580493538
-0.8760282021151586
-0.8766157461809636
-0.8772032902467686
-0.8777908343125735
-0.8783783783783784
-0.8789659224441834
-0.8795534665099883
-0.8801410105757933
-0.880728554641598
-0.881316098707403
-0.8819036427732081
-0.8824911868390131
-0.8830787309048178
-0.8836662749706228
-0.8842538190364277
-0.8848413631022326
-0.9153936545240894
-0.9159811985898942
-0.9165687426556992
-0.9171562867215042
-0.9177438307873091
-0.918331374853114
-0.918918918918919
-0.9195064629847239
-0.9200940070505289
-0.9206815511163338
-0.9212690951821387
-0.9218566392479437
-0.06345475910693302
-0.06404230317273796
-0.1227967097532315
-0.12338425381903644
-0.12397179788484136
-0.1245593419506463
-0.12514688601645124
-0.6251468860164512
-0.6257344300822562
-0.6263219741480611
-0.6269095182138661
-0.627497062279671
-0.6280846063454759
-0.6286721504112809
-0.6292596944770857
-0.6298472385428907
-0.6304347826086957
-0.6310223266745006
-0.6316098707403055
-0.6321974148061105
-0.6327849588719154
-0.6333725029377204
-0.6339600470035253
-0.6345475910693302
-0.6351351351351352
-0.6357226792009402
-0.6797884841363103
-0.6803760282021152
-0.6809635722679201
-0.6815511163337251
-0.68213866039953
-0.6827262044653349
-0.6833137485311399
-0.6839012925969449
-0.6844888366627496
-0.6850763807285546
-0.6856639247943597
-0.6862514688601646
-0.6868390129259694
-0.6874265569917744
-0.6880141010575793
-0.6886016451233843
-0.6891891891891891
-0.6897767332549941
-0.6903642773207991
-0.6909518213866039
-0.6915393654524089
-0.6933019976498237
-0.6938895417156287
-0.6944770857814336
-0.6950646298472386
-0.6956521739130435
-0.6962397179788484
-0.6968272620446534
-0.6974148061104584
-0.6980023501762632
-0.6985898942420682
-0.6991774383078732
-0.699764982373678
-0.700352526439483
-0.700940070505288
-0.7015276145710929
-0.7021151586368978
-0.7027027027027027
-0.7032902467685077
-0.7485311398354877
-0.7491186839012927
-0.7497062279670976
-0.7502937720329026
-0.7508813160987073
-0.7514688601645123
-0.7520564042303173
-0.7526439482961221
-0.7532314923619271
-0.7538190364277321
-0.7696827262044654
-0.7702702702702703
-0.7708578143360753
-0.7714453584018802
-0.7720329024676852
-0.7726204465334899
-0.7802585193889542
-0.7808460634547592
-0.781433607520564
-0.782021151586369
-0.782608695652174
-0.7831962397179789
-0.7837837837837838
-0.7843713278495887
-0.918331374853114
-0.918918918918919
-0.9195064629847239
-0.9200940070505289
-0.9206815511163338
-0.9212690951821387
-0.9218566392479437
-0.9224441833137486
-0.9230317273795535
-0.9236192714453585
-0.9242068155111635
-0.9247943595769682
-0.03466509988249119
-0.03525264394829612
-0.03584018801410106
-0.036427732079905996
-0.03701527614571093
-0.03760282021151586
-0.03877790834312573
-0.03936545240893067
-0.03995299647473561
-0.11750881316098707
-0.11809635722679201
-0.11868390129259694
-0.11927144535840188
-0.11985898942420682
-0.12044653349001176
-0.1210340775558167
-0.12162162162162163
-0.12220916568742655
-0.1227967097532315
-0.12338425381903644
-0.12397179788484136
-0.1245593419506463
-0.12514688601645124
-0.12573443008225618
-0.1263219741480611
-0.12690951821386603
-0.12749706227967098
-0.12808460634547592
-0.12867215041128086
-0.1292596944770858
-0.12984723854289074
-0.13043478260869568
-0.1310223266745006
-0.13160987074030553
-0.13219741480611047
-0.1327849588719154
-0.13337250293772035
-0.13396004700352526
-0.1345475910693302
-0.13513513513513514
-0.13572267920094008
-0.136310223266745
-0.13689776733254994
-0.13748531139835488
-0.13807285546415982
-0.13866039952996476
-0.1392479435957697
-0.1398354876615746
-0.14042303172737955
-0.1410105757931845
-0.14159811985898943
-0.14218566392479437
-0.1427732079905993
-0.14336075205640425
-0.14394829612220916
-0.1445358401880141
-0.14512338425381904
-0.14571092831962398
-0.14629847238542892
-0.14688601645123386
-0.14747356051703878
-0.14806110458284372
-0.14864864864864866
-0.1492361927144536
-0.1498237367802585
-0.15041128084606345
-0.1509988249118684
-0.15158636897767333
-0.15217391304347827
-0.1527614571092832
-0.15334900117508815
-0.1539365452408931
-0.15452408930669803
-0.15511163337250292
-0.15569917743830786
-0.1562867215041128
-0.15687426556991774
-0.15746180963572268
-0.15804935370152762
-0.15863689776733256
-0.1592244418331375
-0.15981198589894244
-0.16039952996474738
-0.1609870740305523
-0.16157461809635723
-0.16216216216216217
-0.1627497062279671
-0.16333725029377205
-0.16392479435957696
-0.1645123384253819
-0.16509988249118684
-0.16568742655699176
-0.1662749706227967
-0.16686251468860164
-0.16745005875440658
-0.16803760282021152
-0.16862514688601646
-0.1692126909518214
-0.16980023501762634
-0.17038777908343128
-0.17097532314923622
-0.17156286721504116
-0.17215041128084607
-0.17273795534665098
-0.17332549941245592
-0.17391304347826086
-0.1745005875440658
-0.17508813160987075
-0.17567567567567569
-0.18625146886016453
-0.18683901292596947
-0.1874265569917744
-0.18801410105757932
-0.18860164512338426
-0.1891891891891892
-0.18977673325499414
-0.19036427732079905
-0.190951821386604
-0.19153936545240893
-0.19212690951821387
-0.1927144535840188
-0.19330199764982373
-0.19388954171562867
-0.1944770857814336
-0.19506462984723855
-0.1956521739130435
-0.19623971797884843
-0.19682726204465337
-0.1974148061104583
-0.19800235017626325
-0.1985898942420682
-0.19917743830787307
-0.199764982373678
-0.20035252643948295
-0.2009400705052879
-0.20152761457109283
-0.20211515863689777
-0.20270270270270271
-0.20329024676850765
-0.2038777908343126
-0.2044653349001175
-0.20505287896592245
-0.2056404230317274
-0.20622796709753233
-0.20681551116333727
-0.2074030552291422
-0.20799059929494712
-0.20857814336075206
-0.20916568742655697
-0.2097532314923619
-0.21034077555816685
-0.2109283196239718
-0.21151586368977673
-0.21327849588719155
-0.2138660399529965
-0.23266745005875442
-0.23325499412455936
-0.2338425381903643
-0.23443008225616924
-0.23501762632197415
-0.2356051703877791
-0.25323149236192716
-0.25381903642773207
-0.25440658049353704
-0.25499412455934195
-0.2555816686251469
-0.25616921269095183
-0.25675675675675674
-0.2573443008225617
-0.27497062279670975
-0.2755581668625147
-0.27614571092831963
-0.2767332549941246
-0.2773207990599295
-0.2779083431257345
-0.03584018801410106
-0.036427732079905996
-0.03701527614571093
-0.03760282021151586
-0.0381903642773208
-0.03877790834312573
-0.03936545240893067
-0.03995299647473561
-0.04054054054054054
-0.041128084606345476
-0.04171562867215041
-0.04230317273795535
-0.04289071680376029
-0.043478260869565216
-0.044065804935370156
-0.1028202115158637
-0.14218566392479437
-0.1427732079905993
-0.14336075205640425
-0.14394829612220916
-0.1445358401880141
-0.14512338425381904
-0.14571092831962398
-0.14629847238542892
-0.14688601645123386
-0.14747356051703878
-0.14806110458284372
-0.14864864864864866
-0.1492361927144536
-0.1498237367802585
-0.15041128084606345
-0.1509988249118684
-0.15158636897767333
-0.17215041128084607
-0.17273795534665098
-0.17332549941245592
-0.17391304347826086
-0.1745005875440658
-0.17508813160987075
-0.17567567567567569
-0.17626321974148063
-0.17685076380728554
-0.17743830787309048
-0.17802585193889542
-0.17861339600470036
-0.1792009400705053
-0.17978848413631024
-0.18037602820211518
-0.18096357226792012
-0.18155111633372503
-0.18213866039952994
-0.18272620446533488
-0.18331374853113983
-0.18390129259694477
-0.1844888366627497
-0.18507638072855465
-0.18566392479435959
-0.18625146886016453
-0.18683901292596947
-0.1874265569917744
-0.18801410105757932
-0.18860164512338426
-0.1891891891891892
-0.18977673325499414
-0.19036427732079905
-0.190951821386604
-0.19153936545240893
-0.19212690951821387
-0.1927144535840188
-0.19330199764982373
-0.19388954171562867
-0.23678025851938894
-0.23736780258519388
-0.23795534665099882
-0.23854289071680376
-0.2391304347826087
-0.23971797884841364
-0.24030552291421858
-0.24089306698002352
-0.24148061104582846
-0.2420681551116334
-0.24265569917743832
-0.24324324324324326
-0.24383078730904817
-0.2444183313748531
-0.24500587544065805
-0.245593419506463
-0.24618096357226793
-0.24676850763807287
-0.2473560517038778
-0.24794359576968272
-0.24853113983548766
-0.2491186839012926
-0.24970622796709754
-0.2502937720329025
-0.2508813160987074
-0.25146886016451236
-0.2520564042303173
-0.2526439482961222
-0.25323149236192716
-0.25381903642773207
-0.282021151586369
-0.28260869565217395
-0.28319623971797886
-0.28378378378378377
-0.28437132784958874
-0.28495887191539365
-0.2855464159811986
-0.5464159811985899
-0.5470035252643949
-0.5475910693301997
-0.5481786133960047
-0.5487661574618097
-0.5493537015276145
-0.5499412455934195
-0.5505287896592245
-0.5511163337250294
-0.5517038777908343
-0.5522914218566393
-0.5528789659224442
-0.5534665099882492
-0.573443008225617
-0.5740305522914219
-0.5746180963572268
-0.5752056404230318
-0.5757931844888367
-0.5763807285546416
-0.5769682726204465
-0.5775558166862514
-0.5781433607520564
-0.5787309048178614
-0.5793184488836662
-0.5799059929494712
-0.5804935370152762
-0.5810810810810811
-0.581668625146886
-0.582256169212691
-0.5828437132784959
-0.5834312573443009
