0.0005219206680584551
0.0010438413361169101
0.0015657620041753654
0.0020876826722338203
0.0026096033402922755
0.003131524008350731
0.003653444676409186
0.0041753653444676405
0.007306889352818372
0.007828810020876827
0.011482254697286011
0.012004175365344467
0.012526096033402923
0.013048016701461378
0.013569937369519834
0.014091858037578288
0.014613778705636744
0.015135699373695197
0.05741127348643006
0.061064718162839246
0.11951983298538622
0.12004175365344467
0.12056367432150313
0.12108559498956158
0.17954070981210857
0.18006263048016702
0.18632567849686849
0.18684759916492694
0.1873695198329854
0.19363256784968685
0.1941544885177453
0.19467640918580376
0.1951983298538622
0.19572025052192066
0.2567849686847599
0.25730688935281837
0.2578288100208768
0.25835073068893527
0.2588726513569937
0.2593945720250522
0.2599164926931106
0.2604384133611691
0.2609603340292276
0.26148225469728603
0.2620041753653445
0.26252609603340293
0.2630480167014614
0.26356993736951984
0.2640918580375783
0.26461377870563674
0.2651356993736952
0.26565762004175364
0.272964509394572
0.27348643006263046
0.27400835073068897
0.27453027139874736
0.27505219206680587
0.27557411273486426
0.2938413361169102
0.29592901878914407
0.29645093945720247
0.32254697286012524
0.32306889352818374
0.32359081419624214
0.32411273486430064
0.3246346555323591
0.32515657620041755
0.325678496868476
0.3262004175365344
0.3267223382045929
0.32724425887265135
0.3277661795407098
0.32828810020876825
0.32881002087682676
0.32933194154488515
0.32985386221294366
0.33037578288100206
0.33089770354906056
0.331419624217119
0.3319415448851774
0.3324634655532359
0.33298538622129437
0.3335073068893528
0.33402922755741127
0.3345511482254697
0.33507306889352817
0.3355949895615867
0.3387265135699373
0.33924843423799583
0.3397703549060543
0.34029227557411273
0.3408141962421712
0.3423799582463466
0.342901878914405
0.34342379958246344
0.34394572025052195
0.34446764091858034
0.34498956158663885
0.49269311064718163
0.4932150313152401
0.4937369519832986
0.494258872651357
0.49478079331941544
0.5078288100208769
0.5083507306889352
0.5088726513569938
0.5093945720250522
0.5099164926931107
0.5104384133611691
0.5109603340292276
0.511482254697286
0.5120041753653445
0.5125260960334029
0.5130480167014614
0.5135699373695198
0.5140918580375783
0.5146137787056367
0.5151356993736952
0.5156576200417536
0.5161795407098121
0.5167014613778705
0.517223382045929
0.5177453027139874
0.5182672233820459
0.5187891440501043
0.5193110647181628
0.55741127348643
0.5579331941544885
0.558455114822547
0.5589770354906055
0.5594989561586639
0.5600208768267223
0.5605427974947808
0.5610647181628393
0.5615866388308978
0.5668058455114823
0.5673277661795406
0.5678496868475992
0.5683716075156576
0.5688935281837161
0.5694154488517745
0.569937369519833
0.5704592901878914
0.5709812108559499
0.5715031315240083
0.5720250521920668
0.5725469728601253
0.5730688935281837
0.5735908141962421
0.5741127348643006
0.5746346555323592
0.5751565762004176
0.5756784968684759
0.5762004175365344
0.5767223382045928
0.5772442588726514
0.5777661795407099
0.5782881002087682
0.5788100208768266
0.5793319415448852
0.5798538622129437
0.5803757828810021
0.5808977035490606
0.5861169102296452
0.5866388308977035
0.587160751565762
0.8308977035490606
0.8314196242171189
0.8319415448851775
0.003653444676409186
0.0041753653444676405
0.004697286012526096
0.005219206680584551
0.0057411273486430055
0.006263048016701462
0.007828810020876827
0.008350730688935281
0.008872651356993737
0.009394572025052192
0.009916492693110648
0.012004175365344467
0.012526096033402923
0.013569937369519834
0.014091858037578288
0.020876826722338204
0.021398747390396662
0.02348643006263048
0.024008350730688934
0.02453027139874739
0.025052192066805846
0.0255741127348643
0.026096033402922755
0.02661795407098121
0.027139874739039668
0.03392484342379958
0.07306889352818371
0.07359081419624218
0.07411273486430062
0.07463465553235908
0.07515657620041753
0.12108559498956158
0.13465553235908143
0.17745302713987474
0.1779749478079332
0.17849686847599164
0.18580375782881
0.1931106471816284
0.19363256784968685
0.1941544885177453
0.19467640918580376
0.1951983298538622
0.19572025052192066
0.1962421711899791
0.1967640918580376
0.19728601252609604
0.24060542797494783
0.24112734864300625
0.2468684759916493
0.24739039665970772
0.24791231732776617
0.24843423799582462
0.25730688935281837
0.25835073068893527
0.2588726513569937
0.2593945720250522
0.2599164926931106
0.2604384133611691
0.2609603340292276
0.26148225469728603
0.2620041753653445
0.26252609603340293
0.2630480167014614
0.26356993736951984
0.2640918580375783
0.26461377870563674
0.2651356993736952
0.26565762004175364
0.2661795407098121
0.26670146137787054
0.267223382045929
0.26774530271398744
0.26826722338204595
0.26878914405010434
0.26931106471816285
0.2698329853862213
0.27035490605427975
0.2708768267223382
0.27139874739039666
0.2719206680584551
0.2724425887265136
0.27400835073068897
0.27453027139874736
0.27505219206680587
0.27557411273486426
0.27609603340292277
0.2766179540709812
0.27713987473903967
0.2776617954070981
0.27818371607515663
0.278705636743215
0.2792275574112735
0.29070981210855945
0.29123173277661796
0.2990605427974948
0.29958246346555323
0.30010438413361173
0.30062630480167013
0.30114822546972864
0.30167014613778703
0.3021920668058455
0.302713987473904
0.3319415448851774
0.3324634655532359
0.33298538622129437
0.3335073068893528
0.33402922755741127
0.3345511482254697
0.33507306889352817
0.3355949895615867
0.33611691022964507
0.3366388308977036
0.33716075156576203
0.3376826722338204
0.33820459290187893
0.3387265135699373
0.33924843423799583
0.3397703549060543
0.34029227557411273
0.3408141962421712
0.3413361169102297
0.3418580375782881
0.3423799582463466
0.342901878914405
0.34342379958246344
0.34394572025052195
0.34446764091858034
0.34498956158663885
0.34551148225469724
0.34603340292275575
0.3465553235908142
0.34707724425887265
0.3475991649269311
0.37212943632567846
0.37265135699373697
0.39874739039665974
0.39926931106471814
0.39979123173277664
0.4003131524008351
0.40083507306889354
0.401356993736952
0.4018789144050104
0.4024008350730689
0.40292275574112735
0.4123173277661796
0.41283924843423797
0.4133611691022964
0.5005219206680585
0.5010438413361169
0.5015657620041754
0.5020876826722338
0.5026096033402923
0.5031315240083507
0.5036534446764092
0.5041753653444676
0.5046972860125261
0.5052192066805846
0.505741127348643
0.5062630480167014
0.50678496868476
0.5073068893528183
0.5078288100208769
0.5083507306889352
0.5088726513569938
0.5093945720250522
0.5099164926931107
0.5104384133611691
0.5109603340292276
0.511482254697286
0.5120041753653445
0.5125260960334029
0.5130480167014614
0.5135699373695198
0.5140918580375783
0.5146137787056367
0.5151356993736952
0.5156576200417536
0.5161795407098121
0.5167014613778705
0.517223382045929
0.5177453027139874
0.5182672233820459
0.5187891440501043
0.5193110647181628
0.5198329853862212
0.5203549060542798
0.5208768267223381
0.5213987473903967
0.5219206680584552
0.5224425887265136
0.5579331941544885
0.558455114822547
0.5589770354906055
0.5594989561586639
0.5600208768267223
0.5605427974947808
0.5610647181628393
0.5615866388308978
0.5626304801670146
0.5631524008350731
0.5636743215031316
0.56419624217119
0.5647181628392484
0.5652400835073068
0.5657620041753654
0.5662839248434238
0.5668058455114823
0.5673277661795406
0.5678496868475992
0.5683716075156576
0.5688935281837161
0.5694154488517745
0.569937369519833
0.5704592901878914
0.5709812108559499
0.5715031315240083
0.5720250521920668
0.5725469728601253
0.5730688935281837
0.5735908141962421
0.5741127348643006
0.5746346555323592
0.5751565762004176
0.5756784968684759
0.5762004175365344
0.5767223382045928
0.5772442588726514
0.5777661795407099
0.5782881002087682
0.5788100208768266
0.5793319415448852
0.5798538622129437
0.5803757828810021
0.8282881002087682
0.8288100208768266
0.8293319415448852
0.8298538622129437
0.8303757828810021
0.8308977035490606
0.8314196242171189
0.8319415448851775
0.8324634655532359
0.8329853862212944
0.8977035490605427
0.8982254697286013
0.8987473903966597
0.8992693110647182
0.8997912317327765
0.9003131524008351
0.9008350730688935
0.901356993736952
0.9055323590814196
0.9754697286012526
0.975991649269311
0.9765135699373696
0.0
0.0005219206680584551
0.0010438413361169101
0.0015657620041753654
0.0020876826722338203
0.0026096033402922755
0.003131524008350731
0.003653444676409186
0.0041753653444676405
0.004697286012526096
0.005219206680584551
0.0057411273486430055
0.006263048016701462
0.008872651356993737
0.009394572025052192
0.009916492693110648
0.010438413361169102
0.010960334029227558
0.011482254697286011
0.012004175365344467
0.012526096033402923
0.013048016701461378
0.013569937369519834
0.015657620041753653
0.03653444676409186
0.03705636743215031
0.037578288100208766
0.038100208768267224
0.038622129436325675
0.03914405010438413
0.0662839248434238
0.06680584551148225
0.06732776617954071
0.06784968684759916
0.06837160751565761
0.06889352818371607
0.10281837160751567
0.1033402922755741
0.10386221294363257
0.10438413361169102
0.10490605427974949
0.10542797494780794
0.1059498956158664
0.10647181628392484
0.10699373695198329
0.10751565762004175
0.1080375782881002
0.10855949895615867
0.10908141962421711
0.10960334029227557
0.11012526096033402
0.11064718162839249
0.11116910229645094
0.1116910229645094
0.11221294363256784
0.1127348643006263
0.11325678496868476
0.11377870563674322
0.11430062630480167
0.11482254697286012
0.11534446764091857
0.11586638830897704
0.11638830897703549
0.11691022964509395
0.1174321503131524
0.11795407098121084
0.11847599164926931
0.11899791231732776
0.11951983298538622
0.12004175365344467
0.12056367432150313
0.12108559498956158
0.12160751565762004
0.12212943632567849
0.12265135699373696
0.12317327766179541
0.12369519832985386
0.12421711899791231
0.12473903966597077
0.12526096033402923
0.12578288100208768
0.12630480167014616
0.12682672233820458
0.12734864300626306
0.1278705636743215
0.12839248434237996
0.1289144050104384
0.16805845511482254
0.16858037578288101
0.16910229645093947
0.16962421711899792
0.17014613778705637
0.17066805845511485
0.1711899791231733
0.17171189979123172
0.17223382045929017
0.17275574112734862
0.1732776617954071
0.17379958246346555
0.17849686847599164
0.1790187891440501
0.17954070981210857
0.18006263048016702
0.18058455114822547
0.18110647181628392
0.1816283924843424
0.18215031315240085
0.1826722338204593
0.18319415448851772
0.18371607515657618
0.18423799582463465
0.1847599164926931
0.19050104384133612
0.19258872651356995
0.1931106471816284
0.19363256784968685
0.1941544885177453
0.19467640918580376
0.1951983298538622
0.19572025052192066
0.1962421711899791
0.1967640918580376
0.19728601252609604
0.1978079331941545
0.2092901878914405
0.24582463465553236
0.24634655532359082
0.2468684759916493
0.2546972860125261
0.25521920668058456
0.255741127348643
0.25626304801670147
0.2567849686847599
0.25730688935281837
0.2578288100208768
0.25835073068893527
0.2588726513569937
0.2593945720250522
0.2599164926931106
0.2604384133611691
0.2609603340292276
0.26148225469728603
0.2620041753653445
0.26252609603340293
0.2630480167014614
0.26356993736951984
0.2640918580375783
0.26461377870563674
0.2651356993736952
0.26565762004175364
0.2661795407098121
0.26670146137787054
0.267223382045929
0.26774530271398744
0.26826722338204595
0.26878914405010434
0.26931106471816285
0.2698329853862213
0.27035490605427975
0.2708768267223382
0.27139874739039666
0.2719206680584551
0.2724425887265136
0.272964509394572
0.27348643006263046
0.27400835073068897
0.27453027139874736
0.27505219206680587
0.27557411273486426
0.27609603340292277
0.2766179540709812
0.27713987473903967
0.2776617954070981
0.27818371607515663
0.278705636743215
0.3126304801670146
0.31315240083507306
0.32202505219206684
0.32254697286012524
0.32306889352818374
0.32359081419624214
0.32411273486430064
0.3246346555323591
0.32515657620041755
0.325678496868476
0.3262004175365344
0.3267223382045929
0.32724425887265135
0.3277661795407098
0.32828810020876825
0.32881002087682676
0.32933194154488515
0.32985386221294366
0.33037578288100206
0.33089770354906056
0.331419624217119
0.3319415448851774
0.3324634655532359
0.33298538622129437
0.3335073068893528
0.33402922755741127
0.3345511482254697
0.33507306889352817
0.3355949895615867
0.33611691022964507
0.3366388308977036
0.33716075156576203
0.3376826722338204
0.33820459290187893
0.3387265135699373
0.33924843423799583
0.3397703549060543
0.34029227557411273
0.3408141962421712
0.3413361169102297
0.3418580375782881
0.3423799582463466
0.342901878914405
0.34342379958246344
0.34394572025052195
0.34446764091858034
0.34498956158663885
0.34551148225469724
0.34603340292275575
0.34916492693110646
0.3496868475991649
0.35020876826722336
0.35073068893528186
0.35125260960334026
0.35177453027139877
0.36795407098121086
0.3684759916492693
0.36899791231732776
0.3695198329853862
0.3700417536534447
0.3705636743215031
0.3710855949895616
0.37160751565762
0.37212943632567846
0.37265135699373697
0.37317327766179537
0.3736951983298539
0.3742171189979123
0.3747390396659708
0.39822546972860123
0.39874739039665974
0.39926931106471814
0.39979123173277664
0.41597077244258873
0.4164926931106472
0.5078288100208769
0.5083507306889352
0.5088726513569938
0.5093945720250522
0.5099164926931107
0.5104384133611691
0.5109603340292276
0.511482254697286
0.5120041753653445
0.5125260960334029
0.5130480167014614
0.5135699373695198
0.5140918580375783
0.5146137787056367
0.5151356993736952
0.5156576200417536
0.5161795407098121
0.5167014613778705
0.517223382045929
0.5177453027139874
0.5182672233820459
0.5187891440501043
0.5193110647181628
0.5198329853862212
0.5203549060542798
0.5208768267223381
0.5213987473903967
0.5219206680584552
0.5224425887265136
0.5229645093945721
0.5234864300626304
0.524008350730689
0.5668058455114823
0.5673277661795406
0.5678496868475992
0.5683716075156576
0.5688935281837161
0.5694154488517745
0.569937369519833
0.5704592901878914
0.5709812108559499
0.5715031315240083
0.5720250521920668
0.5725469728601253
0.5730688935281837
0.5735908141962421
0.5741127348643006
0.5746346555323592
0.5751565762004176
0.5756784968684759
0.5762004175365344
0.5767223382045928
0.5772442588726514
0.5777661795407099
0.5782881002087682
0.5788100208768266
0.5793319415448852
0.5798538622129437
0.5803757828810021
0.5808977035490606
0.5814196242171189
0.5819415448851775
0.5824634655532359
0.5829853862212944
0.5835073068893528
0.5840292275574113
0.5845511482254697
0.5850730688935282
0.5855949895615866
0.5866388308977035
0.587160751565762
0.5876826722338204
0.8220250521920668
0.8225469728601253
0.8230688935281837
0.8235908141962421
0.8241127348643006
0.8246346555323592
0.8251565762004176
0.8256784968684759
0.894572025052192
0.8950939457202505
0.0
0.004697286012526096
0.005219206680584551
0.0057411273486430055
0.006263048016701462
0.007828810020876827
0.008872651356993737
0.009394572025052192
0.009916492693110648
0.010438413361169102
0.010960334029227558
0.011482254697286011
0.012004175365344467
0.012526096033402923
0.014613778705636744
0.015135699373695197
0.015657620041753653
0.016701461377870562
0.017223382045929016
0.0255741127348643
0.026096033402922755
0.02661795407098121
0.027139874739039668
0.027661795407098122
0.028183716075156576
0.02870563674321503
0.02922755741127349
0.02974947807933194
0.030271398747390394
0.030793319415448852
0.031315240083507306
0.031837160751565764
0.032359081419624215
0.03288100208768267
0.055323590814196244
0.0558455114822547
0.05636743215031315
0.05688935281837161
0.05741127348643006
0.05793319415448852
0.05845511482254698
0.05897703549060542
0.05949895615866388
0.06002087682672234
0.06054279749478079
0.061064718162839246
0.061586638830897704
0.062108559498956155
0.06263048016701461
0.06315240083507308
0.06367432150313153
0.06419624217118998
0.06471816283924843
0.0652400835073069
0.06576200417536535
0.0662839248434238
0.06680584551148225
0.06732776617954071
0.06784968684759916
0.06837160751565761
0.06889352818371607
0.06941544885177453
0.10386221294363257
0.10438413361169102
0.10490605427974949
0.11586638830897704
0.11638830897703549
0.11691022964509395
0.12108559498956158
0.12421711899791231
0.12473903966597077
0.12526096033402923
0.12578288100208768
0.13517745302713988
0.13569937369519833
0.1362212943632568
0.16492693110647183
0.16962421711899792
0.17014613778705637
0.17066805845511485
0.1711899791231733
0.17171189979123172
0.17223382045929017
0.17275574112734862
0.1732776617954071
0.17379958246346555
0.174321503131524
0.17484342379958245
0.17536534446764093
0.17588726513569938
0.17640918580375783
0.17693110647181629
0.17745302713987474
0.21033402922755742
0.21085594989561587
0.21137787056367432
0.2395615866388309
0.24008350730688935
0.2416492693110647
0.24269311064718163
0.24321503131524008
0.24373695198329853
0.24425887265135698
0.24478079331941546
0.2453027139874739
0.24582463465553236
0.24634655532359082
0.2468684759916493
0.24739039665970772
0.24791231732776617
0.24843423799582462
0.2489561586638831
0.24947807933194155
0.25
0.25052192066805845
0.2510438413361169
0.25156576200417535
0.2520876826722338
0.2526096033402923
0.2531315240083507
0.25365344467640916
0.25521920668058456
0.255741127348643
0.25626304801670147
0.2567849686847599
0.25730688935281837
0.2578288100208768
0.25835073068893527
0.2588726513569937
0.2593945720250522
0.2599164926931106
0.2604384133611691
0.2609603340292276
0.26148225469728603
0.2620041753653445
0.26252609603340293
0.2630480167014614
0.26356993736951984
0.2640918580375783
0.26461377870563674
0.2651356993736952
0.26565762004175364
0.2661795407098121
0.26670146137787054
0.267223382045929
0.26774530271398744
0.26826722338204595
0.26878914405010434
0.26931106471816285
0.2698329853862213
0.27035490605427975
0.2708768267223382
0.27139874739039666
0.2719206680584551
0.2724425887265136
0.272964509394572
0.27348643006263046
0.27400835073068897
0.27453027139874736
0.27505219206680587
0.27557411273486426
0.27609603340292277
0.2766179540709812
0.27713987473903967
0.2776617954070981
0.27818371607515663
0.278705636743215
0.2792275574112735
0.2797494780793319
0.3188935281837161
0.31941544885177453
0.319937369519833
0.32045929018789143
0.3209812108559499
0.32150313152400833
0.32202505219206684
0.32254697286012524
0.32306889352818374
0.32359081419624214
0.32411273486430064
0.3246346555323591
0.32515657620041755
0.325678496868476
0.3262004175365344
0.3267223382045929
0.32724425887265135
0.3277661795407098
0.32828810020876825
0.32881002087682676
0.32933194154488515
0.32985386221294366
0.33037578288100206
0.33089770354906056
0.331419624217119
0.3319415448851774
0.3324634655532359
0.33298538622129437
0.3335073068893528
0.33402922755741127
0.3345511482254697
0.33507306889352817
0.3355949895615867
0.33611691022964507
0.3366388308977036
0.33716075156576203
0.3376826722338204
0.33820459290187893
0.3387265135699373
0.33924843423799583
0.3397703549060543
0.34029227557411273
0.3408141962421712
0.3413361169102297
0.3418580375782881
0.3423799582463466
0.342901878914405
0.34342379958246344
0.34394572025052195
0.34446764091858034
0.34498956158663885
0.34551148225469724
0.34603340292275575
0.3465553235908142
0.34707724425887265
0.3475991649269311
0.3481210855949896
0.348643006263048
0.34916492693110646
0.3496868475991649
0.35020876826722336
0.35073068893528186
0.35125260960334026
0.35177453027139877
0.3522964509394572
0.35281837160751567
0.3533402922755741
0.35386221294363257
0.354384133611691
0.35490605427974947
0.3554279749478079
0.3559498956158664
0.3564718162839248
0.3569937369519833
0.3575156576200418
0.35908141962421714
0.3596033402922756
0.36795407098121086
0.3684759916492693
0.36899791231732776
0.3695198329853862
0.3700417536534447
0.3705636743215031
0.3710855949895616
0.37160751565762
0.37212943632567846
0.37265135699373697
0.39718162839248433
0.3977035490605428
0.39822546972860123
0.39874739039665974
0.39926931106471814
0.39979123173277664
0.41283924843423797
0.4133611691022964
0.41388308977035493
0.4144050104384133
0.41492693110647183
0.4154488517745303
0.41597077244258873
0.4164926931106472
0.41701461377870563
0.4175365344467641
0.4180584551148226
0.418580375782881
0.44258872651356995
0.44311064718162835
0.4900835073068893
0.4906054279749478
0.4911273486430062
0.5062630480167014
0.5073068893528183
0.5078288100208769
0.5083507306889352
0.5088726513569938
0.5093945720250522
0.5135699373695198
0.5140918580375783
0.5146137787056367
0.5151356993736952
0.5156576200417536
0.5182672233820459
0.5187891440501043
0.5193110647181628
0.5198329853862212
0.5203549060542798
0.5652400835073068
0.5657620041753654
0.5662839248434238
0.5668058455114823
0.5673277661795406
0.5678496868475992
0.5683716075156576
0.5688935281837161
0.5694154488517745
0.569937369519833
0.5704592901878914
0.5709812108559499
0.5715031315240083
0.5720250521920668
0.5725469728601253
0.5730688935281837
0.5735908141962421
0.5741127348643006
0.5746346555323592
0.5751565762004176
0.5756784968684759
0.5762004175365344
0.5767223382045928
0.5772442588726514
0.5777661795407099
0.5782881002087682
0.5808977035490606
0.5814196242171189
0.5819415448851775
0.5824634655532359
0.5829853862212944
0.5835073068893528
0.5840292275574113
0.5845511482254697
0.5850730688935282
0.5855949895615866
0.5861169102296452
0.5866388308977035
0.587160751565762
0.6200417536534446
0.6205636743215032
0.6210855949895616
0.6216075156576201
0.6221294363256785
0.6226513569937369
0.6231732776617954
0.6236951983298539
0.6330897703549061
0.6336116910229644
0.755741127348643
0.7562630480167015
0.75678496868476
0.7573068893528183
0.7578288100208768
0.7583507306889353
0.7588726513569938
0.006263048016701462
0.006784968684759917
0.007306889352818372
0.007828810020876827
0.008350730688935281
0.008872651356993737
0.009394572025052192
0.009916492693110648
0.010438413361169102
0.010960334029227558
0.011482254697286011
0.012004175365344467
0.012526096033402923
0.013048016701461378
0.013569937369519834
0.014091858037578288
0.014613778705636744
0.015135699373695197
0.015657620041753653
0.016179540709812108
0.016701461377870562
0.01826722338204593
0.018789144050104383
0.019311064718162838
0.019832985386221295
0.02035490605427975
0.020876826722338204
0.021398747390396662
0.021920668058455117
0.02244258872651357
0.022964509394572022
0.02348643006263048
0.024008350730688934
0.02453027139874739
0.025052192066805846
0.0255741127348643
0.026096033402922755
0.02661795407098121
0.027139874739039668
0.027661795407098122
0.028183716075156576
0.02870563674321503
0.02922755741127349
0.02974947807933194
0.030271398747390394
0.030793319415448852
0.031315240083507306
0.032359081419624215
0.03288100208768267
0.033402922755741124
0.04697286012526096
0.06315240083507308
0.06367432150313153
0.06419624217118998
0.06471816283924843
0.0652400835073069
0.06576200417536535
0.0662839248434238
0.06680584551148225
0.06732776617954071
0.06784968684759916
0.06837160751565761
0.06889352818371607
0.09498956158663882
0.09551148225469729
0.09603340292275574
0.0965553235908142
0.09707724425887265
0.0975991649269311
0.09812108559498955
0.09864300626304802
0.10125260960334029
0.10177453027139875
0.1022964509394572
0.10281837160751567
0.1033402922755741
0.1059498956158664
0.11064718162839249
0.11116910229645094
0.1116910229645094
0.11221294363256784
0.1127348643006263
0.11325678496868476
0.11377870563674322
0.11430062630480167
0.11482254697286012
0.11534446764091857
0.11586638830897704
0.11638830897703549
0.11951983298538622
0.12004175365344467
0.12056367432150313
0.12108559498956158
0.12212943632567849
0.12265135699373696
0.12317327766179541
0.12369519832985386
0.12421711899791231
0.12473903966597077
0.12526096033402923
0.12578288100208768
0.12630480167014616
0.12682672233820458
0.12734864300626306
0.1278705636743215
0.13726513569937368
0.13778705636743213
0.1383089770354906
0.13883089770354906
0.1393528183716075
0.13987473903966596
0.14039665970772444
0.1409185803757829
0.14144050104384134
0.1419624217118998
0.14248434237995825
0.1430062630480167
0.14352818371607515
0.1440501043841336
0.14457202505219205
0.14509394572025053
0.14561586638830898
0.14613778705636743
0.14665970772442588
0.14718162839248436
0.1477035490605428
0.14822546972860123
0.14874739039665968
0.14926931106471816
0.17484342379958245
0.17536534446764093
0.17588726513569938
0.17640918580375783
0.17693110647181629
0.17745302713987474
0.1779749478079332
0.17849686847599164
0.1790187891440501
0.17954070981210857
0.18006263048016702
0.18058455114822547
0.18110647181628392
0.1816283924843424
0.18215031315240085
0.1826722338204593
0.18319415448851772
0.18371607515657618
0.18423799582463465
0.18528183716075156
0.18580375782881
0.18632567849686849
0.18684759916492694
0.19572025052192066
0.1962421711899791
0.20146137787056367
0.20198329853862212
0.20250521920668058
0.20302713987473903
0.2035490605427975
0.20407098121085596
0.2045929018789144
0.20720250521920666
0.20772442588726514
0.2082463465553236
0.23329853862212943
0.2338204592901879
0.23434237995824636
0.2348643006263048
0.23538622129436323
0.23695198329853862
0.23747390396659707
0.23799582463465552
0.238517745302714
0.23903966597077245
0.2395615866388309
0.24008350730688935
0.24060542797494783
0.24112734864300625
0.2416492693110647
0.24217118997912315
0.24269311064718163
0.24321503131524008
0.24373695198329853
0.24425887265135698
0.24478079331941546
0.2453027139874739
0.24843423799582462
0.25
0.25365344467640916
0.2541753653444676
0.2546972860125261
0.25521920668058456
0.255741127348643
0.25626304801670147
0.2567849686847599
0.25730688935281837
0.2578288100208768
0.25835073068893527
0.2588726513569937
0.2593945720250522
0.2599164926931106
0.2604384133611691
0.2609603340292276
0.26148225469728603
0.2620041753653445
0.26252609603340293
0.2630480167014614
0.26356993736951984
0.2640918580375783
0.26461377870563674
0.2651356993736952
0.26565762004175364
0.2661795407098121
0.26670146137787054
0.267223382045929
0.26774530271398744
0.26826722338204595
0.26878914405010434
0.26931106471816285
0.2698329853862213
0.27035490605427975
0.2708768267223382
0.27139874739039666
0.2719206680584551
0.2724425887265136
0.272964509394572
0.27348643006263046
0.27400835073068897
0.27453027139874736
0.27505219206680587
0.27557411273486426
0.27609603340292277
0.2766179540709812
0.27713987473903967
0.2813152400835073
0.2818371607515658
0.2823590814196242
0.2828810020876827
0.28340292275574114
0.2839248434237996
0.28444676409185804
0.2849686847599165
0.28549060542797494
0.31106471816283926
0.3115866388308977
0.31210855949895616
0.3126304801670146
0.31315240083507306
0.31367432150313157
0.31419624217118997
0.3147181628392484
0.3152400835073069
0.3157620041753653
0.3162839248434238
0.3168058455114822
0.3173277661795407
0.3178496868475992
0.31837160751565763
0.32306889352818374
0.32359081419624214
0.32411273486430064
0.3246346555323591
0.32515657620041755
0.325678496868476
0.3262004175365344
0.3267223382045929
0.32724425887265135
0.3277661795407098
0.32828810020876825
0.32881002087682676
0.32933194154488515
0.32985386221294366
0.33037578288100206
0.33089770354906056
0.331419624217119
0.3319415448851774
0.3324634655532359
0.33298538622129437
0.3335073068893528
0.33402922755741127
0.3345511482254697
0.33507306889352817
0.3355949895615867
0.33611691022964507
0.3366388308977036
0.33716075156576203
0.3376826722338204
0.33820459290187893
0.3387265135699373
0.33924843423799583
0.3397703549060543
0.34029227557411273
0.3408141962421712
0.3413361169102297
0.3418580375782881
0.3423799582463466
0.342901878914405
0.34342379958246344
0.34394572025052195
0.34446764091858034
0.34498956158663885
0.34551148225469724
0.34603340292275575
0.3465553235908142
0.34707724425887265
0.3475991649269311
0.3481210855949896
0.348643006263048
0.34916492693110646
0.3496868475991649
0.40083507306889354
0.401356993736952
0.4018789144050104
0.4024008350730689
0.40292275574112735
0.4175365344467641
0.4180584551148226
0.44311064718162835
0.44363256784968685
0.4441544885177453
0.44467640918580376
0.4451983298538622
0.4457202505219207
0.4890396659707724
0.4895615866388309
0.4900835073068893
0.4906054279749478
0.4911273486430062
0.5349686847599164
0.5360125260960334
0.5631524008350731
0.5636743215031316
0.56419624217119
0.5647181628392484
0.5652400835073068
0.5657620041753654
0.5662839248434238
0.5668058455114823
0.5673277661795406
0.5678496868475992
0.5683716075156576
0.5688935281837161
0.5694154488517745
0.569937369519833
0.5704592901878914
0.5709812108559499
0.5715031315240083
0.5720250521920668
0.5725469728601253
0.5730688935281837
0.5735908141962421
0.5741127348643006
0.5746346555323592
0.5751565762004176
0.5756784968684759
0.5762004175365344
0.5767223382045928
0.5772442588726514
0.5777661795407099
0.5782881002087682
0.5788100208768266
0.5793319415448852
0.5798538622129437
0.5803757828810021
0.5808977035490606
0.5814196242171189
0.5819415448851775
0.6252609603340292
0.6257828810020877
0.6263048016701461
0.6268267223382046
0.6273486430062631
0.6278705636743215
0.6283924843423799
0.6289144050104384
0.6294363256784968
0.6299582463465554
0.6304801670146138
0.6310020876826722
0.6315240083507306
0.6320459290187892
0.6325678496868476
0.6330897703549061
0.6336116910229644
0.6341336116910229
0.6346555323590815
0.6351774530271399
0.6356993736951984
0.6915448851774529
0.6920668058455115
0.69258872651357
0.7573068893528183
0.7578288100208768
0.7583507306889353
0.7588726513569938
0.7593945720250522
0.7599164926931106
0.7604384133611691
0.0
0.0005219206680584551
0.0020876826722338203
0.0026096033402922755
0.003131524008350731
0.003653444676409186
0.006263048016701462
0.006784968684759917
0.007306889352818372
0.007828810020876827
0.008350730688935281
0.017223382045929016
0.017745302713987474
0.021920668058455117
0.02244258872651357
0.022964509394572022
0.02348643006263048
0.024008350730688934
0.02453027139874739
0.027661795407098122
0.028183716075156576
0.02870563674321503
0.02922755741127349
0.030271398747390394
0.030793319415448852
0.031837160751565764
0.03288100208768267
0.033402922755741124
0.03392484342379958
0.03444676409185803
0.05167014613778705
0.05219206680584551
0.05271398747390397
0.05323590814196242
0.05375782881002088
0.054279749478079335
0.054801670146137786
0.055323590814196244
0.0558455114822547
0.061586638830897704
0.09237995824634655
0.092901878914405
0.09342379958246347
0.09394572025052192
0.09446764091858037
0.09498956158663882
0.09551148225469729
0.09603340292275574
0.0965553235908142
0.09707724425887265
0.0975991649269311
0.09812108559498955
0.10073068893528184
0.10125260960334029
0.10177453027139875
0.1022964509394572
0.10281837160751567
0.1033402922755741
0.10386221294363257
0.10438413361169102
0.10490605427974949
0.10542797494780794
0.1059498956158664
0.10647181628392484
0.10699373695198329
0.10751565762004175
0.1080375782881002
0.10855949895615867
0.10908141962421711
0.11064718162839249
0.11116910229645094
0.11534446764091857
0.11586638830897704
0.11638830897703549
0.11691022964509395
0.1174321503131524
0.11795407098121084
0.11847599164926931
0.11899791231732776
0.11951983298538622
0.12004175365344467
0.12056367432150313
0.12108559498956158
0.12160751565762004
0.12212943632567849
0.12265135699373696
0.12317327766179541
0.12369519832985386
0.12421711899791231
0.12473903966597077
0.12526096033402923
0.12578288100208768
0.12630480167014616
0.12682672233820458
0.12734864300626306
0.1278705636743215
0.15031315240083507
0.15083507306889352
0.15918580375782881
0.1732776617954071
0.17379958246346555
0.24791231732776617
0.24843423799582462
0.2489561586638831
0.24947807933194155
0.25
0.25052192066805845
0.2510438413361169
0.25156576200417535
0.2520876826722338
0.2526096033402923
0.2531315240083507
0.25365344467640916
0.2541753653444676
0.2546972860125261
0.25521920668058456
0.255741127348643
0.25626304801670147
0.2567849686847599
0.25730688935281837
0.2578288100208768
0.25835073068893527
0.2588726513569937
0.2593945720250522
0.2599164926931106
0.2604384133611691
0.2609603340292276
0.26148225469728603
0.2620041753653445
0.26252609603340293
0.2630480167014614
0.26356993736951984
0.2640918580375783
0.26461377870563674
0.2651356993736952
0.26565762004175364
0.2661795407098121
0.26670146137787054
0.267223382045929
0.26774530271398744
0.26826722338204595
0.26878914405010434
0.26931106471816285
0.2698329853862213
0.27035490605427975
0.2708768267223382
0.27139874739039666
0.2719206680584551
0.2724425887265136
0.272964509394572
0.27348643006263046
0.27400835073068897
0.27453027139874736
0.27505219206680587
0.27557411273486426
0.2766179540709812
0.27713987473903967
0.3105427974947808
0.31106471816283926
0.3115866388308977
0.31210855949895616
0.3126304801670146
0.3178496868475992
0.31837160751565763
0.31941544885177453
0.319937369519833
0.32045929018789143
0.3209812108559499
0.32150313152400833
0.32359081419624214
0.3246346555323591
0.32515657620041755
0.3262004175365344
0.3267223382045929
0.32724425887265135
0.33820459290187893
0.3387265135699373
0.33924843423799583
0.3397703549060543
0.34029227557411273
0.3408141962421712
0.3413361169102297
0.3418580375782881
0.3423799582463466
0.4003131524008351
0.40083507306889354
0.401356993736952
0.4018789144050104
0.4024008350730689
0.4399791231732777
0.4405010438413361
0.4410229645093946
0.44154488517745305
0.44206680584551145
0.4514613778705637
0.4519832985386221
0.45250521920668063
0.453027139874739
0.4535490605427975
0.45407098121085593
0.4545929018789144
0.4551148225469729
0.4556367432150313
0.4561586638830898
0.45668058455114824
0.4572025052192067
0.45772442588726514
0.4582463465553236
0.45876826722338204
0.4592901878914405
0.45981210855949894
0.4603340292275574
0.4608559498956159
0.4613778705636743
0.4618997912317328
0.4624217118997912
0.4629436325678497
0.46346555323590816
0.4639874739039666
0.46450939457202506
0.46503131524008345
0.46555323590814196
0.4660751565762004
0.46659707724425886
0.4671189979123173
0.4676409185803758
0.5020876826722338
0.5026096033402923
0.5031315240083507
0.5036534446764092
0.5041753653444676
0.5046972860125261
0.5052192066805846
0.505741127348643
0.5062630480167014
0.50678496868476
0.5073068893528183
0.5078288100208769
0.5083507306889352
0.5088726513569938
0.5093945720250522
0.5099164926931107
0.5104384133611691
0.5109603340292276
0.511482254697286
0.5548016701461378
0.5553235908141962
0.5558455114822547
0.5563674321503133
0.5568893528183716
0.55741127348643
0.5579331941544885
0.558455114822547
0.5589770354906055
0.5594989561586639
0.5600208768267223
0.5605427974947808
0.5610647181628393
0.5615866388308978
0.5621085594989561
0.5626304801670146
0.5631524008350731
0.5636743215031316
0.56419624217119
0.5647181628392484
0.5652400835073068
0.5657620041753654
0.5662839248434238
0.5668058455114823
0.5673277661795406
0.5678496868475992
0.5683716075156576
0.5688935281837161
0.5694154488517745
0.569937369519833
0.5704592901878914
0.5709812108559499
0.5715031315240083
0.5720250521920668
0.5725469728601253
0.5730688935281837
0.5735908141962421
0.5741127348643006
0.5746346555323592
0.8303757828810021
0.8308977035490606
0.8314196242171189
0.8319415448851775
0.8324634655532359
0.9018789144050104
0.9024008350730688
0.9029227557411273
0.9034446764091858
0.9039665970772442
0.9044885177453027
0.9050104384133613
0.9055323590814196
0.906054279749478
0.9065762004175365
0.907098121085595
0.9076200417536535
0.9081419624217119
0.9086638830897703
0.004697286012526096
0.005219206680584551
0.0057411273486430055
0.006263048016701462
0.006784968684759917
0.010438413361169102
0.010960334029227558
0.011482254697286011
0.012004175365344467
0.015135699373695197
0.015657620041753653
0.016179540709812108
0.022964509394572022
0.02348643006263048
0.024008350730688934
0.027661795407098122
0.028183716075156576
0.02870563674321503
0.02922755741127349
0.02974947807933194
0.032359081419624215
0.03288100208768267
0.033402922755741124
0.03392484342379958
0.03444676409185803
0.03496868475991649
0.08194154488517745
0.09394572025052192
0.09446764091858037
0.09498956158663882
0.09551148225469729
0.09603340292275574
0.0965553235908142
0.09707724425887265
0.0975991649269311
0.09812108559498955
0.09864300626304802
0.09916492693110647
0.09968684759916493
0.10020876826722339
0.10073068893528184
0.10125260960334029
0.10647181628392484
0.10699373695198329
0.10751565762004175
0.1080375782881002
0.10855949895615867
0.10908141962421711
0.10960334029227557
0.11012526096033402
0.11064718162839249
0.11116910229645094
0.1116910229645094
0.11221294363256784
0.1127348643006263
0.11325678496868476
0.11377870563674322
0.11430062630480167
0.11482254697286012
0.11534446764091857
0.11586638830897704
0.11638830897703549
0.11691022964509395
0.1174321503131524
0.11795407098121084
0.11951983298538622
0.12004175365344467
0.12056367432150313
0.12108559498956158
0.12160751565762004
0.12212943632567849
0.12265135699373696
0.12317327766179541
0.12369519832985386
0.12421711899791231
0.12473903966597077
0.12526096033402923
0.1430062630480167
0.1477035490605428
0.14822546972860123
0.14874739039665968
0.15918580375782881
0.15970772442588727
0.16022964509394572
0.16075156576200417
0.16127348643006262
0.16179540709812107
0.16231732776617955
0.162839248434238
0.16336116910229645
0.1638830897703549
0.16440501043841338
0.16492693110647183
0.1779749478079332
0.17849686847599164
0.1790187891440501
0.17954070981210857
0.18006263048016702
0.18058455114822547
0.1826722338204593
0.18632567849686849
0.18684759916492694
0.19050104384133612
0.19102296450939457
0.19154488517745302
0.22755741127348644
0.2280793319415449
0.22860125260960334
0.2291231732776618
0.22964509394572025
0.2301670146137787
0.23068893528183715
0.2312108559498956
0.23173277661795408
0.23225469728601253
0.23277661795407098
0.23329853862212943
0.2338204592901879
0.23434237995824636
0.2348643006263048
0.23538622129436323
0.23590814196242169
0.23643006263048016
0.23695198329853862
0.23747390396659707
0.23799582463465552
0.24217118997912315
0.24269311064718163
0.24321503131524008
0.24373695198329853
0.24425887265135698
0.24478079331941546
0.2453027139874739
0.24582463465553236
0.24634655532359082
0.2468684759916493
0.24739039665970772
0.24791231732776617
0.24843423799582462
0.2489561586638831
0.24947807933194155
0.25
0.25052192066805845
0.2510438413361169
0.25156576200417535
0.2520876826722338
0.2526096033402923
0.2531315240083507
0.25365344467640916
0.2541753653444676
0.2546972860125261
0.25521920668058456
0.255741127348643
0.25626304801670147
0.2567849686847599
0.25730688935281837
0.2578288100208768
0.25835073068893527
0.2588726513569937
0.2593945720250522
0.2599164926931106
0.2604384133611691
0.2609603340292276
0.26148225469728603
0.2620041753653445
0.26252609603340293
0.2630480167014614
0.26356993736951984
0.2640918580375783
0.26461377870563674
0.2651356993736952
0.26565762004175364
0.2661795407098121
0.26670146137787054
0.267223382045929
0.26774530271398744
0.26826722338204595
0.26878914405010434
0.26931106471816285
0.2698329853862213
0.27035490605427975
0.2708768267223382
0.27139874739039666
0.2719206680584551
0.2724425887265136
0.272964509394572
0.27348643006263046
0.27400835073068897
0.27453027139874736
0.27505219206680587
0.27557411273486426
0.27609603340292277
0.2766179540709812
0.27713987473903967
0.2776617954070981
0.27818371607515663
0.278705636743215
0.2792275574112735
0.29018789144050106
0.29070981210855945
0.30114822546972864
0.30167014613778703
0.3021920668058455
0.302713987473904
0.3032359081419624
0.3037578288100209
0.3042797494780793
0.3048016701461378
0.30532359081419624
0.3058455114822547
0.30636743215031315
0.30741127348643005
0.3079331941544885
0.30845511482254695
0.3089770354906054
0.31315240083507306
0.31367432150313157
0.31419624217118997
0.3147181628392484
0.3152400835073069
0.3157620041753653
0.3162839248434238
0.3168058455114822
0.3173277661795407
0.3178496868475992
0.31837160751565763
0.3188935281837161
0.31941544885177453
0.319937369519833
0.32045929018789143
0.3209812108559499
0.32150313152400833
0.32202505219206684
0.32254697286012524
0.32306889352818374
0.32359081419624214
0.32411273486430064
0.3246346555323591
0.32515657620041755
0.325678496868476
0.3262004175365344
0.3267223382045929
0.32724425887265135
0.3277661795407098
0.32828810020876825
0.38308977035490605
0.38413361169102295
0.4331941544885178
0.4337160751565762
0.4342379958246347
0.4347599164926931
0.4352818371607516
0.43580375782881003
0.43632567849686843
0.43684759916492694
0.4373695198329854
0.43789144050104384
0.4384133611691023
0.43893528183716074
0.4394572025052192
0.4399791231732777
0.4405010438413361
0.4410229645093946
0.44154488517745305
0.44206680584551145
0.44258872651356995
0.44311064718162835
0.5568893528183716
0.55741127348643
0.5579331941544885
0.558455114822547
0.5589770354906055
0.5594989561586639
0.5600208768267223
0.5605427974947808
0.5610647181628393
0.5615866388308978
0.5621085594989561
0.6294363256784968
0.6299582463465554
0.6304801670146138
0.6310020876826722
0.6315240083507306
0.6320459290187892
0.6325678496868476
0.6330897703549061
0.6336116910229644
0.6341336116910229
0.6346555323590815
0.6351774530271399
0.6356993736951984
0.6816283924843424
0.6821503131524008
0.6826722338204594
0.7280793319415448
0.7286012526096034
0.8209812108559499
0.8215031315240083
0.8220250521920668
0.8225469728601253
0.8230688935281837
0.8235908141962421
0.8241127348643006
0.8246346555323592
0.8251565762004176
0.8256784968684759
0.8262004175365344
0.8267223382045928
0.8272442588726514
0.8277661795407099
0.8282881002087682
0.8288100208768266
0.9180584551148225
0.003131524008350731
0.003653444676409186
0.0057411273486430055
0.006263048016701462
0.006784968684759917
0.007306889352818372
0.007828810020876827
0.014091858037578288
0.014613778705636744
0.015135699373695197
0.015657620041753653
0.016179540709812108
0.016701461377870562
0.017223382045929016
0.017745302713987474
0.01826722338204593
0.018789144050104383
0.019311064718162838
0.02035490605427975
0.024008350730688934
0.02453027139874739
0.025052192066805846
0.0255741127348643
0.026096033402922755
0.02661795407098121
0.03549060542797495
0.04175365344467641
0.042275574112734866
0.042797494780793324
0.044363256784968684
0.04488517745302714
0.0454070981210856
0.045929018789144044
0.0464509394572025
0.04697286012526096
0.04749478079331941
0.04801670146137787
0.048538622129436326
0.04906054279749478
0.049582463465553235
0.05010438413361169
0.050626304801670144
0.0511482254697286
0.05167014613778705
0.05219206680584551
0.05271398747390397
0.05323590814196242
0.05375782881002088
0.054279749478079335
0.054801670146137786
0.05793319415448852
0.05845511482254698
0.07620041753653445
0.09446764091858037
0.09498956158663882
0.09551148225469729
0.09603340292275574
0.09707724425887265
0.0975991649269311
0.09812108559498955
0.09864300626304802
0.09916492693110647
0.09968684759916493
0.10125260960334029
0.10177453027139875
0.1022964509394572
0.1033402922755741
0.10386221294363257
0.10699373695198329
0.10751565762004175
0.1080375782881002
0.10855949895615867
0.10908141962421711
0.10960334029227557
0.11012526096033402
0.11064718162839249
0.11116910229645094
0.1116910229645094
0.11221294363256784
0.1127348643006263
0.11325678496868476
0.11377870563674322
0.11430062630480167
0.11482254697286012
0.11534446764091857
0.11586638830897704
0.11638830897703549
0.11691022964509395
0.1174321503131524
0.11795407098121084
0.11847599164926931
0.11899791231732776
0.11951983298538622
0.12004175365344467
0.12056367432150313
0.12108559498956158
0.12160751565762004
0.12212943632567849
0.12265135699373696
0.14718162839248436
0.1477035490605428
0.14822546972860123
0.14874739039665968
0.14926931106471816
0.14979123173277661
0.15031315240083507
0.15083507306889352
0.151356993736952
0.15187891440501045
0.15918580375782881
0.15970772442588727
0.16022964509394572
0.16075156576200417
0.16127348643006262
0.16179540709812107
0.16231732776617955
0.16336116910229645
0.1638830897703549
0.16440501043841338
0.16492693110647183
0.16544885177453028
0.1659707724425887
0.16649269311064718
0.16701461377870563
0.16753653444676408
0.16805845511482254
0.16858037578288101
0.16910229645093947
0.16962421711899792
0.17014613778705637
0.17066805845511485
0.1711899791231733
0.17171189979123172
0.17223382045929017
0.17275574112734862
0.1732776617954071
0.17379958246346555
0.174321503131524
0.17484342379958245
0.17536534446764093
0.17588726513569938
0.17640918580375783
0.17693110647181629
0.17745302713987474
0.1779749478079332
0.22390396659707723
0.22442588726513568
0.22494780793319413
0.2254697286012526
0.22599164926931106
0.2265135699373695
0.22703549060542796
0.22755741127348644
0.2280793319415449
0.22860125260960334
0.2291231732776618
0.22964509394572025
0.2301670146137787
0.23068893528183715
0.2312108559498956
0.23173277661795408
0.23225469728601253
0.23277661795407098
0.23329853862212943
0.2338204592901879
0.23434237995824636
0.2348643006263048
0.23538622129436323
0.23590814196242169
0.23643006263048016
0.23695198329853862
0.23747390396659707
0.23799582463465552
0.238517745302714
0.23903966597077245
0.2395615866388309
0.24008350730688935
0.24060542797494783
0.24112734864300625
0.2416492693110647
0.24217118997912315
0.24269311064718163
0.24321503131524008
0.24373695198329853
0.24425887265135698
0.24478079331941546
0.2453027139874739
0.24582463465553236
0.24634655532359082
0.2468684759916493
0.24739039665970772
0.24791231732776617
0.24843423799582462
0.2489561586638831
0.24947807933194155
0.25
0.25052192066805845
0.2510438413361169
0.25156576200417535
0.2520876826722338
0.2526096033402923
0.2531315240083507
0.25365344467640916
0.2541753653444676
0.2546972860125261
0.25521920668058456
0.255741127348643
0.25626304801670147
0.2567849686847599
0.25730688935281837
0.2578288100208768
0.25835073068893527
0.2588726513569937
0.2593945720250522
0.2599164926931106
0.2604384133611691
0.2609603340292276
0.26148225469728603
0.2620041753653445
0.26252609603340293
0.2630480167014614
0.26356993736951984
0.2640918580375783
0.26461377870563674
0.2651356993736952
0.26565762004175364
0.2661795407098121
0.26670146137787054
0.267223382045929
0.26774530271398744
0.26826722338204595
0.26878914405010434
0.26931106471816285
0.2698329853862213
0.27035490605427975
0.2708768267223382
0.27139874739039666
0.2719206680584551
0.2724425887265136
0.272964509394572
0.27348643006263046
0.27400835073068897
0.27453027139874736
0.27505219206680587
0.27557411273486426
0.27609603340292277
0.2766179540709812
0.27713987473903967
0.2776617954070981
0.27818371607515663
0.278705636743215
0.31106471816283926
0.3115866388308977
0.31210855949895616
0.3246346555323591
0.32515657620041755
0.325678496868476
0.3262004175365344
0.3267223382045929
0.32724425887265135
0.3277661795407098
0.32828810020876825
0.32881002087682676
0.32933194154488515
0.34029227557411273
0.36638830897703545
0.36691022964509395
0.36743215031315235
0.36795407098121086
0.3684759916492693
0.36899791231732776
0.3695198329853862
0.3700417536534447
0.3705636743215031
0.3710855949895616
0.3846555323590814
0.3851774530271399
0.3856993736951983
0.3862212943632568
0.3867432150313152
0.3872651356993737
0.38778705636743216
0.3883089770354906
0.38883089770354906
0.3893528183716075
0.38987473903966596
0.3903966597077244
0.39091858037578286
0.3914405010438413
0.3919624217118998
0.3924843423799582
0.3930062630480167
0.3935281837160752
0.3940501043841336
0.3945720250521921
0.3950939457202505
0.395615866388309
0.39613778705636743
0.3966597077244259
0.39718162839248433
0.45668058455114824
0.4572025052192067
0.45876826722338204
0.4608559498956159
0.46346555323590816
0.46555323590814196
0.4660751565762004
0.8366388308977035
0.837160751565762
0.8376826722338204
0.8382045929018789
0.8387265135699374
0.8392484342379959
0.8397703549060542
0.8402922755741127
0.8408141962421712
0.8413361169102297
0.8418580375782881
0.8434237995824635
0.912839248434238
0.0020876826722338203
0.0026096033402922755
0.006784968684759917
0.007306889352818372
0.007828810020876827
0.008350730688935281
0.008872651356993737
0.009394572025052192
0.009916492693110648
0.010438413361169102
0.010960334029227558
0.011482254697286011
0.012004175365344467
0.012526096033402923
0.013048016701461378
0.013569937369519834
0.014091858037578288
0.014613778705636744
0.015135699373695197
0.015657620041753653
0.016179540709812108
0.016701461377870562
0.017223382045929016
0.017745302713987474
0.01826722338204593
0.018789144050104383
0.019311064718162838
0.019832985386221295
0.02035490605427975
0.020876826722338204
0.021398747390396662
0.021920668058455117
0.02244258872651357
0.024008350730688934
0.02453027139874739
0.025052192066805846
0.0255741127348643
0.026096033402922755
0.02661795407098121
0.027139874739039668
0.027661795407098122
0.028183716075156576
0.02870563674321503
0.02922755741127349
0.02974947807933194
0.031315240083507306
0.031837160751565764
0.032359081419624215
0.033402922755741124
0.038100208768267224
0.043319415448851775
0.04384133611691023
0.044363256784968684
0.04906054279749478
0.049582463465553235
0.05010438413361169
0.050626304801670144
0.0511482254697286
0.05167014613778705
0.05219206680584551
0.05271398747390397
0.05323590814196242
0.05375782881002088
0.054279749478079335
0.054801670146137786
0.07463465553235908
0.07515657620041753
0.075678496868476
0.07620041753653445
0.07672233820459291
0.07724425887265135
0.07776617954070981
0.07828810020876827
0.07881002087682673
0.07933194154488518
0.07985386221294363
0.08037578288100208
0.08089770354906053
0.081419624217119
0.08194154488517745
0.08246346555323592
0.08298538622129435
0.08350730688935282
0.08402922755741127
0.08455114822546973
0.08507306889352818
0.08559498956158665
0.08611691022964509
0.08663883089770355
0.087160751565762
0.08768267223382047
0.08820459290187892
0.08872651356993737
0.08924843423799582
0.08977035490605428
0.09029227557411273
0.0908141962421712
0.09133611691022965
0.09185803757828809
0.09237995824634655
0.092901878914405
0.09342379958246347
0.09394572025052192
0.09446764091858037
0.09707724425887265
0.09864300626304802
0.09916492693110647
0.09968684759916493
0.10020876826722339
0.10073068893528184
0.10125260960334029
0.10177453027139875
0.1022964509394572
0.10281837160751567
0.1033402922755741
0.10386221294363257
0.10438413361169102
0.10490605427974949
0.10542797494780794
0.1059498956158664
0.10647181628392484
0.10699373695198329
0.10751565762004175
0.1080375782881002
0.10855949895615867
0.10908141962421711
0.10960334029227557
0.11012526096033402
0.11064718162839249
0.11116910229645094
0.1116910229645094
0.11221294363256784
0.1127348643006263
0.11325678496868476
0.11377870563674322
0.11430062630480167
0.11482254697286012
0.1383089770354906
0.13883089770354906
0.1393528183716075
0.13987473903966596
0.14039665970772444
0.1409185803757829
0.14144050104384134
0.1419624217118998
0.14248434237995825
0.1430062630480167
0.14352818371607515
0.1440501043841336
0.14457202505219205
0.14509394572025053
0.14561586638830898
0.15292275574112735
0.15344467640918583
0.15396659707724425
0.1544885177453027
0.15501043841336115
0.15553235908141963
0.15970772442588727
0.16022964509394572
0.16075156576200417
0.16127348643006262
0.16179540709812107
0.16231732776617955
0.162839248434238
0.16336116910229645
0.1638830897703549
0.16440501043841338
0.16492693110647183
0.16544885177453028
0.1659707724425887
0.16649269311064718
0.16701461377870563
0.16753653444676408
0.16805845511482254
0.16858037578288101
0.16910229645093947
0.16962421711899792
0.17014613778705637
0.17066805845511485
0.1711899791231733
0.17171189979123172
0.17223382045929017
0.17275574112734862
0.1732776617954071
0.17379958246346555
0.174321503131524
0.20772442588726514
0.2082463465553236
0.20876826722338204
0.2092901878914405
0.20981210855949897
0.21033402922755742
0.21085594989561587
0.21137787056367432
0.2118997912317328
0.21242171189979123
0.2233820459290188
0.22390396659707723
0.22442588726513568
0.23643006263048016
0.23695198329853862
0.23747390396659707
0.23799582463465552
0.238517745302714
0.23903966597077245
0.2395615866388309
0.24008350730688935
0.24060542797494783
0.24112734864300625
0.2416492693110647
0.24217118997912315
0.24269311064718163
0.24321503131524008
0.24373695198329853
0.24425887265135698
0.24478079331941546
0.2453027139874739
0.24582463465553236
0.25365344467640916
0.2541753653444676
0.2546972860125261
0.25521920668058456
0.255741127348643
0.25626304801670147
0.2567849686847599
0.25730688935281837
0.2578288100208768
0.25835073068893527
0.2588726513569937
0.2593945720250522
0.2599164926931106
0.2604384133611691
0.2609603340292276
0.26148225469728603
0.2620041753653445
0.26252609603340293
0.2630480167014614
0.26356993736951984
0.2640918580375783
0.26461377870563674
0.2651356993736952
0.26565762004175364
0.2661795407098121
0.26670146137787054
0.267223382045929
0.26774530271398744
0.26826722338204595
0.26878914405010434
0.26931106471816285
0.2698329853862213
0.27035490605427975
0.2708768267223382
0.27139874739039666
0.2719206680584551
0.2724425887265136
0.272964509394572
0.27348643006263046
0.27400835073068897
0.27453027139874736
0.27505219206680587
0.27557411273486426
0.27609603340292277
0.27713987473903967
0.33611691022964507
0.3366388308977036
0.33820459290187893
0.3387265135699373
0.33924843423799583
0.3397703549060543
0.34029227557411273
0.3408141962421712
0.3413361169102297
0.3418580375782881
0.3423799582463466
0.342901878914405
0.34342379958246344
0.34394572025052195
0.34446764091858034
0.34498956158663885
0.34551148225469724
0.34603340292275575
0.3465553235908142
0.34707724425887265
0.3475991649269311
0.3481210855949896
0.348643006263048
0.34916492693110646
0.3496868475991649
0.35020876826722336
0.35073068893528186
0.35125260960334026
0.35177453027139877
0.3522964509394572
0.35281837160751567
0.3533402922755741
0.35386221294363257
0.354384133611691
0.35490605427974947
0.3554279749478079
0.3559498956158664
0.3564718162839248
0.3569937369519833
0.7865344467640919
0.7870563674321504
0.7875782881002087
0.8173277661795406
0.8178496868475992
0.8183716075156576
0.8188935281837161
0.8194154488517745
0.819937369519833
0.8204592901878914
0.8209812108559499
0.8215031315240083
0.8220250521920668
0.8225469728601253
0.8230688935281837
0.8235908141962421
0.8241127348643006
0.8246346555323592
0.8251565762004176
0.8272442588726514
0.8277661795407099
0.8282881002087682
0.8288100208768266
0.8293319415448852
0.8298538622129437
0.8303757828810021
0.8308977035490606
0.8966597077244259
0.8971816283924843
0.8992693110647182
0.0
0.0005219206680584551
0.0010438413361169101
0.0015657620041753654
0.0020876826722338203
0.0026096033402922755
0.003131524008350731
0.003653444676409186
0.0041753653444676405
0.004697286012526096
0.005219206680584551
0.0057411273486430055
0.006263048016701462
0.006784968684759917
0.007306889352818372
0.007828810020876827
0.008350730688935281
0.008872651356993737
0.009394572025052192
0.009916492693110648
0.010438413361169102
0.010960334029227558
0.011482254697286011
0.012004175365344467
0.012526096033402923
0.013048016701461378
0.013569937369519834
0.014091858037578288
0.014613778705636744
0.015135699373695197
0.015657620041753653
0.016179540709812108
0.016701461377870562
0.017223382045929016
0.017745302713987474
0.01826722338204593
0.018789144050104383
0.019311064718162838
0.019832985386221295
0.02035490605427975
0.020876826722338204
0.021398747390396662
0.021920668058455117
0.02244258872651357
0.022964509394572022
0.02348643006263048
0.024008350730688934
0.02453027139874739
0.025052192066805846
0.0255741127348643
0.026096033402922755
0.02661795407098121
0.027139874739039668
0.027661795407098122
0.028183716075156576
0.02870563674321503
0.02922755741127349
0.02974947807933194
0.042797494780793324
0.061064718162839246
0.061586638830897704
0.062108559498956155
0.06263048016701461
0.06315240083507308
0.06367432150313153
0.06419624217118998
0.06471816283924843
0.0652400835073069
0.06576200417536535
0.0662839248434238
0.06680584551148225
0.06732776617954071
0.06784968684759916
0.06837160751565761
0.06889352818371607
0.06941544885177453
0.06993736951983298
0.07045929018789145
0.0709812108559499
0.07150313152400835
0.0720250521920668
0.07254697286012526
0.07306889352818371
0.07359081419624218
0.07411273486430062
0.07463465553235908
0.07515657620041753
0.07881002087682673
0.07933194154488518
0.07985386221294363
0.08037578288100208
0.08089770354906053
0.081419624217119
0.09916492693110647
0.10177453027139875
0.1022964509394572
0.10281837160751567
0.1033402922755741
0.10386221294363257
0.10438413361169102
0.10490605427974949
0.10542797494780794
0.1059498956158664
0.10647181628392484
0.10699373695198329
0.10751565762004175
0.1080375782881002
0.10855949895615867
0.10908141962421711
0.10960334029227557
0.11012526096033402
0.11064718162839249
0.11116910229645094
0.1116910229645094
0.11221294363256784
0.12421711899791231
0.12473903966597077
0.12526096033402923
0.12578288100208768
0.12630480167014616
0.12682672233820458
0.12734864300626306
0.1278705636743215
0.12839248434237996
0.1289144050104384
0.12943632567849686
0.1299582463465553
0.1304801670146138
0.13100208768267224
0.1315240083507307
0.13204592901878914
0.1325678496868476
0.13308977035490605
0.1336116910229645
0.13413361169102297
0.13465553235908143
0.13517745302713988
0.13569937369519833
0.1362212943632568
0.13674321503131523
0.13726513569937368
0.13778705636743213
0.1383089770354906
0.13987473903966596
0.14039665970772444
0.15553235908141963
0.15605427974947808
0.15657620041753653
0.15709812108559498
0.15762004175365346
0.1581419624217119
0.15866388308977036
0.15918580375782881
0.15970772442588727
0.16022964509394572
0.16075156576200417
0.16127348643006262
0.16179540709812107
0.16231732776617955
0.162839248434238
0.16336116910229645
0.1638830897703549
0.16440501043841338
0.16492693110647183
0.16544885177453028
0.1659707724425887
0.16649269311064718
0.16701461377870563
0.16753653444676408
0.16805845511482254
0.16858037578288101
0.16910229645093947
0.16962421711899792
0.17014613778705637
0.17066805845511485
0.1711899791231733
0.17171189979123172
0.17223382045929017
0.17275574112734862
0.1732776617954071
0.17379958246346555
0.174321503131524
0.17484342379958245
0.17536534446764093
0.17588726513569938
0.1779749478079332
0.18006263048016702
0.18110647181628392
0.1816283924843424
0.18215031315240085
0.1826722338204593
0.18319415448851772
0.18371607515657618
0.18423799582463465
0.1847599164926931
0.18528183716075156
0.18580375782881
0.18632567849686849
0.18684759916492694
0.1873695198329854
0.18789144050104384
0.18841336116910232
0.18893528183716074
0.1894572025052192
0.18997912317327764
0.19050104384133612
0.19102296450939457
0.19154488517745302
0.19206680584551147
0.19258872651356995
0.1931106471816284
0.19363256784968685
0.1941544885177453
0.19467640918580376
0.1951983298538622
0.19572025052192066
0.1962421711899791
0.1967640918580376
0.19728601252609604
0.1978079331941545
0.19832985386221294
0.1988517745302714
0.19937369519832987
0.19989561586638832
0.20041753653444677
0.2009394572025052
0.20146137787056367
0.20198329853862212
0.20250521920668058
0.20302713987473903
0.2035490605427975
0.20407098121085596
0.2541753653444676
0.2546972860125261
0.255741127348643
0.25626304801670147
0.2567849686847599
0.25730688935281837
0.2578288100208768
0.25835073068893527
0.2588726513569937
0.2593945720250522
0.2599164926931106
0.2604384133611691
0.2609603340292276
0.26148225469728603
0.2620041753653445
0.26252609603340293
0.2630480167014614
0.26356993736951984
0.2640918580375783
0.26461377870563674
0.2651356993736952
0.26565762004175364
0.2661795407098121
0.26670146137787054
0.267223382045929
0.26774530271398744
0.26826722338204595
0.26878914405010434
0.26931106471816285
0.2698329853862213
0.27035490605427975
0.2708768267223382
0.27139874739039666
0.2719206680584551
0.2724425887265136
0.272964509394572
0.27348643006263046
0.0
0.0005219206680584551
0.0010438413361169101
0.0015657620041753654
0.0020876826722338203
0.0026096033402922755
0.003131524008350731
0.003653444676409186
0.0041753653444676405
0.004697286012526096
0.005219206680584551
0.0057411273486430055
0.006263048016701462
0.019832985386221295
0.02035490605427975
0.020876826722338204
0.021398747390396662
0.021920668058455117
0.02244258872651357
0.022964509394572022
0.02348643006263048
-0.0
-0.0005219206680584551
-0.0010438413361169101
-0.0015657620041753654
-0.0020876826722338203
-0.0026096033402922755
-0.003131524008350731
-0.003653444676409186
-0.0041753653444676405
-0.004697286012526096
-0.005219206680584551
-0.0057411273486430055
-0.019311064718162838
-0.019832985386221295
-0.02035490605427975
-0.020876826722338204
-0.021398747390396662
-0.021920668058455117
-0.02244258872651357
-0.022964509394572022
-0.2609603340292276
-0.26148225469728603
-0.0
-0.0005219206680584551
-0.0010438413361169101
-0.0015657620041753654
-0.0020876826722338203
-0.0026096033402922755
-0.003131524008350731
-0.003653444676409186
-0.0041753653444676405
-0.004697286012526096
-0.005219206680584551
-0.0057411273486430055
-0.006263048016701462
-0.006784968684759917
-0.007306889352818372
-0.007828810020876827
-0.008350730688935281
-0.008872651356993737
-0.009394572025052192
-0.009916492693110648
-0.010438413361169102
-0.010960334029227558
-0.019311064718162838
-0.019832985386221295
-0.02035490605427975
-0.020876826722338204
-0.021398747390396662
-0.021920668058455117
-0.02244258872651357
-0.022964509394572022
-0.02348643006263048
-0.003653444676409186
-0.0041753653444676405
-0.004697286012526096
-0.005219206680584551
-0.0057411273486430055
-0.006263048016701462
-0.006784968684759917
-0.007306889352818372
-0.007828810020876827
-0.008350730688935281
-0.008872651356993737
-0.009394572025052192
-0.009916492693110648
-0.010438413361169102
-0.010960334029227558
-0.011482254697286011
-0.012004175365344467
-0.012526096033402923
-0.017745302713987474
-0.01826722338204593
-0.018789144050104383
-0.019311064718162838
-0.019832985386221295
-0.02035490605427975
-0.02244258872651357
-0.022964509394572022
-0.02348643006263048
-0.024008350730688934
-0.02453027139874739
-0.2599164926931106
-0.2604384133611691
-0.26148225469728603
-0.2620041753653445
-0.0
-0.0005219206680584551
-0.0010438413361169101
-0.0015657620041753654
-0.0020876826722338203
-0.0026096033402922755
-0.003131524008350731
-0.003653444676409186
-0.0041753653444676405
-0.004697286012526096
-0.005219206680584551
-0.0057411273486430055
-0.006263048016701462
-0.006784968684759917
-0.007306889352818372
-0.007828810020876827
-0.008350730688935281
-0.008872651356993737
-0.009394572025052192
-0.009916492693110648
-0.010438413361169102
-0.019832985386221295
-0.02035490605427975
-0.020876826722338204
-0.021398747390396662
-0.021920668058455117
-0.02244258872651357
-0.0010438413361169101
-0.0015657620041753654
-0.0020876826722338203
-0.2546972860125261
-0.25521920668058456
-0.255741127348643
-0.25626304801670147
-0.2567849686847599
-0.25730688935281837
-0.2578288100208768
-0.25835073068893527
-0.2588726513569937
-0.2593945720250522
-0.2599164926931106
-0.2604384133611691
-0.2609603340292276
-0.26148225469728603
-0.2620041753653445
-0.26252609603340293
-0.2630480167014614
-0.26356993736951984
-0.2640918580375783
-0.26461377870563674
-0.2651356993736952
-0.26565762004175364
-0.2661795407098121
-0.9817327766179541
-0.9827766179540709
-0.9832985386221295
-0.9838204592901879
-0.9843423799582464
-0.9848643006263047
-0.9853862212943633
-0.9859081419624217
-0.9864300626304802
-0.9869519832985386
-0.9874739039665972
-0.9879958246346555
-0.988517745302714
-0.9890396659707724
-0.9895615866388309
-0.9900835073068894
-0.9906054279749478
-0.9911273486430062
-0.9916492693110647
-0.9921711899791232
-0.9926931106471817
-0.99321503131524
-0.9937369519832985
-0.9942588726513569
-0.9947807933194155
-0.9953027139874739
-0.9958246346555324
-0.9963465553235907
-0.9968684759916493
-0.9973903966597077
-0.9979123173277662
-0.9984342379958246
-0.9989561586638831
-0.9994780793319415
-1.0
-0.015657620041753653
-0.016179540709812108
-0.016701461377870562
-0.017223382045929016
-0.017745302713987474
-0.01826722338204593
-0.2541753653444676
-0.2546972860125261
-0.25521920668058456
-0.255741127348643
-0.25626304801670147
-0.2567849686847599
-0.25730688935281837
-0.2578288100208768
-0.25835073068893527
-0.2588726513569937
-0.2593945720250522
-0.2599164926931106
-0.2604384133611691
-0.2609603340292276
-0.26148225469728603
-0.2620041753653445
-0.26252609603340293
-0.2630480167014614
-0.26356993736951984
-0.2640918580375783
-0.26461377870563674
-0.2651356993736952
-0.26565762004175364
-0.0
-0.0005219206680584551
-0.0010438413361169101
-0.0015657620041753654
-0.0020876826722338203
-0.0026096033402922755
-0.003131524008350731
-0.012004175365344467
-0.012526096033402923
-0.013048016701461378
-0.013569937369519834
-0.014091858037578288
-0.014613778705636744
-0.015135699373695197
-0.015657620041753653
-0.016179540709812108
-0.016701461377870562
-0.017223382045929016
-0.017745302713987474
-0.054279749478079335
-0.054801670146137786
-0.055323590814196244
-0.0558455114822547
-0.05636743215031315
-0.05688935281837161
-0.05741127348643006
-0.05793319415448852
-0.05845511482254698
-0.05897703549060542
-0.1962421711899791
-0.25730688935281837
-0.2578288100208768
-0.25835073068893527
-0.2588726513569937
-0.2593945720250522
-0.2599164926931106
-0.2604384133611691
-0.2609603340292276
-0.26148225469728603
-0.2620041753653445
-0.26252609603340293
-0.2630480167014614
-0.26356993736951984
-0.2640918580375783
-0.2651356993736952
-0.0
-0.0005219206680584551
-0.0010438413361169101
-0.0015657620041753654
-0.0020876826722338203
-0.0026096033402922755
-0.003131524008350731
-0.003653444676409186
-0.006784968684759917
-0.007306889352818372
-0.007828810020876827
-0.008350730688935281
-0.008872651356993737
-0.009394572025052192
-0.009916492693110648
-0.010438413361169102
-0.010960334029227558
-0.011482254697286011
-0.012004175365344467
-0.012526096033402923
-0.013048016701461378
-0.013569937369519834
-0.014091858037578288
-0.014613778705636744
-0.015135699373695197
-0.015657620041753653
-0.016179540709812108
-0.016701461377870562
-0.017223382045929016
-0.017745302713987474
-0.01826722338204593
-0.018789144050104383
-0.019311064718162838
-0.019832985386221295
-0.02035490605427975
-0.020876826722338204
-0.021398747390396662
-0.021920668058455117
-0.05010438413361169
-0.050626304801670144
-0.0511482254697286
-0.05167014613778705
-0.05219206680584551
-0.05271398747390397
-0.05323590814196242
-0.05375782881002088
-0.054279749478079335
-0.054801670146137786
-0.055323590814196244
-0.0558455114822547
-0.05636743215031315
-0.05688935281837161
-0.05741127348643006
-0.05793319415448852
-0.05845511482254698
-0.05897703549060542
-0.05949895615866388
-0.1951983298538622
-0.2593945720250522
-0.2599164926931106
-0.2604384133611691
-0.2630480167014614
-0.32306889352818374
-0.32359081419624214
-0.32411273486430064
-0.3246346555323591
-0.32515657620041755
-0.325678496868476
-0.3262004175365344
-0.0
-0.0005219206680584551
-0.0010438413361169101
-0.0015657620041753654
-0.0020876826722338203
-0.0026096033402922755
-0.003131524008350731
-0.003653444676409186
-0.0041753653444676405
-0.004697286012526096
-0.005219206680584551
-0.0057411273486430055
-0.006263048016701462
-0.006784968684759917
-0.007306889352818372
-0.007828810020876827
-0.008350730688935281
-0.008872651356993737
-0.009394572025052192
-0.009916492693110648
-0.010438413361169102
-0.010960334029227558
-0.011482254697286011
-0.012004175365344467
-0.012526096033402923
-0.013048016701461378
-0.013569937369519834
-0.014091858037578288
-0.014613778705636744
-0.015135699373695197
-0.015657620041753653
-0.016179540709812108
-0.016701461377870562
-0.017223382045929016
-0.017745302713987474
-0.01826722338204593
-0.018789144050104383
-0.019311064718162838
-0.019832985386221295
-0.02035490605427975
-0.045929018789144044
-0.0464509394572025
-0.04697286012526096
-0.04749478079331941
-0.04801670146137787
-0.048538622129436326
-0.04906054279749478
-0.049582463465553235
-0.05010438413361169
-0.050626304801670144
-0.0511482254697286
-0.05167014613778705
-0.05219206680584551
-0.05271398747390397
-0.05323590814196242
-0.05375782881002088
-0.054279749478079335
-0.054801670146137786
-0.055323590814196244
-0.0558455114822547
-0.05636743215031315
-0.05688935281837161
-0.05741127348643006
-0.30845511482254695
-0.3089770354906054
-0.3094989561586639
-0.3100208768267223
-0.3105427974947808
-0.31106471816283926
-0.3115866388308977
-0.31210855949895616
-0.3126304801670146
-0.31315240083507306
-0.31367432150313157
-0.3147181628392484
-0.3152400835073069
-0.3157620041753653
-0.3162839248434238
-0.3168058455114822
-0.3173277661795407
-0.3178496868475992
-0.31837160751565763
-0.3188935281837161
-0.31941544885177453
-0.319937369519833
-0.32045929018789143
-0.3209812108559499
-0.32150313152400833
-0.32202505219206684
-0.32254697286012524
-0.32306889352818374
-0.32359081419624214
-0.32411273486430064
-0.3246346555323591
-0.32515657620041755
