0.42728904847396765
0.42780200051295203
0.5155167991792767
0.5157732751987689
0.516029751218261
0.5162862272377532
0.5165427032572454
0.5167991792767376
0.5206463195691202
0.5209027955886124
0.5211592716081046
0.5214157476275968
0.5488586817132598
0.6193895870736086
0.63016157989228
0.6304180559117721
0.6306745319312644
0.6309310079507565
0.638881764555014
0.642985380866889
0.7932803282893048
0.793536804308797
0.7950756604257502
0.7953321364452423
0.7955886124647346
0.7958450884842266
0.42549371633752237
0.42575019235701456
0.4260066683765068
0.42626314439599894
0.42651962041549113
0.4267760964349833
0.42703257245447546
0.42728904847396765
0.42754552449345984
0.42780200051295203
0.42805847653244417
0.42831495255193636
0.4288279045909207
0.4298538086688894
0.4308797127468581
0.4311361887663503
0.4313926647858425
0.4347268530392408
0.43498332905873294
0.4357527571172095
0.4544755065401384
0.5178250833547062
0.5219286996665812
0.5221851756860733
0.5224416517055654
0.5226981277250576
0.5229546037445498
0.523211079764042
0.5352654526801743
0.5355219286996665
0.5870736086175942
0.6391382405745062
0.6393947165939984
0.6427289048473966
0.642985380866889
0.643241856886381
0.7971274685816876
0.7973839446011797
0.7994357527571171
0.8740702744293407
0.9476788920235957
0.9479353680430879
0.41369581944088224
0.4139522954603744
0.41574762759681966
0.4198512439086945
0.4211336240061554
0.4213901000256476
0.4229289561426006
0.4231854321620928
0.423441908181585
0.42369838420107714
0.42395486022056933
0.42472428827904585
0.42498076429853804
0.42549371633752237
0.42575019235701456
0.4267760964349833
0.42703257245447546
0.42728904847396765
0.42754552449345984
0.42780200051295203
0.42805847653244417
0.42831495255193636
0.42857142857142855
0.4288279045909207
0.42934085662990507
0.42959733264939726
0.4301102846883816
0.4303667607078738
0.4306232367273659
0.4313926647858425
0.4316491408053346
0.43190561682482687
0.4329315209027956
0.4331879969222877
0.4334444729417799
0.4337009489612721
0.4339574249807643
0.4342139010002564
0.4344703770197486
0.4347268530392408
0.43498332905873294
0.43523980507822513
0.4354962810977173
0.43652218517568603
0.4375480892536548
0.43780456527314693
0.4380610412926391
0.5134649910233392
0.5139779430623236
0.5198768915106436
0.5201333675301358
0.5203898435496281
0.5209027955886124
0.523211079764042
0.5234675557835342
0.5237240318030264
0.5288535521928699
0.5319312644267761
0.5321877404462683
0.5329571685047448
0.5488586817132598
0.549115157732752
0.5727109515260324
0.5729674275455244
0.5732239035650166
0.5734803795845088
0.573736855604001
0.5739933316234931
0.5742498076429854
0.5745062836624775
0.5747627596819697
0.5750192357014619
0.575275711720954
0.8727878943318799
0.8730443703513721
0.9456270838676583
0.9458835598871504
0.9461400359066426
0.41497819953834314
0.41523467555783533
0.4154911515773275
0.4185688638112336
0.4188253398307258
0.4190818158502179
0.4193382918697101
0.4195947678892023
0.4198512439086945
0.42010771992818663
0.42062067196717107
0.4208771479866632
0.4211336240061554
0.4213901000256476
0.4216465760451398
0.4219030520646319
0.4221595280841241
0.4224160041036163
0.42267248012310843
0.4229289561426006
0.4231854321620928
0.423441908181585
0.42369838420107714
0.42395486022056933
0.4242113362400615
0.42626314439599894
0.42651962041549113
0.42728904847396765
0.42754552449345984
0.42780200051295203
0.42805847653244417
0.42831495255193636
0.42857142857142855
0.4288279045909207
0.42934085662990507
0.42959733264939726
0.4308797127468581
0.4311361887663503
0.4313926647858425
0.4316491408053346
0.43190561682482687
0.43216209284431906
0.4324185688638112
0.4326750448833034
0.4329315209027956
0.4331879969222877
0.4334444729417799
0.4337009489612721
0.4339574249807643
0.4342139010002564
0.4344703770197486
0.4347268530392408
0.43498332905873294
0.43523980507822513
0.4354962810977173
0.4357527571172095
0.43600923313670165
0.43626570915619384
0.43652218517568603
0.43677866119517816
0.43703513721467036
0.43729161323416255
0.4375480892536548
0.43780456527314693
0.4380610412926391
0.4383175173121313
0.43857399333162345
0.4413952295460374
0.5193639394716594
0.5196204154911515
0.5198768915106436
0.5201333675301358
0.5203898435496281
0.5206463195691202
0.5209027955886124
0.5211592716081046
0.5214157476275968
0.521672223647089
0.5219286996665812
0.5224416517055654
0.5226981277250576
0.5229546037445498
0.523211079764042
0.5234675557835342
0.5237240318030264
0.5239805078225185
0.5242369838420107
0.5324442164657605
0.5327006924852525
0.5329571685047448
0.5332136445242369
0.5334701205437291
0.5337265965632213
0.5339830725827135
0.5342395486022056
0.5344960246216979
0.53475250064119
0.5355219286996665
0.5357784047191587
0.5360348807386509
0.536291356758143
0.5365478327776353
0.5498845857912285
0.5503975378302128
0.550654013849705
0.5509104898691971
0.5511669658886894
0.5514234419081815
0.5519363939471659
0.5521928699666581
0.5524493459861503
0.5529622980251345
0.5532187740446268
0.5534752500641189
0.5537317260836111
0.5539882021031033
0.5542446781225955
0.5545011541420876
0.5547576301615799
0.555014106181072
0.5552705822005641
0.5555270582200564
0.5557835342395485
0.5560400102590408
0.5562964862785329
0.5565529622980251
0.5568094383175173
0.5570659143370095
0.5573223903565016
0.5575788663759939
0.5578353423954859
0.5580918184149781
0.5583482944344703
0.5586047704539625
0.5588612464734546
0.5591177224929469
0.559374198512439
0.5596306745319313
0.5598871505514234
0.5601436265709155
0.5604001025904078
0.5606565786098999
0.5619389587073609
0.562195434726853
0.5624519107463452
0.5627083867658373
0.5629648627853295
0.5632213388048216
0.5634778148243139
0.5642472428827904
0.5645037189022826
0.5647601949217748
0.565016670941267
0.565273146960759
0.569376763272634
0.5696332392921261
0.5698897153116184
0.5727109515260324
0.5760451397794305
0.5763016157989228
0.5765580918184149
0.5768145678379071
0.5796358040523211
0.5798922800718133
0.5801487560913055
0.5804052321107975
0.5806617081302898
0.582457040266735
0.5834829443447037
0.5842523724031803
0.6083611182354449
0.6101564503718901
0.6106694024108745
0.6109258784303666
0.4095922031290074
0.4103616311874839
0.4193382918697101
0.4195947678892023
0.4198512439086945
0.42062067196717107
0.4211336240061554
0.4213901000256476
0.4216465760451398
0.4219030520646319
0.4221595280841241
0.4224160041036163
0.42267248012310843
0.4229289561426006
0.4231854321620928
0.423441908181585
0.4242113362400615
0.42472428827904585
0.42498076429853804
0.4252372403180302
0.42549371633752237
0.42626314439599894
0.42651962041549113
0.42703257245447546
0.42754552449345984
0.42780200051295203
0.42805847653244417
0.42934085662990507
0.4311361887663503
0.4313926647858425
0.4316491408053346
0.4324185688638112
0.4326750448833034
0.4329315209027956
0.4331879969222877
0.4334444729417799
0.4337009489612721
0.4339574249807643
0.4342139010002564
0.4344703770197486
0.4347268530392408
0.43498332905873294
0.43523980507822513
0.4354962810977173
0.4357527571172095
0.43600923313670165
0.43626570915619384
0.4413952295460374
0.44190818158502176
0.4421646576045139
0.4424211336240061
0.4426776096434983
0.4452423698384201
0.4454988458579123
0.4496024621697871
0.4498589381892793
0.4575532187740446
0.5209027955886124
0.5211592716081046
0.5214157476275968
0.521672223647089
0.5350089766606821
0.5352654526801743
0.5355219286996665
0.5357784047191587
0.5360348807386509
0.536291356758143
0.5365478327776353
0.5368043087971274
0.5370607848166196
0.5373172608361119
0.537573736855604
0.5378302128750961
0.5380866888945883
0.5383431649140805
0.5385996409335726
0.542190305206463
0.5427032572454474
0.5429597332649396
0.544755065401385
0.5529622980251345
0.5532187740446268
0.5534752500641189
0.5537317260836111
0.5539882021031033
0.5557835342395485
0.5560400102590408
0.5562964862785329
0.562195434726853
0.5624519107463452
0.5627083867658373
0.5629648627853295
0.5632213388048216
0.5634778148243139
0.563734290843806
0.5639907668632983
0.5642472428827904
0.5645037189022826
0.5647601949217748
0.565016670941267
0.5670684790972044
0.5688638112336496
0.569376763272634
0.5696332392921261
0.5698897153116184
0.5701461913311104
0.5704026673506026
0.5706591433700948
0.5755321877404461
0.5757886637599384
0.5760451397794305
0.5763016157989228
0.5765580918184149
0.5768145678379071
0.5770710438573993
0.5773275198768915
0.5847653244421646
0.5860477045396255
0.5863041805591176
0.6065657860989997
0.685047448063606
0.6853039240830981
0.6855604001025903
0.7253141831238779
0.72557065914337
0.7258271351628621
0.7296742754552449
0.18876635034624262
0.18902282636573478
0.277507053090536
0.42010771992818663
0.4203641959476789
0.42062067196717107
0.4216465760451398
0.4219030520646319
0.4221595280841241
0.4224160041036163
0.42267248012310843
0.4229289561426006
0.4231854321620928
0.423441908181585
0.42498076429853804
0.4252372403180302
0.42549371633752237
0.42575019235701456
0.4260066683765068
0.42651962041549113
0.4267760964349833
0.42703257245447546
0.42728904847396765
0.42754552449345984
0.42780200051295203
0.42857142857142855
0.42959733264939726
0.4316491408053346
0.43190561682482687
0.43216209284431906
0.4324185688638112
0.4326750448833034
0.4344703770197486
0.4347268530392408
0.43498332905873294
0.43523980507822513
0.4354962810977173
0.4357527571172095
0.43600923313670165
0.44088227750705306
0.44190818158502176
0.4421646576045139
0.4424211336240061
0.4426776096434983
0.4429340856629904
0.4449858938189279
0.5642472428827904
0.5645037189022826
0.5647601949217748
0.6086175942549371
0.6091305462939215
0.6537573736855604
0.6550397537830212
0.6552962298025135
0.6563221338804821
0.6614516542703256
0.6617081302898179
0.6645293665042318
0.7242882790459091
0.7245447550654013
0.7250577071043857
0.9961528597076172
0.9982046678635547
0.05103872787894331
0.05129520389843549
0.05155167991792767
0.05180815593741985
0.18850987432675043
0.18902282636573478
0.18927930238522694
0.36573480379584505
0.42703257245447546
0.5865606565786099
0.586817132598102
0.5878430366760706
0.5880995126955629
0.588355988715055
0.6022056937676327
0.6029751218261091
0.6032315978456014
0.6034880738650935
0.6037445498845857
0.6081046422159528
0.6088740702744293
0.6091305462939215
0.6093870223134136
0.653244421646576
0.6614516542703256
0.66196460630931
0.6622210823288022
0.6627340343677866
0.6629905103872786
0.6632469864067709
0.6635034624262631
0.6637599384457552
0.6827391638881765
0.6935111567068479
0.69376763272634
0.9966658117466016
0.9969222877660938
0.9971787637855859
0.9974352398050782
0.9982046678635547
0.9984611438830469
0.9987176199025389
0.050782251859451136
0.05103872787894331
0.05129520389843549
0.05155167991792767
0.05180815593741985
0.18876635034624262
0.18927930238522694
0.18953577840471914
0.19184406258014874
0.22262118491921004
0.371377276224673
0.3716337522441651
0.4429340856629904
0.5870736086175942
0.5875865606565785
0.5878430366760706
0.5880995126955629
0.6019492177481405
0.602718645806617
0.6032315978456014
0.6034880738650935
0.6086175942549371
0.6088740702744293
0.6614516542703256
0.6617081302898179
0.66196460630931
0.6624775583482944
0.6627340343677866
0.6824826878686842
0.6929982046678635
0.9648627853295716
0.9971787637855859
0.9974352398050782
0.9976917158245703
0.9984611438830469
0.05103872787894331
0.05129520389843549
0.05155167991792767
0.05180815593741985
0.18799692228776607
0.18825339830725826
0.19184406258014874
0.1933829186971018
0.193639394716594
0.19389587073608616
0.20774557578866376
0.22159528084124133
0.30700179533213645
0.4316491408053346
0.43190561682482687
0.5873300846370864
0.5875865606565785
0.5878430366760706
0.6022056937676327
0.6024621697871249
0.602718645806617
0.6029751218261091
0.6032315978456014
0.6034880738650935
0.6116953064888432
0.66196460630931
0.6622210823288022
0.6624775583482944
0.7437804565273146
0.7440369325468068
0.7596819697358296
0.7599384457553218
0.760194921774814
0.7604513977943061
0.7607078738137983
0.7609643498332905
0.7612208258527827
0.7614773018722748
0.7617337778917671
0.7619902539112592
0.7622467299307515
0.9974352398050782
0.9976917158245703
0.9979481918440625
0.9982046678635547
0.9984611438830469
0.05103872787894331
0.05129520389843549
0.05155167991792767
0.18799692228776607
0.1897922544242113
0.1921005385996409
0.19235701461913307
0.19261349063862526
0.19286996665811743
0.19312644267760964
0.1933829186971018
0.193639394716594
0.19517825083354703
0.19723005898948445
0.21107976404206205
0.21133624006155421
0.2151833803539369
0.21697871249038214
0.2172351885098743
0.2187740446268274
0.4313926647858425
0.4316491408053346
0.43190561682482687
0.43216209284431906
0.4342139010002564
0.4344703770197486
0.4347268530392408
0.43498332905873294
0.5562964862785329
0.5565529622980251
0.5573223903565016
0.5575788663759939
0.5578353423954859
0.5580918184149781
0.5583482944344703
0.5870736086175942
0.5873300846370864
0.5875865606565785
0.5878430366760706
0.6016927417286484
0.6029751218261091
0.6032315978456014
0.6111823544498589
0.611438830469351
0.6586304180559117
0.7435239805078225
0.7437804565273146
0.7440369325468068
0.7481405488586816
0.7609643498332905
0.7612208258527827
0.7614773018722748
0.7617337778917671
0.7619902539112592
0.7622467299307515
0.7625032059502436
0.7635291100282122
0.7637855860477045
0.7640420620671966
0.7642985380866888
0.7650679661451653
0.9894844832008207
0.9897409592203128
0.9971787637855859
0.9974352398050782
0.9976917158245703
0.9979481918440625
0.9982046678635547
0.05437291613234162
0.16234932033854835
0.304949987176199
0.30520646319569117
0.3054629392151833
0.3057194152346755
0.30597589125416774
0.30623236727365993
0.3682995639907668
0.368556040010259
0.36881251602975124
0.36906899204924337
0.36932546806873556
0.36958194408822775
0.3698384201077199
0.3700948961272121
0.37753270069248523
0.37778917671197737
0.42805847653244417
0.42831495255193636
0.42857142857142855
0.4288279045909207
0.4290843806104129
0.5524493459861503
0.5534752500641189
0.5537317260836111
0.5539882021031033
0.5542446781225955
0.5545011541420876
0.5547576301615799
0.555014106181072
0.5586047704539625
0.5655296229802513
0.5657860989997434
0.5970761733777891
0.5973326493972814
0.5975891254167734
0.5978456014362656
0.5981020774557578
0.59835855347525
0.5986150294947421
0.5988715055142344
0.5991279815337265
0.6086175942549371
0.6088740702744293
0.6091305462939215
0.6093870223134136
0.641703000769428
0.6419594767889202
0.6422159528084124
0.6481149012567324
0.6483713772762246
0.6486278532957168
0.6522185175686073
0.6524749935880995
0.6527314696075917
0.6529879456270838
0.653244421646576
0.6537573736855604
0.6540138497050525
0.6542703257245447
0.6558091818414977
0.6573480379584509
0.6576045139779431
0.6578609899974351
0.6583739420364195
0.6814567837907155
0.7096691459348551
0.7099256219543472
0.7101820979738395
0.7112080020518081
0.7114644780713002
0.755834829443447
0.7560913054629391
0.7563477814824313
0.7571172095409078
0.7573736855604001
0.7576301615798922
0.7578866375993845
0.7581431136188765
0.7583995896383687
0.7586560656578609
0.7589125416773531
0.7591690176968452
0.7594254937163375
0.7596819697358296
0.7599384457553218
0.760194921774814
0.7604513977943061
0.7607078738137983
-0.04949987176199025
-0.04975634778148243
-0.050012823800974604
-0.05026929982046678
-0.05437291613234162
-0.06899204924339573
-0.07001795332136444
-0.07027442934085662
-0.1782508335470633
-0.1785073095665555
-0.1787637855860477
-0.1856886381123365
-0.18594511413182865
-0.2126186201590151
-0.27468581687612204
-0.3046935111567068
-0.304949987176199
-0.30520646319569117
-0.3054629392151833
-0.3057194152346755
-0.30597589125416774
-0.30648884329315207
-0.36701718389330595
-0.3672736599127981
-0.3675301359322903
-0.36778661195178247
-0.3680430879712746
-0.3682995639907668
-0.368556040010259
-0.36881251602975124
-0.36906899204924337
-0.36932546806873556
-0.36958194408822775
-0.37676327263400866
-0.37701974865350085
-0.37727622467299304
-0.37753270069248523
-0.37778917671197737
-0.37804565273146956
-0.37830212875096175
-0.3785586047704539
-0.42754552449345984
-0.42780200051295203
-0.42805847653244417
-0.42831495255193636
-0.42857142857142855
-0.4303667607078738
-0.4306232367273659
-0.4308797127468581
-0.4311361887663503
-0.4324185688638112
-0.5534752500641189
-0.5557835342395485
-0.565273146960759
-0.5960502692998204
-0.5963067453193126
-0.5965632213388048
-0.596819697358297
-0.5970761733777891
-0.5973326493972814
-0.5975891254167734
-0.5978456014362656
-0.5981020774557578
-0.59835855347525
-0.5986150294947421
-0.6081046422159528
-0.6083611182354449
-0.6086175942549371
-0.6088740702744293
-0.6091305462939215
-0.6093870223134136
-0.640164144652475
-0.6404206206719671
-0.6406770966914593
-0.6409335727109515
-0.6411900487304436
-0.647601949217748
-0.6478584252372402
-0.6481149012567324
-0.6522185175686073
-0.6524749935880995
-0.6527314696075917
-0.6529879456270838
-0.653244421646576
-0.6535008976660681
-0.6537573736855604
-0.6552962298025135
-0.6555527058220055
-0.6568350859194665
-0.6578609899974351
-0.6581174660169274
-0.6583739420364195
-0.6804308797127467
-0.680687355732239
-0.7042831495255193
-0.7096691459348551
-0.7106950500128237
-0.7109515260323159
-0.7112080020518081
-0.7560913054629391
-0.7571172095409078
-0.7573736855604001
-0.7576301615798922
-0.7583995896383687
-0.7586560656578609
-0.7589125416773531
-0.7591690176968452
-0.7594254937163375
-0.7596819697358296
-0.7599384457553218
-0.760194921774814
-0.7604513977943061
-0.7607078738137983
-0.7609643498332905
-0.7612208258527827
-0.7614773018722748
-0.7617337778917671
-0.048217491664529356
-0.04873044370351372
-0.048986919723005895
-0.04924339574249807
-0.050782251859451136
-0.06976147730187227
-0.15645037189022826
-0.15670684790972042
-0.1569633239292126
-0.15721979994870477
-0.15952808412413438
-0.15978456014362655
-0.18517568607335214
-0.1854321620928443
-0.1856886381123365
-0.18594511413182865
-0.18671454219030517
-0.30418055911772246
-0.30443703513721465
-0.3046935111567068
-0.304949987176199
-0.30520646319569117
-0.32239035650166703
-0.36496537573736854
-0.3652218517568607
-0.36547832777635286
-0.36573480379584505
-0.36599127981533724
-0.3662477558348294
-0.36650423185432157
-0.36676070787381376
-0.36701718389330595
-0.3672736599127981
-0.37573736855604
-0.37599384457553214
-0.37625032059502433
-0.3765067966145165
-0.37676327263400866
-0.37727622467299304
-0.37753270069248523
-0.37778917671197737
-0.42575019235701456
-0.4260066683765068
-0.42626314439599894
-0.42651962041549113
-0.4267760964349833
-0.42703257245447546
-0.42728904847396765
-0.42754552449345984
-0.42780200051295203
-0.42805847653244417
-0.42959733264939726
-0.4298538086688894
-0.4301102846883816
-0.4303667607078738
-0.4306232367273659
-0.4316491408053346
-0.43190561682482687
-0.5852782764811489
-0.5855347525006411
-0.5857912285201333
-0.5860477045396255
-0.5863041805591176
-0.5865606565786099
-0.586817132598102
-0.5870736086175942
-0.595537317260836
-0.5957937932803282
-0.5960502692998204
-0.5963067453193126
-0.5965632213388048
-0.596819697358297
-0.5970761733777891
-0.5973326493972814
-0.5975891254167734
-0.6052834060015388
-0.6055398820210309
-0.6057963580405231
-0.6060528340600154
-0.6063093100795075
-0.6065657860989997
-0.6068222621184919
-0.6070787381379841
-0.6073352141574762
-0.6075916901769685
-0.6078481661964605
-0.6081046422159528
-0.6083611182354449
-0.6086175942549371
-0.6088740702744293
-0.6091305462939215
-0.6093870223134136
-0.6391382405745062
-0.6468325211592716
-0.6470889971787637
-0.647345473198256
-0.647601949217748
-0.6501667094126699
-0.6509361374711464
-0.6514490895101307
-0.651705565529623
-0.6519620415491151
-0.6522185175686073
-0.6524749935880995
-0.6527314696075917
-0.6529879456270838
-0.653244421646576
-0.6535008976660681
-0.6563221338804821
-0.6573480379584509
-0.6576045139779431
-0.6578609899974351
-0.7030007694280584
-0.7032572454475506
-0.7035137214670427
-0.7091561938958707
-0.7094126699153629
-0.7096691459348551
-0.7106950500128237
-0.7109515260323159
-0.7112080020518081
-0.7555783534239547
-0.7578866375993845
-0.7581431136188765
-0.7583995896383687
-0.7586560656578609
-0.7589125416773531
-0.7591690176968452
-0.7594254937163375
-0.7596819697358296
-0.7599384457553218
-0.760194921774814
-0.7604513977943061
-0.7607078738137983
-0.7609643498332905
-0.7612208258527827
-0.047191587586560654
-0.047448063606052825
-0.04770453962554501
-0.047961015645037186
-0.048217491664529356
-0.04847396768402154
-0.04873044370351372
-0.05129520389843549
-0.07591690176968452
-0.0761733777891767
-0.3370094896127212
-0.36470889971787634
-0.3754808925365478
-0.37573736855604
-0.39625545011541413
-0.3965119261349063
-0.42703257245447546
-0.42728904847396765
-0.42754552449345984
-0.42780200051295203
-0.42959733264939726
-0.4298538086688894
-0.4301102846883816
-0.4303667607078738
-0.4306232367273659
-0.5852782764811489
-0.5855347525006411
-0.5857912285201333
-0.5860477045396255
-0.5863041805591176
-0.5865606565786099
-0.586817132598102
-0.6034880738650935
-0.6037445498845857
-0.6040010259040779
-0.6042575019235701
-0.6045139779430623
-0.6047704539625545
-0.6050269299820465
-0.6052834060015388
-0.6055398820210309
-0.6057963580405231
-0.6060528340600154
-0.6063093100795075
-0.6065657860989997
-0.6068222621184919
-0.6070787381379841
-0.6073352141574762
-0.6075916901769685
-0.6078481661964605
-0.6081046422159528
-0.6083611182354449
-0.6086175942549371
-0.6088740702744293
-0.6091305462939215
-0.6093870223134136
-0.6096434983329059
-0.609899974352398
-0.6111823544498589
-0.611438830469351
-0.6116953064888432
-0.6468325211592716
-0.6493972813541934
-0.6501667094126699
-0.650423185432162
-0.6506796614516541
-0.6509361374711464
-0.6511926134906385
-0.6514490895101307
-0.651705565529623
-0.6519620415491151
-0.6522185175686073
-0.6524749935880995
-0.6527314696075917
-0.6529879456270838
-0.6581174660169274
-0.7078738137984097
-0.7086432418568862
-0.7112080020518081
-0.7114644780713002
-0.150294947422416
-0.15055142344190817
-0.3606052834060015
-0.3608617594254937
-0.4252372403180302
-0.42549371633752237
-0.42575019235701456
-0.4260066683765068
-0.42626314439599894
-0.42651962041549113
-0.4267760964349833
-0.42703257245447546
-0.42728904847396765
-0.42754552449345984
-0.42780200051295203
-0.42805847653244417
-0.43780456527314693
-0.5932290330854064
-0.5934855091048986
-0.5937419851243908
-0.593998461143883
-0.5942549371633751
-0.5945114131828674
-0.5947678892023596
-0.5950243652218516
-0.595280841241344
-0.595537317260836
-0.5957937932803282
-0.5960502692998204
-0.5963067453193126
-0.5965632213388048
-0.596819697358297
-0.5970761733777891
-0.5973326493972814
-0.5975891254167734
-0.5978456014362656
-0.5993844575532187
-0.5996409335727109
-0.5998974095922031
-0.6004103616311874
-0.6006668376506796
-0.6009233136701718
-0.601179789689664
-0.6022056937676327
-0.602718645806617
-0.6029751218261091
-0.6032315978456014
-0.6034880738650935
-0.6037445498845857
-0.6040010259040779
-0.6042575019235701
-0.6045139779430623
-0.6047704539625545
-0.6050269299820465
-0.6052834060015388
-0.6055398820210309
-0.6057963580405231
-0.6060528340600154
-0.6063093100795075
-0.6360605283406001
-0.6363170043600922
-0.6365734803795845
-0.6368299563990766
-0.640164144652475
-0.6478584252372402
-0.6481149012567324
-0.6483713772762246
-0.6486278532957168
-0.648884329315209
-0.6491408053347011
-0.6493972813541934
-0.6496537573736855
-0.6499102333931777
-0.6501667094126699
-0.650423185432162
-0.6570915619389586
-0.6573480379584509
-0.6576045139779431
-0.676327263400872
-0.6765837394203641
-0.6768402154398564
-0.6770966914593485
-0.6786355475763015
-0.728391895357784
-0.8014875609130546
-0.8017440369325467
-0.8020005129520389
-0.8022569889715311
-0.0025647601949217746
-0.004873044370351372
-0.012567324955116695
-0.021543985637342906
-0.021800461656835083
-0.022056937676327264
-0.022313413695819437
-0.022569889715311615
-0.024878173890741213
-0.12080020518081559
-0.12105668120030777
-0.18389330597589124
-0.2049243395742498
-0.20518081559374196
-0.22595537317260833
-0.22621184919210052
-0.22646832521159269
-0.29648627853295717
-0.2967427545524493
-0.2969992305719415
-0.2972557065914337
-0.31546550397537826
-0.31572197999487045
-0.3159784560143626
-0.3213644524236983
-0.3216209284431905
-0.3218774044626827
-0.3241856886381123
-0.41318286740189786
-0.4139522954603744
-0.41420877147986657
-0.4144652474993588
-0.41472172351885095
-0.41497819953834314
-0.41523467555783533
-0.4154911515773275
-0.41574762759681966
-0.41600410361631185
-0.41626057963580404
-0.4165170556552962
-0.41677353167478837
-0.41703000769428056
-0.41728648371377275
-0.4175429597332649
-0.4177994357527571
-0.41805591177224927
-0.4183123877917414
-0.4185688638112336
-0.4188253398307258
-0.4190818158502179
-0.4193382918697101
-0.4195947678892023
-0.4198512439086945
-0.42010771992818663
-0.4203641959476789
-0.42062067196717107
-0.4208771479866632
-0.4211336240061554
-0.4213901000256476
-0.4216465760451398
-0.4219030520646319
-0.4221595280841241
-0.4224160041036163
-0.42267248012310843
-0.4229289561426006
-0.4231854321620928
-0.423441908181585
-0.42369838420107714
-0.42395486022056933
-0.4242113362400615
-0.42446781225955366
-0.42472428827904585
-0.42498076429853804
-0.4252372403180302
-0.42549371633752237
-0.42575019235701456
-0.4260066683765068
-0.42626314439599894
-0.42651962041549113
-0.4267760964349833
-0.42703257245447546
-0.42728904847396765
-0.42754552449345984
-0.42780200051295203
-0.42805847653244417
-0.42831495255193636
-0.42857142857142855
-0.4288279045909207
-0.4290843806104129
-0.42934085662990507
-0.42959733264939726
-0.4298538086688894
-0.4301102846883816
-0.4303667607078738
-0.4306232367273659
-0.4308797127468581
-0.4311361887663503
-0.4313926647858425
-0.4316491408053346
-0.43190561682482687
-0.4329315209027956
-0.4331879969222877
-0.4334444729417799
-0.4337009489612721
-0.4339574249807643
-0.4342139010002564
-0.4344703770197486
-0.4347268530392408
-0.43498332905873294
-0.43523980507822513
-0.4354962810977173
-0.4357527571172095
-0.43600923313670165
-0.43626570915619384
-0.43652218517568603
-0.43677866119517816
-0.43703513721467036
-0.43729161323416255
-0.4375480892536548
-0.43780456527314693
-0.4380610412926391
-0.4383175173121313
-0.43883046935111564
-0.43908694537060783
-0.43934342139009996
-0.43959989740959216
-0.43985637342908435
-0.44011284944857654
-0.4411387535265452
-0.4413952295460374
-0.44190818158502176
-0.44370351372146705
-0.4439599897409592
-0.4442164657604514
-0.44447294177994356
-0.4447294177994357
-0.4449858938189279
-0.511669658886894
-0.5119261349063862
-0.5121826109258784
-0.5150038471402923
-0.5152603231597845
-0.5155167991792767
-0.5157732751987689
-0.516029751218261
-0.5162862272377532
-0.5165427032572454
-0.5167991792767376
-0.5170556552962298
-0.517312131315722
-0.5183380353936906
-0.5185945114131828
-0.518850987432675
-0.5191074634521672
-0.5193639394716594
-0.5196204154911515
-0.5198768915106436
-0.5201333675301358
-0.5214157476275968
-0.5244934598615029
-0.524749935880995
-0.5250064119004872
-0.5252628879199794
-0.5255193639394715
-0.5257758399589638
-0.526032315978456
-0.5262887919979481
-0.5265452680174404
-0.5268017440369325
-0.5270582200564247
-0.5273146960759169
-0.527571172095409
-0.5278276481149012
-0.5280841241343934
-0.5283406001538855
-0.5285970761733778
-0.5288535521928699
-0.5291100282123621
-0.5293665042318543
-0.5296229802513465
-0.5298794562708385
-0.5301359322903308
-0.5303924083098229
-0.5306488843293151
-0.5309053603488073
-0.5311618363682995
-0.5314183123877918
-0.5316747884072839
-0.5319312644267761
-0.5321877404462683
-0.5324442164657605
-0.5327006924852525
-0.5329571685047448
-0.5332136445242369
-0.5334701205437291
-0.5337265965632213
-0.5339830725827135
-0.5342395486022056
-0.5344960246216979
-0.53475250064119
-0.5350089766606821
-0.5352654526801743
-0.536291356758143
-0.5365478327776353
-0.5368043087971274
-0.5370607848166196
-0.5373172608361119
-0.537573736855604
-0.5378302128750961
-0.5380866888945883
-0.5383431649140805
-0.5385996409335726
-0.5388561169530649
-0.539112592972557
-0.5393690689920492
-0.5396255450115414
-0.5398820210310336
-0.5401384970505257
-0.5403949730700179
-0.54065144908951
-0.5409079251090023
-0.5411644011284944
-0.5414208771479866
-0.5416773531674788
-0.541933829186971
-0.542190305206463
-0.5424467812259554
-0.5427032572454474
-0.5429597332649396
-0.5432162092844319
-0.543472685303924
-0.5437291613234163
-0.5439856373429084
-0.5442421133624006
-0.5444985893818928
-0.544755065401385
-0.545011541420877
-0.5452680174403693
-0.5455244934598614
-0.5457809694793536
-0.5460374454988458
-0.546293921518338
-0.5465503975378301
-0.5468068735573224
-0.5470633495768145
-0.5473198255963067
-0.5475763016157988
-0.547832777635291
-0.5480892536547832
-0.5483457296742754
-0.5486022056937675
-0.5488586817132598
-0.549115157732752
-0.5493716337522441
-0.5496281097717364
-0.5498845857912285
-0.5501410618107206
-0.5503975378302128
-0.550654013849705
-0.5509104898691971
-0.5511669658886894
-0.5514234419081815
-0.5516799179276738
-0.5519363939471659
-0.5521928699666581
-0.5524493459861503
-0.5527058220056424
-0.5529622980251345
-0.5539882021031033
-0.5547576301615799
-0.555014106181072
-0.5552705822005641
-0.5555270582200564
-0.5557835342395485
-0.5560400102590408
-0.5562964862785329
-0.5565529622980251
-0.5568094383175173
-0.5570659143370095
-0.5573223903565016
-0.5580918184149781
-0.5627083867658373
-0.5629648627853295
-0.5632213388048216
-0.5634778148243139
-0.563734290843806
-0.5704026673506026
-0.5706591433700948
-0.570915619389587
-0.5711720954090791
-0.5878430366760706
-0.5880995126955629
-0.5893818927930239
-0.589638368812516
-0.59245960502693
-0.592716081046422
-0.5929725570659143
-0.5932290330854064
-0.5934855091048986
-0.5957937932803282
-0.5960502692998204
-0.5963067453193126
-0.5965632213388048
-0.596819697358297
-0.5970761733777891
-0.5973326493972814
-0.5975891254167734
-0.5978456014362656
-0.5981020774557578
-0.59835855347525
-0.5996409335727109
-0.5998974095922031
-0.6001538856116954
-0.6004103616311874
-0.6006668376506796
-0.6009233136701718
-0.601179789689664
-0.6573480379584509
-0.6576045139779431
-0.6578609899974351
-0.6581174660169274
-0.6583739420364195
-0.6586304180559117
-0.6588868940754039
-0.6591433700948961
-0.6593998461143882
-0.6596563221338805
-0.6599127981533726
-0.6601692741728648
-0.6604257501923569
-0.6606822262118491
-0.6609387022313413
-0.6611951782508335
-0.722492946909464
-0.7230058989484482
-0.7232623749679404
-0.7235188509874326
-0.7237753270069247
-0.18338035393690688
-0.24724288279045906
-0.24749935880995125
-0.24775583482944344
-0.2480123108489356
-0.296229802513465
-0.40754039497307
-0.4101051551679918
-0.4103616311874839
-0.4106181072069761
-0.4108745832264683
-0.4111310592459605
-0.41138753526545263
-0.4116440112849448
-0.411900487304437
-0.41215696332392915
-0.41241343934342134
-0.41266991536291353
-0.41292639138240567
-0.41318286740189786
-0.41343934342139005
-0.41369581944088224
-0.4139522954603744
-0.41420877147986657
-0.4144652474993588
-0.41472172351885095
-0.41497819953834314
-0.41523467555783533
-0.4154911515773275
-0.41574762759681966
-0.41600410361631185
-0.41626057963580404
-0.4165170556552962
-0.41677353167478837
-0.41703000769428056
-0.41728648371377275
-0.4175429597332649
-0.4177994357527571
-0.41805591177224927
-0.4183123877917414
-0.4185688638112336
-0.4188253398307258
-0.4190818158502179
-0.4193382918697101
-0.4195947678892023
-0.4198512439086945
-0.42010771992818663
-0.4203641959476789
-0.42062067196717107
-0.4208771479866632
-0.4211336240061554
-0.4213901000256476
-0.4216465760451398
-0.4219030520646319
-0.4221595280841241
-0.4224160041036163
-0.42267248012310843
-0.4229289561426006
-0.4231854321620928
-0.423441908181585
-0.42369838420107714
-0.42395486022056933
-0.4242113362400615
-0.42446781225955366
-0.42472428827904585
-0.42498076429853804
-0.4252372403180302
-0.42549371633752237
-0.42575019235701456
-0.4260066683765068
-0.42626314439599894
-0.42651962041549113
-0.4267760964349833
-0.42703257245447546
-0.42728904847396765
-0.42754552449345984
-0.42780200051295203
-0.42805847653244417
-0.42831495255193636
-0.42857142857142855
-0.4288279045909207
-0.4290843806104129
-0.42934085662990507
-0.42959733264939726
-0.4298538086688894
-0.4301102846883816
-0.4303667607078738
-0.4306232367273659
-0.4311361887663503
-0.4313926647858425
-0.4316491408053346
-0.43190561682482687
-0.43216209284431906
-0.4324185688638112
-0.4326750448833034
-0.4329315209027956
-0.4331879969222877
-0.4334444729417799
-0.4337009489612721
-0.4339574249807643
-0.4342139010002564
-0.4344703770197486
-0.4347268530392408
-0.43498332905873294
-0.43523980507822513
-0.4354962810977173
-0.4357527571172095
-0.43600923313670165
-0.43626570915619384
-0.43652218517568603
-0.43677866119517816
-0.43703513721467036
-0.43857399333162345
-0.43883046935111564
-0.43908694537060783
-0.43934342139009996
-0.48986919723005895
-0.49012567324955114
-0.49038214926904333
-0.49063862528853547
-0.5011541420877147
-0.5162862272377532
-0.5165427032572454
-0.5167991792767376
-0.5170556552962298
-0.5193639394716594
-0.5196204154911515
-0.5209027955886124
-0.5211592716081046
-0.5214157476275968
-0.521672223647089
-0.5219286996665812
-0.5221851756860733
-0.5224416517055654
-0.5226981277250576
-0.5229546037445498
-0.523211079764042
-0.5234675557835342
-0.5237240318030264
-0.5239805078225185
-0.5242369838420107
-0.5244934598615029
-0.524749935880995
-0.5250064119004872
-0.5252628879199794
-0.5255193639394715
-0.5257758399589638
-0.526032315978456
-0.5262887919979481
-0.5265452680174404
-0.5268017440369325
-0.5270582200564247
-0.5273146960759169
-0.527571172095409
-0.5278276481149012
-0.5280841241343934
-0.5283406001538855
-0.5285970761733778
-0.5288535521928699
-0.5291100282123621
-0.5293665042318543
-0.5296229802513465
-0.5298794562708385
-0.5301359322903308
-0.5311618363682995
-0.5314183123877918
-0.5316747884072839
-0.5321877404462683
-0.5324442164657605
-0.5327006924852525
-0.5329571685047448
-0.5332136445242369
-0.5334701205437291
-0.5337265965632213
-0.542190305206463
-0.5424467812259554
-0.5427032572454474
-0.5429597332649396
-0.5432162092844319
-0.543472685303924
-0.546293921518338
-0.5468068735573224
-0.5470633495768145
-0.5473198255963067
-0.5475763016157988
-0.547832777635291
-0.5480892536547832
-0.5483457296742754
-0.5486022056937675
-0.5488586817132598
-0.549115157732752
-0.5493716337522441
-0.5496281097717364
-0.5498845857912285
-0.5501410618107206
-0.5503975378302128
-0.550654013849705
-0.5509104898691971
-0.5511669658886894
-0.5514234419081815
-0.5629648627853295
-0.5632213388048216
-0.5634778148243139
-0.563734290843806
-0.5639907668632983
-0.5642472428827904
-0.5645037189022826
-0.5647601949217748
-0.565016670941267
-0.565273146960759
-0.5655296229802513
-0.5657860989997434
-0.5660425750192356
-0.5662990510387279
-0.56655552705822
-0.5668120030777122
-0.5670684790972044
-0.5673249551166966
-0.5675814311361886
-0.5678379071556809
-0.568094383175173
-0.5683508591946653
-0.5686073352141574
-0.5688638112336496
-0.5691202872531418
-0.569376763272634
-0.5696332392921261
-0.5698897153116184
-0.5701461913311104
-0.5704026673506026
-0.5706591433700948
-0.570915619389587
-0.5711720954090791
-0.5873300846370864
-0.5898948448320082
-0.591177224929469
-0.5914337009489612
-0.5916901769684534
-0.5919466529879456
-0.5922031290074378
-0.59245960502693
-0.592716081046422
-0.5929725570659143
-0.5932290330854064
-0.593998461143883
-0.5957937932803282
-0.5960502692998204
-0.5963067453193126
-0.5965632213388048
-0.596819697358297
-0.5970761733777891
-0.5973326493972814
-0.5975891254167734
-0.5978456014362656
-0.5998974095922031
-0.6001538856116954
-0.6004103616311874
-0.6006668376506796
-0.6009233136701718
-0.601179789689664
-0.6119517825083355
-0.6122082585278276
-0.6124647345473199
-0.612721210566812
-0.6804308797127467
-0.680687355732239
-0.6809438317517311
-0.6824826878686842
-0.17235188509874325
-0.4072839189535778
-0.40754039497307
-0.4077968709925621
-0.4080533470120543
-0.4083098230315465
-0.40856629905103864
-0.4088227750705309
-0.4090792510900231
-0.40933572710951527
-0.4095922031290074
-0.4098486791484996
-0.4101051551679918
-0.4103616311874839
-0.4106181072069761
-0.4108745832264683
-0.4111310592459605
-0.41138753526545263
-0.4116440112849448
-0.411900487304437
-0.41215696332392915
-0.41241343934342134
-0.41266991536291353
-0.41292639138240567
-0.41318286740189786
-0.41343934342139005
-0.41369581944088224
-0.4139522954603744
-0.41420877147986657
-0.4144652474993588
-0.41472172351885095
-0.41497819953834314
-0.41523467555783533
-0.4154911515773275
-0.41574762759681966
-0.41600410361631185
-0.41626057963580404
-0.4165170556552962
-0.41677353167478837
-0.41703000769428056
-0.41728648371377275
-0.4175429597332649
-0.4221595280841241
-0.4224160041036163
-0.42267248012310843
-0.4229289561426006
-0.4231854321620928
-0.423441908181585
-0.42369838420107714
-0.42395486022056933
-0.4242113362400615
-0.42446781225955366
-0.42472428827904585
-0.42498076429853804
-0.4252372403180302
-0.42549371633752237
-0.42575019235701456
-0.42805847653244417
-0.42831495255193636
-0.42857142857142855
-0.4288279045909207
-0.4290843806104129
-0.42934085662990507
-0.42959733264939726
-0.43190561682482687
-0.43216209284431906
-0.4324185688638112
-0.4326750448833034
-0.4329315209027956
-0.4331879969222877
-0.4375480892536548
-0.43780456527314693
-0.49756347781482424
-0.49781995383431643
-0.4980764298538086
-0.4983329058733008
-0.49858938189279295
-0.49884585791228514
-0.5152603231597845
-0.5155167991792767
-0.518850987432675
-0.5191074634521672
-0.5203898435496281
-0.5206463195691202
-0.5209027955886124
-0.5211592716081046
-0.5214157476275968
-0.521672223647089
-0.5219286996665812
-0.5221851756860733
-0.5224416517055654
-0.5226981277250576
-0.5229546037445498
-0.523211079764042
-0.5234675557835342
-0.5237240318030264
-0.5239805078225185
-0.5242369838420107
-0.5244934598615029
-0.524749935880995
-0.5250064119004872
-0.5252628879199794
-0.5255193639394715
-0.5257758399589638
-0.526032315978456
-0.5262887919979481
-0.5265452680174404
-0.5268017440369325
-0.5270582200564247
-0.5306488843293151
-0.5309053603488073
-0.5311618363682995
-0.5552705822005641
-0.5898948448320082
-0.5904077968709925
-0.5909207489099769
-0.591177224929469
-0.5914337009489612
-0.5916901769684534
-0.5919466529879456
-0.5922031290074378
-0.59245960502693
-0.592716081046422
-0.5929725570659143
-0.5937419851243908
-0.5942549371633751
-0.5945114131828674
-0.5950243652218516
-0.6004103616311874
-0.6063093100795075
-0.6065657860989997
-0.6791484996152859
-0.6809438317517311
-0.6812003077712234
-0.6814567837907155
-0.6817132598102077
-0.6819697358296999
-0.6822262118491921
-0.057450628366247744
-0.1726083611182354
-0.38958707360861755
-0.38984354962810974
-0.3901000256476019
-0.39035650166709407
-0.39061297768658626
-0.40369325468068734
-0.4070274429340856
-0.4072839189535778
-0.40754039497307
-0.4077968709925621
-0.4080533470120543
-0.4083098230315465
-0.40856629905103864
-0.4088227750705309
-0.4106181072069761
-0.4108745832264683
-0.4111310592459605
-0.41138753526545263
-0.4116440112849448
-0.411900487304437
-0.41215696332392915
-0.41241343934342134
-0.41266991536291353
-0.41292639138240567
-0.41318286740189786
-0.41343934342139005
-0.41369581944088224
-0.4139522954603744
-0.41420877147986657
-0.4144652474993588
-0.41472172351885095
-0.41497819953834314
-0.41523467555783533
-0.4154911515773275
-0.41574762759681966
-0.41600410361631185
-0.41626057963580404
-0.4165170556552962
-0.41677353167478837
-0.41703000769428056
-0.41728648371377275
-0.4175429597332649
-0.4411387535265452
-0.4413952295460374
-0.4970505257758399
-0.5067966145165427
-0.5078225185945113
-0.5080789946140035
-0.5083354706334957
-0.5085919466529879
-0.5088484226724801
-0.5091048986919723
-0.5098743267504487
-0.5103872787894331
-0.5106437548089253
-0.5121826109258784
-0.5124390869453705
-0.5126955629648627
-0.5129520389843549
-0.5132085150038471
-0.5134649910233392
-0.5137214670428314
-0.5139779430623236
-0.5142344190818158
-0.514490895101308
-0.5147473711208002
-0.5150038471402923
-0.5152603231597845
-0.5155167991792767
-0.5157732751987689
-0.516029751218261
-0.5162862272377532
-0.5165427032572454
-0.5229546037445498
-0.523211079764042
-0.5296229802513465
-0.5298794562708385
-0.5301359322903308
-0.5303924083098229
-0.5570659143370095
-0.5916901769684534
-0.5919466529879456
-0.592716081046422
-0.5929725570659143
-0.5932290330854064
-0.5934855091048986
-0.5937419851243908
-0.593998461143883
-0.5942549371633751
-0.5945114131828674
-0.5947678892023596
-0.5950243652218516
-0.595280841241344
-0.595537317260836
-0.5957937932803282
-0.5960502692998204
-0.5963067453193126
-0.5965632213388048
-0.38035393690689917
-0.38830469351115665
-0.38856116953064884
-0.38881764555014103
-0.3890741215696332
-0.38933059758912536
-0.38958707360861755
-0.38984354962810974
-0.40164144652474987
-0.40189792254424206
-0.40215439856373425
-0.4024108745832264
-0.4026673506027186
-0.40292382662221077
-0.403180302641703
-0.40343677866119515
-0.40369325468068734
-0.40394973070017953
-0.40420620671967167
-0.40446268273916386
-0.40471915875865605
-0.4049756347781482
-0.4052321107976404
-0.40548858681713257
-0.4065144908951013
-0.4067709669145934
-0.4070274429340856
-0.4072839189535778
-0.40754039497307
-0.4077968709925621
-0.4080533470120543
-0.4083098230315465
-0.40856629905103864
-0.4088227750705309
-0.4090792510900231
-0.40933572710951527
-0.4095922031290074
-0.4098486791484996
-0.4101051551679918
-0.4103616311874839
-0.4106181072069761
-0.4108745832264683
-0.4111310592459605
-0.41138753526545263
-0.4116440112849448
-0.411900487304437
-0.41215696332392915
-0.41241343934342134
-0.41266991536291353
-0.41292639138240567
-0.41318286740189786
-0.41343934342139005
-0.41369581944088224
-0.4139522954603744
-0.41420877147986657
-0.4144652474993588
-0.41472172351885095
-0.41497819953834314
-0.41523467555783533
-0.4154911515773275
-0.41574762759681966
-0.41600410361631185
-0.41626057963580404
-0.4955116696588869
-0.495768145678379
-0.4962810977173634
-0.4965375737368556
-0.4967940497563477
-0.4970505257758399
-0.5037189022826365
-0.5042318543216209
-0.5044883303411131
-0.5047448063606053
-0.5050012823800974
-0.5052577583995896
-0.5055142344190817
-0.5057707104385739
-0.5060271864580661
-0.5062836624775583
-0.5065401384970505
-0.5067966145165427
-0.5083354706334957
-0.5085919466529879
-0.5088484226724801
-0.5091048986919723
-0.5096178507309567
-0.5124390869453705
-0.5126955629648627
-0.5129520389843549
-0.5132085150038471
-0.5134649910233392
-0.5137214670428314
-0.5139779430623236
-0.5142344190818158
-0.514490895101308
-0.5147473711208002
-0.5150038471402923
-0.5152603231597845
-0.5155167991792767
-0.5157732751987689
-0.5427032572454474
-0.5929725570659143
-0.5932290330854064
-0.5934855091048986
-0.5937419851243908
-0.593998461143883
-0.5947678892023596
-0.5950243652218516
-0.595280841241344
-0.595537317260836
-0.5957937932803282
-0.5960502692998204
-0.596819697358297
