0.20430701270016563
0.20568746548868028
0.20679182771949195
0.214246272777471
0.2145223633351739
0.21590281612368856
0.21617890668139148
0.2167310877967973
0.21700717835450023
0.2172832689122032
0.22087244616234122
0.22170071783545
0.22197680839315292
0.22639425731639976
0.2686361126449475
0.26891220320265047
0.26918829376035336
0.2694643843180563
0.26974047487575925
0.27277747101049143
0.27498619547211484
0.2752622860298177
0.2755383765875207
0.2882385422418553
0.29293208172280505
0.2945886250690226
0.2959690778575373
0.2962451684152402
0.2976256212037548
0.29790171176145774
0.3362782992821645
0.338210933186085
0.3611264494754279
0.3614025400331308
0.3627829928216455
0.3674765323025952
0.36968525676421865
0.36996134732192154
0.4138597459966869
0.41413583655438985
0.4505797901711761
0.45085588072887905
0.45113197128658195
0.4522363335173937
0.45251242407509656
0.4527885146327995
0.4712865819988956
0.47156267255659856
0.47183876311430145
0.4721148536720044
0.4806736609607951
0.48094975151849806
0.48122584207620095
0.15240198785201545
0.20679182771949195
0.20706791827719492
0.20734400883489784
0.214246272777471
0.21590281612368856
0.21866372170071782
0.21893981225842074
0.21921590281612366
0.21949199337382658
0.21976808393152952
0.22004417448923247
0.2205963556046383
0.22087244616234122
0.22114853672004414
0.22170071783545
0.22280508006626173
0.22308117062396465
0.22335726118166757
0.25096631695196026
0.2940364439536167
0.2973495306460519
0.29790171176145774
0.29928216454997236
0.29955825510767525
0.308117062396466
0.3666482606294864
0.36830480397570403
0.3685808945334069
0.36885698509110987
0.3691330756488128
0.3694091662065157
0.36968525676421865
0.36996134732192154
0.3702374378796245
0.3705135284373274
0.3707896189950303
0.37106570955273327
0.3732744340143567
0.42600773053561564
0.4262838210933186
0.4265599116510215
0.4268360022087244
0.42711209276642736
0.42738818332413026
0.4276642738818332
0.4279403644395361
0.42821645499723904
0.428492545554942
0.4287686361126449
0.4290447266703478
0.42932081722805077
0.4295969077857537
0.42987299834345666
0.43014908890115955
0.4304251794588625
0.4307012700165654
0.43097736057426833
0.4378796245168415
0.43815571507454437
0.4384318056322473
0.43870789618995026
0.43898398674765315
0.4392600773053561
0.43953616786305905
0.45113197128658195
0.46990612921038094
0.4701822197680839
0.47045831032578683
0.4707344008834898
0.47101049144119267
0.4712865819988956
0.47156267255659856
0.4757040309221425
0.47598012147984536
0.4930977360574268
0.4953064605190502
0.49668691330756487
0.49696300386526776
0.4972390944229707
0.49751518498067365
0.4980673660960795
0.4983434566537824
0.4986195472114853
0.49889563776918827
0.49917172832689116
0.4994478188845941
0.499723909442297
0.49999999999999994
0.5002760905577028
0.5005521811154058
0.5008282716731087
0.5011043622308117
0.5013804527885146
0.5016565433462176
0.5019326339039205
0.5022087244616233
0.5024848150193263
0.5027609055770292
0.5030369961347322
0.5033130866924351
0.503589177250138
0.5038652678078409
0.5041413583655439
0.5044174489232468
0.5046935394809497
0.5049696300386526
0.5057979017117614
0.5298177802319161
0.5300938707896189
0.5303699613473218
0.5753727222528989
0.5756488128106019
0.5759249033683047
0.5762009939260077
0.5773053561568193
0.5775814467145223
0.5778575372722252
0.5781336278299282
0.5784097183876311
0.578685808945334
0.5789618995030369
0.5792379900607398
0.5795140806184428
0.5797901711761456
0.5800662617338486
0.5803423522915515
0.5833793484262838
0.6300386526780783
0.6305908337934841
0.6308669243511871
0.63114301490889
0.7001656543346216
0.7004417448923246
0.7007178354500275
0.8017669795692987
0.8020430701270016
0.8023191606847045
0.8025952512424074
0.8028713418001103
0.8442849254555493
0.8445610160132523
0.8448371065709551
0.8451131971286581
0.845389287686361
0.845665378244064
0.13749309773605742
0.13804527885146325
0.1383213694091662
0.13859745996686912
0.15157371617890666
0.15184980673660958
0.1521258972943125
0.15240198785201545
0.20568746548868028
0.20706791827719492
0.20734400883489784
0.20762009939260076
0.20789618995030368
0.21866372170071782
0.21893981225842074
0.21921590281612366
0.21949199337382658
0.21976808393152952
0.22004417448923247
0.2203202650469354
0.22087244616234122
0.22114853672004414
0.2214246272777471
0.22280508006626173
0.22308117062396465
0.24903368304803974
0.24930977360574266
0.24958586416344558
0.25096631695196026
0.25124240750966315
0.29817780231916063
0.2984538928768636
0.31888459414688014
0.36692435118718936
0.36885698509110987
0.3691330756488128
0.3694091662065157
0.36968525676421865
0.36996134732192154
0.3705135284373274
0.3707896189950303
0.37106570955273327
0.37134180011043616
0.3716178906681391
0.39729431253451125
0.3975704030922142
0.42517945886250685
0.4254555494202098
0.42573163997791275
0.42600773053561564
0.4295969077857537
0.43732744340143564
0.43760353395913854
0.4378796245168415
0.43815571507454437
0.4384318056322473
0.439812258420762
0.44008834897846494
0.44036443953616783
0.462175593594699
0.46245168415240195
0.46272777471010484
0.46327995582551074
0.4635560463832136
0.4638321369409166
0.46410822749861946
0.46466040861402536
0.4693539480949751
0.469630038652678
0.46990612921038094
0.4701822197680839
0.47045831032578683
0.4707344008834898
0.47101049144119267
0.4712865819988956
0.47156267255659856
0.47183876311430145
0.4721148536720044
0.4723909442297073
0.47266703478741023
0.473495306460519
0.4737713970182219
0.47404748757592485
0.47432357813362774
0.5038652678078409
0.5041413583655439
0.5044174489232468
0.5046935394809497
0.5049696300386526
0.5052457205963555
0.5055218111540585
0.5057979017117614
0.5060739922694643
0.5334069574820541
0.533683048039757
0.5339591385974599
0.5342352291551629
0.5345113197128658
0.5347874102705686
0.5350635008282716
0.5353395913859745
0.5356156819436775
0.5358917725013804
0.5361678630590833
0.5364439536167862
0.5367200441744892
0.5369961347321921
0.537272225289895
0.537548315847598
0.5378244064053009
0.5381004969630039
0.5383765875207067
0.5477636664826063
0.5480397570403092
0.5753727222528989
0.5756488128106019
0.5759249033683047
0.5762009939260077
0.5764770844837106
0.5819988956377692
0.5836554389839868
0.5839315295416897
0.5842076200993925
0.6305908337934841
0.7457205963556046
0.8390392048591938
0.8393152954168968
0.8395913859745996
0.8398674765323025
0.8401435670900055
0.8464936499171727
0.8467697404748756
0.15157371617890666
0.15184980673660958
0.1521258972943125
0.18691330756488128
0.1871893981225842
0.20651573716178903
0.20734400883489784
0.20762009939260076
0.20789618995030368
0.2081722805080066
0.20844837106570954
0.2098288238542242
0.21148536720044173
0.21479845389287686
0.21921590281612366
0.21976808393152952
0.22004417448923247
0.22225289895085584
0.2225289895085588
0.22280508006626173
0.22308117062396465
0.22501380452788514
0.22528989508558805
0.2393705135284373
0.251794588625069
0.25207067918277193
0.2523467697404749
0.25648812810601873
0.2567642186637217
0.2570403092214246
0.2573163997791275
0.25759249033683046
0.25786858089453335
0.2581446714522363
0.25842076200993924
0.28133627829928215
0.36996134732192154
0.3702374378796245
0.3705135284373274
0.3707896189950303
0.37106570955273327
0.37134180011043616
0.37217007178354494
0.3724461623412479
0.37382661512976256
0.3768636112644947
0.3779679734953065
0.37824406405300937
0.3787962451684152
0.38321369409166206
0.383489784649365
0.3837658752070679
0.38404196576477084
0.3986747653230259
0.39895085588072887
0.4276642738818332
0.4279403644395361
0.435946990612921
0.43760353395913854
0.4378796245168415
0.43815571507454437
0.4384318056322473
0.43870789618995026
0.43898398674765315
0.4392600773053561
0.4406405300938708
0.46162341247929317
0.4618995030369961
0.46907785753727216
0.4693539480949751
0.469630038652678
0.46990612921038094
0.4701822197680839
0.47045831032578683
0.4707344008834898
0.4729431253451132
0.47321921590281607
0.473495306460519
0.4737713970182219
0.499723909442297
0.49999999999999994
0.514908890115958
0.5151849806736609
0.5154610712313639
0.5179458862506902
0.5557702926559911
0.5819988956377692
0.5833793484262838
0.5847598012147984
0.5850358917725014
0.5853119823302043
0.5855880728879072
0.5858641634456101
0.586140254003313
0.586416344561016
0.5869685256764218
0.5877967973495306
0.5880728879072334
0.5883489784649364
0.5886250690226393
0.5889011595803423
0.5891772501380452
0.5894533406957481
0.589729431253451
0.590005521811154
0.5902816123688569
0.5905577029265598
0.5908337934842627
0.5911098840419656
0.5913859745996687
0.5916620651573716
0.5919381557150746
0.5922142462727774
0.593594699061292
0.593870789618995
0.5941468801766979
0.5944229707344009
0.5946990612921038
0.5958034235229155
0.5960795140806184
0.5963556046383213
0.5966316951960242
0.5982882385422418
0.5985643290999447
0.604914411927112
0.6234124792932082
0.7018221976808392
0.7020982882385421
0.7023743787962451
0.8348978464936498
0.8351739370513528
0.8412479293208172
0.09580342352291552
0.15875207067918276
0.22308117062396465
0.22335726118166757
0.2236333517393705
0.2239094422970734
0.22446162341247927
0.2247377139701822
0.22501380452788514
0.22528989508558805
0.22556598564329097
0.22584207620099392
0.22611816675869684
0.22639425731639976
0.22667034787410267
0.2269464384318056
0.26808393152954163
0.26918829376035336
0.2694643843180563
0.29265599116510216
0.29293208172280505
0.30287134180011044
0.30314743235781333
0.3034235229155163
0.30369961347321917
0.3039757040309221
0.304251794588625
0.30452788514632795
0.30701270016565435
0.30728879072335724
0.3075648812810602
0.3078409718387631
0.3089453340695748
0.35201546107123133
0.3522915516289343
0.3525676421866372
0.3528437327443401
0.35311982330204306
0.3724461623412479
0.37272225289895083
0.3729983434566538
0.3732744340143567
0.3735505245720596
0.37382661512976256
0.37410270568746545
0.3743787962451684
0.4469906129210381
0.447266703478741
0.4475427940364439
0.44809497515184976
0.44837106570955265
0.4486471562672556
0.44892324682495854
0.44919933738266143
0.4505797901711761
0.45085588072887905
0.45113197128658195
0.5171176145775814
0.5173937051352844
0.5176697956929873
0.5179458862506902
0.5182219768083931
0.518498067366096
0.518774157923799
0.5190502484815019
0.5196024295969077
0.5323025952512423
0.5325786858089453
0.5328547763666482
0.5331308669243512
0.5334069574820541
0.5356156819436775
0.5358917725013804
0.5361678630590833
0.5364439536167862
0.5367200441744892
0.5369961347321921
0.537272225289895
0.537548315847598
0.5378244064053009
0.5381004969630039
0.5383765875207067
0.5386526780784097
0.5389287686361126
0.552457205963556
0.5543898398674765
0.5546659304251794
0.5549420209828824
0.5552181115405853
0.5554942020982881
0.5557702926559911
0.556046383213694
0.556322473771397
0.5568746548868028
0.5681943677526228
0.5712313638873551
0.571507454445058
0.5717835450027609
0.5720596355604638
0.5723357261181667
0.5726118166758697
0.5728879072335726
0.5731639977912755
0.5734400883489784
0.5737161789066814
0.5739922694643843
0.5742683600220873
0.5756488128106019
0.5759249033683047
0.5762009939260077
0.5764770844837106
0.5814467145223633
0.5817228050800662
0.593870789618995
0.5946990612921038
0.5949751518498066
0.5955273329652125
0.6076753175041413
0.6079514080618442
0.6082274986195472
0.60850358917725
0.608779679734953
0.6355604638321369
0.6358365543898399
0.6557150745444505
0.7600773053561568
0.7603533959138596
0.7606294864715626
0.7609055770292655
0.7611816675869685
0.7614577581446714
0.7617338487023743
0.7639425731639977
0.7642186637217006
0.7644947542794035
0.7647708448371064
0.7722252898950855
0.7725013804527884
0.7727774710104913
0.7730535615681943
0.7896189950303699
0.7945886250690225
0.8360022087244615
0.8362782992821645
0.8597459966869133
0.8600220872446162
0.8602981778023191
0.860574268360022
0.860850358917725
0.8611264494754279
0.9781888459414687
0.9784649364991717
0.9787410270568745
0.9790171176145774
0.9792932081722804
0.9795692987299833
0.9798453892876863
0.9801214798453891
0.9803975704030921
0.980673660960795
0.980949751518498
0.9812258420762009
0.9815019326339037
0.15819988956377692
0.18691330756488128
0.21258972943125343
0.21286581998895637
0.2131419105466593
0.2134180011043622
0.21369409166206513
0.21397018221976805
0.214246272777471
0.2145223633351739
0.21479845389287686
0.21507454445057977
0.2153506350082827
0.21562672556598564
0.21921590281612366
0.21949199337382658
0.21976808393152952
0.22004417448923247
0.2214246272777471
0.22170071783545
0.22197680839315292
0.22225289895085584
0.2225289895085588
0.22280508006626173
0.22308117062396465
0.22335726118166757
0.2239094422970734
0.22418553285477633
0.22446162341247927
0.22501380452788514
0.22528989508558805
0.22556598564329097
0.22584207620099392
0.22611816675869684
0.22639425731639976
0.22860298177802318
0.2288790723357261
0.24682495858641632
0.24710104914411923
0.2476532302595251
0.2506902263942573
0.25096631695196026
0.25124240750966315
0.26587520706791823
0.2661512976256212
0.2664273881833241
0.26780784097183874
0.26808393152954163
0.2683600220872446
0.2686361126449475
0.27415792379900605
0.2788514632799558
0.27912755383765875
0.28050800662617337
0.28078409718387626
0.2810601877415792
0.2816123688569851
0.281888459414688
0.2934842628382109
0.29376035339591383
0.2962451684152402
0.2965212589729431
0.296797349530646
0.2998343456653782
0.30011043622308115
0.3012147984538929
0.3017669795692987
0.3545002760905577
0.37907233572611815
0.3793484262838211
0.379624516841524
0.38266151297625617
0.38321369409166206
0.383489784649365
0.3978464936499171
0.39812258420762003
0.3995030369961347
0.39977912755383765
0.40005521811154054
0.40143567090005516
0.4017117614577581
0.401987852015461
0.4028161236885698
0.42932081722805077
0.4295969077857537
0.43097736057426833
0.44257316399779123
0.44312534511319707
0.4434014356709
0.4436775262286029
0.44395361678630585
0.45610160132523464
0.4563776918829376
0.4607951408061844
0.46107123136388733
0.4618995030369961
0.462175593594699
0.46990612921038094
0.4701822197680839
0.47045831032578683
0.48481501932633897
0.4850911098840419
0.4853672004417448
0.48564329099944775
0.48591938155715075
0.48619547211485364
0.4864715626725566
0.4867476532302595
0.4870237437879624
0.4872998343456654
0.48757592490336826
0.4878520154610712
0.4881281060187741
0.48840419657647705
0.48868028713417994
0.4889563776918829
0.48923246824958583
0.4895085588072887
0.48978464936499166
0.49006073992269455
0.49061292103810045
0.49088901159580334
0.5162893429044726
0.5165654334621755
0.5168415240198785
0.5171176145775814
0.5173937051352844
0.518774157923799
0.5190502484815019
0.5193263390392048
0.5196024295969077
0.5198785201546107
0.5204307012700164
0.5207067918277194
0.5209828823854223
0.533683048039757
0.5339591385974599
0.5342352291551629
0.5345113197128658
0.5347874102705686
0.5350635008282716
0.5353395913859745
0.5356156819436775
0.5361678630590833
0.5414135836554389
0.5416896742131418
0.5444505797901711
0.544726670347874
0.545002760905577
0.5452788514632799
0.5455549420209829
0.5458310325786857
0.5461071231363887
0.5463832136940916
0.5466593042517945
0.5469353948094975
0.548591938155715
0.548868028713418
0.5491441192711208
0.5494202098288238
0.5496963003865267
0.5499723909442297
0.5502484815019326
0.5508006626173384
0.5510767531750413
0.5513528437327443
0.5516289342904472
0.5519050248481501
0.552181115405853
0.552457205963556
0.5527332965212589
0.5530093870789619
0.5532854776366648
0.5554942020982881
0.5574268360022087
0.5577029265599116
0.5579790171176146
0.5582551076753175
0.5585311982330204
0.5588072887907233
0.5599116510215351
0.5706791827719492
0.5773053561568193
0.5775814467145223
0.5778575372722252
0.5781336278299282
0.5784097183876311
0.578685808945334
0.5789618995030369
0.5792379900607398
0.5795140806184428
0.5797901711761456
0.5800662617338486
0.5803423522915515
0.5806184428492545
0.5808945334069575
0.5811706239646605
0.5814467145223633
0.5817228050800662
0.5819988956377692
0.5822749861954721
0.5825510767531751
0.6140254003313087
0.6143014908890115
0.6220320265046936
0.6223081170623964
0.6225842076200994
0.6228602981778023
0.6231363887355053
0.6234124792932082
0.623688569850911
0.6250690226394257
0.6253451131971286
0.6256212037548315
0.6261733848702374
0.6264494754279403
0.6267255659856432
0.6270016565433462
0.6272777471010491
0.6275538376587521
0.6278299282164549
0.6361126449475427
0.6573716178906681
0.6579237990060739
0.661236885698509
0.661512976256212
0.6617890668139148
0.6637217007178354
0.7299834345665378
0.7415792379900606
0.7713970182219767
0.7716731087796797
0.7719491993373826
0.7727774710104913
0.849254555494202
0.849530646051905
0.17973495306460519
0.1800110436223081
0.18028713418001102
0.18663721700717836
0.21148536720044173
0.21203754831584756
0.2123136388735505
0.21369409166206513
0.21479845389287686
0.21562672556598564
0.22639425731639976
0.22667034787410267
0.2269464384318056
0.22722252898950854
0.23550524572059633
0.25952512424075097
0.25980121479845386
0.26808393152954163
0.2683600220872446
0.2686361126449475
0.2711209276642738
0.2713970182219768
0.27222528989508554
0.2777471010491441
0.30204307012700166
0.3558807288790723
0.3561568194367752
0.35643290999447813
0.3567090005521811
0.38983986747653226
0.4204859193815571
0.4295969077857537
0.42987299834345666
0.43014908890115955
0.4304251794588625
0.4312534511319713
0.43152954168967417
0.4318056322473771
0.43208172280508
0.43401435670900046
0.4342904472667034
0.4348426283821093
0.43511871893981224
0.44036443953616783
0.47736057426836
0.47763666482606293
0.4779127553837658
0.47818884594146877
0.47846493649917166
0.4787410270568746
0.47901711761457755
0.47929320817228044
0.4795692987299834
0.4878520154610712
0.4881281060187741
0.48840419657647705
0.48868028713417994
0.4889563776918829
0.4964108227498619
0.49668691330756487
0.49696300386526776
0.4972390944229707
0.49751518498067365
0.49779127553837654
0.5080066261733849
0.5085588072887907
0.5088348978464936
0.5091109884041966
0.5093870789618995
0.5096631695196023
0.5099392600773053
0.5102153506350082
0.5104914411927112
0.5107675317504141
0.511043622308117
0.5113197128658199
0.5115958034235228
0.5118718939812258
0.5154610712313639
0.5157371617890667
0.5160132523467696
0.5162893429044726
0.5165654334621755
0.5168415240198785
0.5171176145775814
0.5173937051352844
0.5176697956929873
0.518774157923799
0.5190502484815019
0.5193263390392048
0.5196024295969077
0.5198785201546107
0.5201546107123136
0.5204307012700164
0.5207067918277194
0.541137493097736
0.5414135836554389
0.5416896742131418
0.5419657647708448
0.5474875759249034
0.5477636664826063
0.5480397570403092
0.5483158475980121
0.548591938155715
0.5494202098288238
0.5496963003865267
0.5505245720596355
0.5508006626173384
0.5510767531750413
0.5513528437327443
0.5516289342904472
0.5519050248481501
0.552181115405853
0.552457205963556
0.5527332965212589
0.5530093870789619
0.5532854776366648
0.5535615681943677
0.5574268360022087
0.5577029265599116
0.5579790171176146
0.5582551076753175
0.5585311982330204
0.5588072887907233
0.5590833793484262
0.5593594699061292
0.5775814467145223
0.5778575372722252
0.5781336278299282
0.5784097183876311
0.578685808945334
0.5789618995030369
0.5792379900607398
0.5795140806184428
0.5797901711761456
0.5800662617338486
0.5803423522915515
0.5806184428492545
0.5808945334069575
0.5811706239646605
0.5814467145223633
0.5817228050800662
0.5819988956377692
0.5822749861954721
0.5825510767531751
0.5828271673108779
0.5831032578685809
0.5836554389839868
0.5913859745996687
0.5916620651573716
0.5919381557150746
0.623964660408614
0.6435670900055218
0.6438431805632248
0.6441192711209276
0.6443953616786305
0.6446714522363335
0.6449475427940364
0.6454997239094422
0.6457758144671452
0.6460519050248481
0.646327995582551
0.646604086140254
0.6573716178906681
0.6579237990060739
0.6639977912755384
0.6642738818332413
0.6645499723909443
0.7713970182219767
0.7716731087796797
0.7719491993373826
0.7722252898950855
0.8611264494754279
0.8614025400331308
0.8616786305908337
0.8619547211485367
0.8622308117062396
0.9947542794036444
0.9950303699613473
0.9953064605190501
0.9955825510767531
0.995858641634456
0.996134732192159
0.9964108227498619
0.9969630038652677
0.9972390944229707
0.9975151849806736
0.9977912755383765
0.9980673660960794
0.026504693539480945
0.17918277194919932
0.17945886250690224
0.18442849254555493
0.18580894533406955
0.18608503589177247
0.18636112644947542
0.18663721700717836
0.18691330756488128
0.1871893981225842
0.18746548868028712
0.21038100496963003
0.21065709552733294
0.21093318608503586
0.21120927664273878
0.21148536720044173
0.214246272777471
0.2145223633351739
0.21479845389287686
0.2702926559911651
0.270568746548868
0.2716731087796797
0.27222528989508554
0.2752622860298177
0.27719491993373824
0.2774710104914412
0.2777471010491441
0.278023191606847
0.27857537272225286
0.2788514632799558
0.3575372722252899
0.3578133627829928
0.35808945334069575
0.35836554389839864
0.3586416344561016
0.3589177250138045
0.3591938155715074
0.35946990612921037
0.35974599668691326
0.36057426836002204
0.360850358917725
0.3611264494754279
0.38266151297625617
0.43318608503589173
0.4348426283821093
0.47736057426836
0.47763666482606293
0.4779127553837658
0.47818884594146877
0.47846493649917166
0.4806736609607951
0.48094975151849806
0.4815019326339039
0.4881281060187741
0.48840419657647705
0.48868028713417994
0.4889563776918829
0.48923246824958583
0.4895085588072887
0.48978464936499166
0.49006073992269455
0.4903368304803975
0.49061292103810045
0.49088901159580334
0.49116510215350634
0.49144119271120923
0.49503036996134725
0.4953064605190502
0.5046935394809497
0.5049696300386526
0.5052457205963555
0.5055218111540585
0.5162893429044726
0.5165654334621755
0.5168415240198785
0.5171176145775814
0.5173937051352844
0.5176697956929873
0.5179458862506902
0.5182219768083931
0.518498067366096
0.518774157923799
0.5190502484815019
0.5193263390392048
0.5196024295969077
0.556046383213694
0.556322473771397
0.5565985643290998
0.5568746548868028
0.5571507454445057
0.5574268360022087
0.5577029265599116
0.5579790171176146
0.5582551076753175
0.5585311982330204
0.5588072887907233
0.5590833793484262
0.5593594699061292
0.5596355604638321
0.5599116510215351
0.5623964660408614
0.5684704583103257
0.5919381557150746
0.6167863059083378
0.6181667586968524
0.6195472114853671
0.61982330204307
0.620099392600773
0.6206515737161789
0.6231363887355053
0.6234124792932082
0.623688569850911
0.623964660408614
0.6242407509663169
0.6245168415240199
0.6247929320817228
0.6256212037548315
0.6452236333517394
0.6454997239094422
0.6457758144671452
0.6460519050248481
0.646327995582551
0.646604086140254
0.6485367200441744
0.6490889011595803
0.6493649917172832
0.6496410822749861
0.649917172832689
0.650193263390392
0.6504693539480949
0.6587520706791827
0.7686361126449475
0.7689122032026504
0.7691882937603534
0.7694643843180563
0.7697404748757591
0.7700165654334621
0.770292655991165
0.770568746548868
0.7708448371065709
0.7711209276642738
0.8362782992821645
0.8365543898398674
0.8368304803975702
0.9630038652678078
0.9632799558255107
0.9635560463832137
0.9638321369409165
0.9641082274986195
0.18249585864163445
0.18277194919933737
0.1830480397570403
0.18608503589177247
0.18636112644947542
0.18663721700717836
0.18691330756488128
0.1871893981225842
0.18746548868028712
0.18774157923799004
0.18801766979569295
0.25980121479845386
0.26808393152954163
0.2683600220872446
0.2711209276642738
0.27719491993373824
0.2774710104914412
0.4168967421314191
0.417172832689122
0.4174489232468249
0.41800110436223076
0.4182771949199337
0.4185532854776366
0.47708448371065704
0.47736057426836
0.47763666482606293
0.4779127553837658
0.47818884594146877
0.47846493649917166
0.4787410270568746
0.47901711761457755
0.47929320817228044
0.4795692987299834
0.4798453892876863
0.4801214798453892
0.48039757040309217
0.48177802319160684
0.4895085588072887
0.48978464936499166
0.49006073992269455
0.49088901159580334
0.49116510215350634
0.49144119271120923
0.4917172832689122
0.4919933738266151
0.492269464384318
0.49254555494202096
0.49282164549972385
0.4930977360574268
0.49337382661512974
0.49364991717283263
0.4939260077305356
0.49420209828823847
0.4944781888459414
0.49475427940364436
0.49503036996134725
0.4953064605190502
0.4955825510767531
0.49696300386526776
0.4972390944229707
0.4983434566537824
0.4986195472114853
0.49889563776918827
0.5104914411927112
0.5107675317504141
0.5115958034235228
0.5118718939812258
0.5121479845389287
0.5124240750966317
0.5127001656543346
0.5129762562120375
0.5132523467697404
0.5135284373274434
0.5138045278851463
0.5140806184428492
0.5143567090005521
0.514632799558255
0.514908890115958
0.5151849806736609
0.6192711209276642
0.6195472114853671
0.61982330204307
0.620099392600773
0.6203754831584759
0.6206515737161789
0.6209276642738817
0.6212037548315846
0.6214798453892876
0.6217559359469905
0.6220320265046936
0.6223081170623964
0.6225842076200994
0.6228602981778023
0.6231363887355053
0.6234124792932082
0.623688569850911
0.623964660408614
0.6242407509663169
0.6245168415240199
0.6247929320817228
0.7697404748757591
0.8365543898398674
0.8368304803975702
0.8371065709552732
0.8373826615129761
0.172832689122032
0.17310877967973493
0.41137493097736055
0.41165102153506344
0.41441192711209274
0.4146880176697957
0.4163445610160132
0.41662065157371614
0.4168967421314191
0.417172832689122
0.4174489232468249
0.4177250138045278
0.43732744340143564
0.47818884594146877
0.47846493649917166
0.4787410270568746
0.47901711761457755
0.47929320817228044
0.4795692987299834
0.4798453892876863
0.4801214798453892
0.48039757040309217
0.4806736609607951
0.5138045278851463
0.5140806184428492
0.5143567090005521
0.6203754831584759
0.6206515737161789
0.6209276642738817
0.6212037548315846
0.6217559359469905
0.6220320265046936
0.6223081170623964
0.6225842076200994
0.6228602981778023
0.6231363887355053
0.6234124792932082
0.7700165654334621
0.770292655991165
0.770568746548868
0.7708448371065709
0.7711209276642738
0.7713970182219767
0.17034787410270566
0.17062396466040858
0.1709000552181115
0.17117614577581447
0.1714522363335174
0.1780784097183876
0.17835450027609054
0.17863059083379348
0.1789066813914964
0.17918277194919932
0.17945886250690224
0.17973495306460519
0.1800110436223081
0.18028713418001102
0.18056322473771394
0.18083931529541686
0.1811154058531198
0.29514080618442845
0.29707344008834896
0.2973495306460519
0.2976256212037548
0.41054665930425177
0.41082274986195466
0.4110988404196576
0.41137493097736055
0.41165102153506344
0.4119271120927664
0.4122032026504693
0.4124792932081722
0.4127553837658752
0.4135836554389839
0.4138597459966869
0.41413583655438985
0.41441192711209274
0.4146880176697957
0.4149641082274986
0.4152401987852015
0.4160684704583103
0.4163445610160132
0.41662065157371614
0.4168967421314191
0.4348426283821093
0.43511871893981224
0.4353948094975152
0.4356709000552181
0.47487575924903364
0.4751518498067365
0.47542794036443947
0.4757040309221425
0.47598012147984536
0.4762562120375483
0.4765323025952512
0.47680839315295415
0.47708448371065704
0.47736057426836
0.47763666482606293
0.4779127553837658
0.47818884594146877
0.47846493649917166
0.4917172832689122
0.4919933738266151
0.492269464384318
0.49254555494202096
0.49282164549972385
0.4930977360574268
0.49337382661512974
0.49364991717283263
0.4939260077305356
0.49420209828823847
0.4944781888459414
0.49475427940364436
0.49503036996134725
0.4953064605190502
0.4955825510767531
0.49585864163445603
0.49613473219215903
0.4964108227498619
0.49668691330756487
0.6192711209276642
0.6195472114853671
0.61982330204307
0.620099392600773
0.6203754831584759
0.6206515737161789
0.6209276642738817
-0.01656543346217559
-0.01684152401987852
-0.017117614577581448
-0.01739370513528437
-0.018774157923799002
-0.01905024848150193
-0.019326339039204856
-0.019602429596907785
-0.17117614577581447
-0.18277194919933737
-0.1830480397570403
-0.18415240198785202
-0.18442849254555493
-0.2205963556046383
-0.2664273881833241
-0.26670347874102707
-0.26697956929872996
-0.2672556598564329
-0.2675317504141358
-0.26780784097183874
-0.26808393152954163
-0.2683600220872446
-0.2686361126449475
-0.26891220320265047
-0.26918829376035336
-0.2694643843180563
-0.2760905577029265
-0.29376035339591383
-0.39315295416896734
-0.39342904472667034
-0.401987852015461
-0.413307564881281
-0.4135836554389839
-0.4138597459966869
-0.41413583655438985
-0.41441192711209274
-0.4146880176697957
-0.4149641082274986
-0.4152401987852015
-0.41551628934290447
-0.41579237990060736
-0.4160684704583103
-0.4163445610160132
-0.4182771949199337
-0.4185532854776366
-0.41882937603533954
-0.47266703478741023
-0.4729431253451132
-0.47321921590281607
-0.473495306460519
-0.4737713970182219
-0.47404748757592485
-0.47432357813362774
-0.4745996686913307
-0.47487575924903364
-0.4751518498067365
-0.47542794036443947
-0.4757040309221425
-0.47598012147984536
-0.4762562120375483
-0.4765323025952512
-0.47680839315295415
-0.4870237437879624
-0.4872998343456654
-0.48757592490336826
-0.4878520154610712
-0.4881281060187741
-0.48840419657647705
-0.48868028713417994
-0.4889563776918829
-0.48923246824958583
-0.4895085588072887
-0.48978464936499166
-0.49006073992269455
-0.4903368304803975
-0.49061292103810045
-0.49088901159580334
-0.49116510215350634
-0.49144119271120923
-0.4917172832689122
-0.4919933738266151
-0.492269464384318
-0.49254555494202096
-0.49282164549972385
-0.4930977360574268
-0.49337382661512974
-0.49364991717283263
-0.4939260077305356
-0.49420209828823847
-0.4944781888459414
-0.49475427940364436
-0.49503036996134725
-0.4953064605190502
-0.4955825510767531
-0.49585864163445603
-0.49613473219215903
-0.4964108227498619
-0.49668691330756487
-0.49696300386526776
-0.4972390944229707
-0.5102153506350082
-0.5104914411927112
-0.5107675317504141
-0.511043622308117
-0.5113197128658199
-0.5115958034235228
-0.5118718939812258
-0.5121479845389287
-0.5124240750966317
-0.5127001656543346
-0.6176145775814467
-0.6178906681391496
-0.6181667586968524
-0.6184428492545554
-0.6187189398122583
-0.6189950303699613
-0.6192711209276642
-0.6195472114853671
-0.61982330204307
-0.620099392600773
-0.6203754831584759
-0.6206515737161789
-0.6209276642738817
-0.6212037548315846
-0.6214798453892876
-0.6217559359469905
-0.6220320265046936
-0.16896742131419104
-0.16924351187189396
-0.1695196024295969
-0.16979569298729982
-0.17007178354500274
-0.26504693539480945
-0.2653230259525124
-0.26559911651021534
-0.26587520706791823
-0.2661512976256212
-0.2664273881833241
-0.26670347874102707
-0.26697956929872996
-0.2672556598564329
-0.2675317504141358
-0.26780784097183874
-0.26808393152954163
-0.29210381004969627
-0.2923799006073992
-0.29431253451131967
-0.2945886250690226
-0.2948647156267255
-0.29514080618442845
-0.29569298729983434
-0.2959690778575373
-0.2962451684152402
-0.2965212589729431
-0.36720044174489225
-0.3674765323025952
-0.40861402540033126
-0.4088901159580342
-0.40916620651573715
-0.4094422970734401
-0.409718387631143
-0.40999447818884593
-0.4102705687465488
-0.41054665930425177
-0.41082274986195466
-0.4122032026504693
-0.4124792932081722
-0.4127553837658752
-0.41303147432357806
-0.413307564881281
-0.4135836554389839
-0.4138597459966869
-0.41413583655438985
-0.41441192711209274
-0.4146880176697957
-0.4149641082274986
-0.4152401987852015
-0.47266703478741023
-0.4729431253451132
-0.47321921590281607
-0.473495306460519
-0.4737713970182219
-0.47404748757592485
-0.47432357813362774
-0.4745996686913307
-0.47487575924903364
-0.4751518498067365
-0.47542794036443947
-0.4757040309221425
-0.4867476532302595
-0.4870237437879624
-0.4872998343456654
-0.48757592490336826
-0.4878520154610712
-0.4881281060187741
-0.48840419657647705
-0.48868028713417994
-0.4889563776918829
-0.48923246824958583
-0.4895085588072887
-0.48978464936499166
-0.49006073992269455
-0.4903368304803975
-0.49061292103810045
-0.49254555494202096
-0.49337382661512974
-0.49364991717283263
-0.4939260077305356
-0.49420209828823847
-0.4944781888459414
-0.49475427940364436
-0.49503036996134725
-0.4953064605190502
-0.4955825510767531
-0.6167863059083378
-0.6170623964660408
-0.6173384870237437
-0.6176145775814467
-0.6178906681391496
-0.6181667586968524
-0.6184428492545554
-0.6187189398122583
-0.6189950303699613
-0.6192711209276642
-0.6195472114853671
-0.620099392600773
-0.6225842076200994
-0.1717283268912203
-0.1819436775262286
-0.1822197680839315
-0.18249585864163445
-0.18277194919933737
-0.1830480397570403
-0.2644947542794036
-0.26477084483710656
-0.26504693539480945
-0.2653230259525124
-0.26559911651021534
-0.26587520706791823
-0.2661512976256212
-0.2664273881833241
-0.26670347874102707
-0.26697956929872996
-0.2672556598564329
-0.2702926559911651
-0.270568746548868
-0.2708448371065709
-0.2711209276642738
-0.2713970182219768
-0.27912755383765875
-0.27940364439536164
-0.2796797349530646
-0.27995582551076753
-0.2802319160684704
-0.28050800662617337
-0.28078409718387626
-0.2810601877415792
-0.28133627829928215
-0.2816123688569851
-0.281888459414688
-0.28216454997239093
-0.2824406405300938
-0.2868580894533407
-0.29293208172280505
-0.293208172280508
-0.2940364439536167
-0.29431253451131967
-0.2945886250690226
-0.35532854776366646
-0.35560463832136935
-0.3558807288790723
-0.3561568194367752
-0.35643290999447813
-0.3567090005521811
-0.35698509110988397
-0.35726118166758697
-0.36057426836002204
-0.360850358917725
-0.3611264494754279
-0.3614025400331308
-0.3616786305908337
-0.36195472114853666
-0.3622308117062396
-0.36250690226394255
-0.3660960795140806
-0.3663721700717835
-0.3666482606294864
-0.36692435118718936
-0.36720044174489225
-0.3674765323025952
-0.3677526228602982
-0.41137493097736055
-0.41165102153506344
-0.4119271120927664
-0.4122032026504693
-0.4124792932081722
-0.4127553837658752
-0.41303147432357806
-0.413307564881281
-0.4135836554389839
-0.4138597459966869
-0.41413583655438985
-0.41441192711209274
-0.47101049144119267
-0.4712865819988956
-0.47156267255659856
-0.47183876311430145
-0.4721148536720044
-0.4723909442297073
-0.47266703478741023
-0.4729431253451132
-0.47321921590281607
-0.473495306460519
-0.4737713970182219
-0.47404748757592485
-0.47432357813362774
-0.4745996686913307
-0.47487575924903364
-0.4845389287686361
-0.48481501932633897
-0.4850911098840419
-0.4853672004417448
-0.48564329099944775
-0.48591938155715075
-0.48619547211485364
-0.4864715626725566
-0.4867476532302595
-0.4870237437879624
-0.4872998343456654
-0.48757592490336826
-0.4878520154610712
-0.4881281060187741
-0.48840419657647705
-0.48868028713417994
-0.4889563776918829
-0.48923246824958583
-0.4895085588072887
-0.48978464936499166
-0.49006073992269455
-0.4903368304803975
-0.49061292103810045
-0.49088901159580334
-0.49116510215350634
-0.49144119271120923
-0.4917172832689122
-0.4919933738266151
-0.492269464384318
-0.49254555494202096
-0.49282164549972385
-0.4930977360574268
-0.49337382661512974
-0.49364991717283263
-0.4939260077305356
-0.49420209828823847
-0.4944781888459414
-0.49475427940364436
-0.5093870789618995
-0.5096631695196023
-0.6145775814467145
-0.6148536720044174
-0.6151297625621204
-0.6154058531198232
-0.6156819436775262
-0.6159580342352291
-0.616234124792932
-0.616510215350635
-0.6167863059083378
-0.6170623964660408
-0.6173384870237437
-0.6176145775814467
-0.6178906681391496
-0.6181667586968524
-0.6184428492545554
-0.6187189398122583
-0.6189950303699613
-0.6192711209276642
-0.6195472114853671
-0.61982330204307
-0.620099392600773
-0.6203754831584759
-0.6206515737161789
-0.6435670900055218
-0.010767531750414134
-0.011043622308117063
-0.011319712865819988
-0.016289342904472665
-0.16703478741027056
-0.16731087796797348
-0.1675869685256764
-0.1678630590833793
-0.16813914964108226
-0.16979569298729982
-0.17007178354500274
-0.17034787410270566
-0.17062396466040858
-0.1709000552181115
-0.17117614577581447
-0.1714522363335174
-0.1717283268912203
-0.17559359469906127
-0.1758696852567642
-0.17614577581446714
-0.17642186637217006
-0.176697956929873
-0.17697404748757592
-0.17725013804527884
-0.17752622860298176
-0.17780231916068467
-0.1780784097183876
-0.17835450027609054
-0.17863059083379348
-0.1789066813914964
-0.17918277194919932
-0.17945886250690224
-0.17973495306460519
-0.1800110436223081
-0.18028713418001102
-0.18056322473771394
-0.18083931529541686
-0.1811154058531198
-0.18139149641082275
-0.18166758696852567
-0.1819436775262286
-0.1822197680839315
-0.18249585864163445
-0.1893981225842076
-0.18967421314191055
-0.18995030369961347
-0.19022639425731638
-0.1905024848150193
-0.19077857537272222
-0.19105466593042514
-0.19133075648812808
-0.19160684704583103
-0.19188293760353395
-0.19215902816123687
-0.19243511871893978
-0.19271120927664273
-0.19298729983434565
-0.19409166206515738
-0.1943677526228603
-0.19464384318056321
-0.19491993373826613
-0.19519602429596905
-0.195472114853672
-0.2062396466040861
-0.20706791827719492
-0.20734400883489784
-0.20762009939260076
-0.20789618995030368
-0.2081722805080066
-0.20844837106570954
-0.21148536720044173
-0.21176145775814464
-0.21755935946990612
-0.21783545002760904
-0.21811154058531196
-0.22197680839315292
-0.22225289895085584
-0.2225289895085588
-0.22280508006626173
-0.22308117062396465
-0.22446162341247927
-0.2247377139701822
-0.2559359469906129
-0.25621203754831584
-0.25648812810601873
-0.2567642186637217
-0.2570403092214246
-0.26587520706791823
-0.2661512976256212
-0.2664273881833241
-0.26670347874102707
-0.26697956929872996
-0.2672556598564329
-0.2675317504141358
-0.26780784097183874
-0.26808393152954163
-0.2683600220872446
-0.2686361126449475
-0.26891220320265047
-0.26918829376035336
-0.2694643843180563
-0.26974047487575925
-0.27001656543346214
-0.2702926559911651
-0.270568746548868
-0.2708448371065709
-0.2711209276642738
-0.2713970182219768
-0.2716731087796797
-0.27194919933738265
-0.27222528989508554
-0.2725013804527885
-0.27277747101049143
-0.2730535615681943
-0.27332965212589727
-0.27360574268360016
-0.27388183324130316
-0.27415792379900605
-0.274434014356709
-0.2747101049144119
-0.27498619547211484
-0.2752622860298177
-0.2755383765875207
-0.2758144671452236
-0.2760905577029265
-0.27636664826062945
-0.2766427388183324
-0.27691882937603535
-0.27719491993373824
-0.2774710104914412
-0.2777471010491441
-0.278023191606847
-0.2782992821645499
-0.27857537272225286
-0.2788514632799558
-0.27912755383765875
-0.27940364439536164
-0.2796797349530646
-0.27995582551076753
-0.2802319160684704
-0.28050800662617337
-0.28078409718387626
-0.2810601877415792
-0.28133627829928215
-0.2816123688569851
-0.281888459414688
-0.28216454997239093
-0.2824406405300938
-0.28271673108779677
-0.2829928216454997
-0.2832689122032026
-0.28354500276090555
-0.28382109331860844
-0.2840971838763114
-0.28437327443401433
-0.2846493649917172
-0.28492545554942017
-0.28520154610712306
-0.28547763666482606
-0.285753727222529
-0.2860298177802319
-0.28630590833793484
-0.28658199889563774
-0.2868580894533407
-0.2871341800110436
-0.2874102705687465
-0.28768636112644946
-0.28796245168415235
-0.2882385422418553
-0.28851463279955825
-0.28879072335726114
-0.2890668139149641
-0.289342904472667
-0.2896189950303699
-0.2898950855880728
-0.29017117614577576
-0.29044726670347876
-0.29072335726118165
-0.2909994478188846
-0.29127553837658754
-0.29155162893429043
-0.2918277194919934
-0.29210381004969627
-0.2923799006073992
-0.29265599116510216
-0.29293208172280505
-0.293208172280508
-0.2934842628382109
-0.29376035339591383
-0.2940364439536167
-0.29431253451131967
-0.2945886250690226
-0.2948647156267255
-0.29514080618442845
-0.29541689674213134
-0.29569298729983434
-0.2959690778575373
-0.2962451684152402
-0.2965212589729431
-0.296797349530646
-0.29707344008834896
-0.2973495306460519
-0.2976256212037548
-0.29790171176145774
-0.29817780231916063
-0.2984538928768636
-0.2987299834345665
-0.3014908890115958
-0.3017669795692987
-0.30204307012700166
-0.30231916068470455
-0.3025952512424075
-0.30287134180011044
-0.30314743235781333
-0.3034235229155163
-0.30369961347321917
-0.3039757040309221
-0.304251794588625
-0.30452788514632795
-0.3048039757040309
-0.3050800662617338
-0.37217007178354494
-0.3724461623412479
-0.37272225289895083
-0.3729983434566538
-0.3732744340143567
-0.3735505245720596
-0.37382661512976256
-0.37410270568746545
-0.3743787962451684
-0.3746548868028713
-0.37493097736057424
-0.37548315847598007
-0.375759249033683
-0.3768636112644947
-0.37713970182219764
-0.3774157923799005
-0.3776918829376035
-0.3779679734953065
-0.37824406405300937
-0.3785201546107123
-0.3787962451684152
-0.37907233572611815
-0.3793484262838211
-0.4461623412479293
-0.45168415240198784
-0.4693539480949751
-0.469630038652678
-0.46990612921038094
-0.4701822197680839
-0.4837106570955273
-0.4839867476532302
-0.48426283821093313
-0.4845389287686361
-0.48481501932633897
-0.4850911098840419
-0.4853672004417448
-0.48564329099944775
-0.48591938155715075
-0.48619547211485364
-0.4864715626725566
-0.4867476532302595
-0.4870237437879624
-0.4872998343456654
-0.48757592490336826
-0.4878520154610712
-0.4881281060187741
-0.48840419657647705
-0.48868028713417994
-0.49116510215350634
-0.49144119271120923
-0.4917172832689122
-0.4919933738266151
-0.492269464384318
-0.49254555494202096
-0.49282164549972385
-0.5019326339039205
-0.5022087244616233
-0.5024848150193263
-0.5027609055770292
-0.5030369961347322
-0.5033130866924351
-0.503589177250138
-0.5038652678078409
-0.5041413583655439
-0.5044174489232468
-0.5046935394809497
-0.5049696300386526
-0.5052457205963555
-0.5069022639425731
-0.507178354500276
-0.507454445057979
-0.5077305356156819
-0.5080066261733849
-0.5082827167310877
-0.5085588072887907
-0.5088348978464936
-0.5091109884041966
-0.5093870789618995
-0.5096631695196023
-0.5099392600773053
-0.5102153506350082
-0.5104914411927112
-0.5107675317504141
-0.511043622308117
-0.5113197128658199
-0.5115958034235228
-0.5118718939812258
-0.5121479845389287
-0.5124240750966317
-0.5127001656543346
-0.5129762562120375
-0.5132523467697404
-0.5135284373274434
-0.5138045278851463
-0.5140806184428492
-0.5143567090005521
-0.514632799558255
-0.514908890115958
-0.5151849806736609
-0.5154610712313639
-0.5157371617890667
-0.5160132523467696
-0.5278851463279955
-0.5281612368856985
-0.5284373274434014
-0.5287134180011043
-0.5289895085588072
-0.5292655991165102
-0.5295416896742131
-0.5298177802319161
-0.5300938707896189
-0.5303699613473218
-0.5306460519050248
-0.5309221424627277
-0.5311982330204307
-0.5314743235781335
-0.5317504141358365
-0.5320265046935395
-0.5323025952512423
-0.5325786858089453
-0.5328547763666482
-0.5416896742131418
-0.5419657647708448
-0.5422418553285476
-0.5425179458862507
-0.5427940364439536
-0.5430701270016565
-0.5436223081170624
-0.5438983986747653
-0.5441744892324683
-0.5444505797901711
-0.544726670347874
-0.545002760905577
-0.5452788514632799
-0.5455549420209829
-0.5466593042517945
-0.5469353948094975
-0.5472114853672003
-0.5474875759249034
-0.5477636664826063
-0.5480397570403092
-0.5483158475980121
-0.5502484815019326
-0.5532854776366648
-0.5535615681943677
-0.5621203754831584
-0.5623964660408614
-0.5626725565985643
-0.5629486471562672
-0.5632247377139702
-0.563500828271673
-0.563776918829376
-0.5640530093870789
-0.5643290999447819
-0.5739922694643843
-0.5756488128106019
-0.5773053561568193
-0.5775814467145223
-0.5902816123688569
-0.5905577029265598
-0.5908337934842627
-0.5911098840419656
-0.5913859745996687
-0.5916620651573716
-0.5919381557150746
-0.5922142462727774
-0.5924903368304804
-0.5927664273881833
-0.5930425179458862
-0.5933186085035892
-0.593594699061292
-0.593870789618995
-0.5941468801766979
-0.5944229707344009
-0.5946990612921038
-0.5949751518498066
-0.5952512424075096
-0.6029817780231916
-0.6032578685808945
-0.6035339591385974
-0.6038100496963004
-0.6040861402540033
-0.6043622308117063
-0.6046383213694091
-0.604914411927112
-0.605190502484815
-0.6054665930425179
-0.6057426836002209
-0.6060187741579237
-0.6062948647156267
-0.6065709552733296
-0.6068470458310325
-0.6071231363887355
-0.6073992269464383
-0.6076753175041413
-0.6079514080618442
-0.6082274986195472
-0.60850358917725
-0.608779679734953
-0.6090557702926559
-0.6093318608503588
-0.6096079514080618
-0.6098840419657646
-0.6101601325234676
-0.6104362230811705
-0.6107123136388735
-0.6109884041965764
-0.6112644947542792
-0.6115405853119822
-0.6118166758696852
-0.6120927664273882
-0.6123688569850911
-0.6126449475427941
-0.6129210381004969
-0.6131971286581999
-0.6134732192159028
-0.6137493097736058
-0.6140254003313087
-0.6143014908890115
-0.6145775814467145
-0.6148536720044174
-0.6151297625621204
-0.6154058531198232
-0.6156819436775262
-0.6159580342352291
-0.616234124792932
-0.616510215350635
-0.6167863059083378
-0.6170623964660408
-0.6173384870237437
-0.6176145775814467
-0.6178906681391496
-0.6181667586968524
-0.6225842076200994
-0.6228602981778023
-0.6231363887355053
-0.6234124792932082
-0.623688569850911
-0.623964660408614
-0.6242407509663169
-0.6245168415240199
-0.6383213694091662
-0.638597459966869
-0.638873550524572
-0.6391496410822749
-0.6394257316399778
-0.6397018221976808
-0.6399779127553836
-0.6402540033130866
-0.6405300938707895
-0.6408061844284925
-0.6410822749861954
-0.6413583655438982
-0.6416344561016012
-0.6419105466593041
-0.6421866372170071
-0.64246272777471
-0.6427388183324131
-0.6430149088901159
-0.6432909994478189
-0.6435670900055218
-0.6438431805632248
-0.6441192711209276
-0.6443953616786305
-0.6446714522363335
-0.6449475427940364
-0.6452236333517394
-0.6454997239094422
-0.6604086140254002
-0.6606847045831031
-0.0027609055770292656
-0.003036996134732192
-0.003313086692435118
-0.0035891772501380446
-0.0038652678078409716
-0.004141358365543898
-0.0044174489232468245
-0.0046935394809497506
-0.0049696300386526775
-0.0052457205963556035
-0.10601877415792378
-0.10629486471562671
-0.11844284925455548
-0.11871893981225841
-0.12921038100496962
-0.12948647156267254
-0.12976256212037549
-0.1300386526780784
-0.13031474323578132
-0.14826062948647156
-0.15350635008282718
-0.1537824406405301
-0.154058531198233
-0.15433462175593593
-0.15461071231363885
-0.15488680287134177
-0.1551628934290447
-0.15847598012147984
-0.15875207067918276
-0.15902816123688568
-0.1593042517945886
-0.15958034235229154
-0.15985643290999446
-0.17642186637217006
-0.176697956929873
-0.17697404748757592
-0.17863059083379348
-0.1789066813914964
-0.17918277194919932
-0.17945886250690224
-0.18636112644947542
-0.18663721700717836
-0.18995030369961347
-0.19022639425731638
-0.1905024848150193
-0.19077857537272222
-0.19105466593042514
-0.19133075648812808
-0.19160684704583103
-0.19188293760353395
-0.19215902816123687
-0.19243511871893978
-0.19271120927664273
-0.19298729983434565
-0.19326339039204857
-0.19353948094975149
-0.1938155715074544
-0.19409166206515738
-0.1943677526228603
-0.19464384318056321
-0.2092766427388183
-0.20955273329652124
-0.2239094422970734
-0.22418553285477633
-0.22446162341247927
-0.2247377139701822
-0.22501380452788514
-0.22528989508558805
-0.22556598564329097
-0.22584207620099392
-0.22611816675869684
-0.22915516289342902
-0.22943125345113194
-0.22970734400883486
-0.22998343456653778
-0.23025952512424075
-0.23053561568194367
-0.23136388735505242
-0.23578133627829928
-0.23688569850911095
-0.23716178906681387
-0.23743787962451682
-0.23771397018221974
-0.23799006073992268
-0.2382661512976256
-0.23854224185532852
-0.23881833241303146
-0.23909442297073438
-0.2393705135284373
-0.23964660408614022
-0.23992269464384314
-0.24019878520154608
-0.24047487575924903
-0.24213141910546657
-0.2432357813362783
-0.2435118718939812
-0.24378796245168413
-0.24406405300938705
-0.24434014356708997
-0.24461623412479291
-0.24489232468249583
-0.24516841524019875
-0.24544450579790167
-0.24572059635560461
-0.24599668691330756
-0.24627277747101048
-0.2465488680287134
-0.24682495858641632
-0.24710104914411923
-0.24737713970182218
-0.2476532302595251
-0.24792932081722802
-0.24820541137493096
-0.24848150193263388
-0.24958586416344558
-0.2498619547211485
-0.2501380452788514
-0.25041413583655436
-0.2506902263942573
-0.25096631695196026
-0.25124240750966315
-0.2515184980673661
-0.2523467697404749
-0.25262286029817776
-0.2528989508558807
-0.25317504141358366
-0.25345113197128655
-0.2537272225289895
-0.25400331308669244
-0.25427940364439533
-0.2545554942020983
-0.25483158475980117
-0.2551076753175041
-0.25538376587520706
-0.25565985643290995
-0.2559359469906129
-0.25621203754831584
-0.25648812810601873
-0.2567642186637217
-0.2570403092214246
-0.2573163997791275
-0.25759249033683046
-0.25786858089453335
-0.2581446714522363
-0.25842076200993924
-0.2586968525676422
-0.2589729431253451
-0.259249033683048
-0.25952512424075097
-0.25980121479845386
-0.2600773053561568
-0.2603533959138597
-0.26062948647156264
-0.2609055770292656
-0.26118166758696854
-0.2614577581446714
-0.26173384870237437
-0.26200993926007726
-0.2622860298177802
-0.26256212037548315
-0.26283821093318605
-0.263114301490889
-0.2633903920485919
-0.2636664826062948
-0.2639425731639978
-0.2642186637217007
-0.2644947542794036
-0.26477084483710656
-0.26504693539480945
-0.2653230259525124
-0.26559911651021534
-0.26587520706791823
-0.2661512976256212
-0.2664273881833241
-0.26670347874102707
-0.26697956929872996
-0.2672556598564329
-0.27001656543346214
-0.2702926559911651
-0.270568746548868
-0.2708448371065709
-0.2711209276642738
-0.2713970182219768
-0.2716731087796797
-0.27194919933738265
-0.27222528989508554
-0.2725013804527885
-0.27277747101049143
-0.2730535615681943
-0.27332965212589727
-0.27360574268360016
-0.27388183324130316
-0.27415792379900605
-0.274434014356709
-0.2747101049144119
-0.27498619547211484
-0.2752622860298177
-0.2755383765875207
-0.2758144671452236
-0.2760905577029265
-0.27636664826062945
-0.2766427388183324
-0.27691882937603535
-0.27719491993373824
-0.2774710104914412
-0.2777471010491441
-0.278023191606847
-0.2782992821645499
-0.27912755383765875
-0.2796797349530646
-0.27995582551076753
-0.2802319160684704
-0.28050800662617337
-0.28078409718387626
-0.2810601877415792
-0.28133627829928215
-0.2816123688569851
-0.281888459414688
-0.28216454997239093
-0.2824406405300938
-0.28271673108779677
-0.2829928216454997
-0.2832689122032026
-0.28354500276090555
-0.28382109331860844
-0.2840971838763114
-0.28437327443401433
-0.2846493649917172
-0.28492545554942017
-0.28520154610712306
-0.28547763666482606
-0.285753727222529
-0.2871341800110436
-0.28796245168415235
-0.28879072335726114
-0.2890668139149641
-0.2909994478188846
-0.29127553837658754
-0.29155162893429043
-0.2918277194919934
-0.29210381004969627
-0.2923799006073992
-0.29265599116510216
-0.29293208172280505
-0.293208172280508
-0.2934842628382109
-0.2973495306460519
-0.2976256212037548
-0.29790171176145774
-0.29817780231916063
-0.2984538928768636
-0.2987299834345665
-0.2990060739922694
-0.29928216454997236
-0.29955825510767525
-0.2998343456653782
-0.30011043622308115
-0.30038652678078404
-0.300662617338487
-0.3009387078961899
-0.3012147984538929
-0.3014908890115958
-0.3017669795692987
-0.30204307012700166
-0.30231916068470455
-0.3025952512424075
-0.30287134180011044
-0.30314743235781333
-0.3034235229155163
-0.30369961347321917
-0.3039757040309221
-0.304251794588625
-0.30452788514632795
-0.3050800662617338
-0.30535615681943673
-0.3056322473771396
-0.3059083379348426
-0.30618442849254557
-0.30646051905024846
-0.3067366096079514
-0.30701270016565435
-0.3500828271673108
-0.35035891772501376
-0.3506350082827167
-0.3536720044174489
-0.375759249033683
-0.3760353395913859
-0.37631143014908885
-0.3765875207067918
-0.3768636112644947
-0.37713970182219764
-0.3774157923799005
-0.379624516841524
-0.37990060739922693
-0.3801766979569298
-0.38045278851463277
-0.3810049696300386
-0.3975704030922142
-0.3978464936499171
-0.3986747653230259
-0.39895085588072887
-0.39922694643843176
-0.4033683048039756
-0.4036443953616786
-0.4265599116510215
-0.4268360022087244
-0.4486471562672556
-0.4607951408061844
-0.46107123136388733
-0.48177802319160684
-0.48205411374930973
-0.4823302043070127
-0.48260629486471557
-0.4828823854224185
-0.48315847598012146
-0.48343456653782435
-0.4837106570955273
-0.49061292103810045
-0.492269464384318
-0.49254555494202096
-0.49282164549972385
-0.4930977360574268
-0.4986195472114853
-0.49889563776918827
-0.49917172832689116
-0.4994478188845941
-0.499723909442297
-0.49999999999999994
-0.5002760905577028
-0.5013804527885146
-0.5016565433462176
-0.5019326339039205
-0.5022087244616233
-0.5024848150193263
-0.5027609055770292
-0.5030369961347322
-0.5033130866924351
-0.503589177250138
-0.5038652678078409
-0.5041413583655439
-0.5044174489232468
-0.5046935394809497
-0.5049696300386526
-0.5052457205963555
-0.5055218111540585
-0.5057979017117614
-0.5060739922694643
-0.5063500828271673
-0.5066261733848703
-0.5069022639425731
-0.507178354500276
-0.5127001656543346
-0.5129762562120375
-0.5132523467697404
-0.5135284373274434
-0.5138045278851463
-0.5140806184428492
-0.5143567090005521
-0.514908890115958
-0.5151849806736609
-0.5154610712313639
-0.5157371617890667
-0.5160132523467696
-0.5162893429044726
-0.518498067366096
-0.518774157923799
-0.5190502484815019
-0.5193263390392048
-0.5196024295969077
-0.5198785201546107
-0.5201546107123136
-0.5204307012700164
-0.5207067918277194
-0.5209828823854223
-0.5212589729431253
-0.5240198785201545
-0.5242959690778575
-0.5245720596355604
-0.5248481501932634
-0.5251242407509663
-0.5254003313086691
-0.5256764218663721
-0.525952512424075
-0.526228602981778
-0.5265046935394809
-0.5267807840971838
-0.5270568746548868
-0.5273329652125897
-0.5276090557702926
-0.5278851463279955
-0.5281612368856985
-0.5284373274434014
-0.5287134180011043
-0.5289895085588072
-0.5292655991165102
-0.5295416896742131
-0.5298177802319161
-0.5300938707896189
-0.5303699613473218
-0.5306460519050248
-0.5309221424627277
-0.5311982330204307
-0.5314743235781335
-0.5317504141358365
-0.5320265046935395
-0.5323025952512423
-0.5325786858089453
-0.5328547763666482
-0.5331308669243512
-0.5334069574820541
-0.5496963003865267
-0.5499723909442297
-0.5502484815019326
-0.5505245720596355
-0.5588072887907233
-0.5590833793484262
-0.5593594699061292
-0.5596355604638321
-0.5632247377139702
-0.563500828271673
-0.563776918829376
-0.5640530093870789
-0.5643290999447819
-0.5646051905024848
-0.5648812810601876
-0.5651573716178906
-0.5654334621755935
-0.5657095527332965
-0.5704030922142461
-0.5775814467145223
-0.5778575372722252
-0.5781336278299282
-0.5784097183876311
-0.578685808945334
-0.5789618995030369
-0.5792379900607398
-0.5795140806184428
-0.5853119823302043
-0.5855880728879072
-0.5858641634456101
-0.586140254003313
-0.586416344561016
-0.5866924351187188
-0.5869685256764218
-0.5872446162341247
-0.5875207067918277
-0.5877967973495306
-0.5880728879072334
-0.5883489784649364
-0.5886250690226393
-0.5889011595803423
-0.5891772501380452
-0.5894533406957481
-0.589729431253451
-0.590005521811154
-0.5902816123688569
-0.5905577029265598
-0.5908337934842627
-0.5911098840419656
-0.5913859745996687
-0.5916620651573716
-0.5919381557150746
-0.5922142462727774
-0.5924903368304804
-0.5927664273881833
-0.5930425179458862
-0.5933186085035892
-0.593594699061292
-0.6079514080618442
-0.6082274986195472
-0.60850358917725
-0.608779679734953
-0.6090557702926559
-0.6093318608503588
-0.6096079514080618
-0.6098840419657646
-0.6101601325234676
-0.6104362230811705
-0.6178906681391496
-0.6181667586968524
-0.6184428492545554
-0.6187189398122583
-0.6189950303699613
-0.6192711209276642
-0.6195472114853671
-0.61982330204307
-0.620099392600773
-0.6203754831584759
-0.6206515737161789
-0.6209276642738817
-0.6212037548315846
-0.6214798453892876
-0.6217559359469905
-0.6220320265046936
-0.6223081170623964
-0.6228602981778023
-0.6231363887355053
-0.6234124792932082
-0.623688569850911
-0.6374930977360573
-0.6377691882937603
-0.6380452788514632
-0.6383213694091662
-0.638597459966869
-0.638873550524572
-0.6391496410822749
-0.6394257316399778
-0.6397018221976808
-0.6399779127553836
-0.6402540033130866
-0.6405300938707895
-0.6408061844284925
-0.6410822749861954
-0.6413583655438982
-0.6416344561016012
-0.6419105466593041
-0.6421866372170071
-0.64246272777471
-0.6468801766979568
-0.6471562672556598
-0.6477084483710657
-0.6479845389287686
-0.6482606294864715
-0.6485367200441744
-0.6488128106018773
-0.6490889011595803
-0.6493649917172832
-0.6496410822749861
-0.649917172832689
-0.650193263390392
-0.6504693539480949
-0.6507454445057979
-0.6510215350635007
-0.6512976256212036
-0.6515737161789066
-0.6518498067366095
-0.6521258972943125
-0.6524019878520153
-0.6526780784097183
-0.6529541689674213
-0.009663169519602428
-0.009939260077305355
-0.010215350635008282
-0.010491441192711207
-0.010767531750414134
-0.02070679182771949
-0.020982882385422414
-0.1833241303147432
-0.1838763114301491
-0.18415240198785202
-0.18442849254555493
-0.18470458310325785
-0.18498067366096077
-0.1852567642186637
-0.18553285477636663
-0.19160684704583103
-0.19188293760353395
-0.19215902816123687
-0.19243511871893978
-0.19519602429596905
-0.195472114853672
-0.19574820541137491
-0.19602429596907783
-0.19630038652678075
-0.19657647708448367
-0.19685256764218664
-0.19712865819988956
-0.19740474875759248
-0.1976808393152954
-0.19795692987299832
-0.20872446162341246
-0.20900055218111538
-0.2092766427388183
-0.2098288238542242
-0.2101049144119271
-0.22087244616234122
-0.22114853672004414
-0.2214246272777471
-0.22170071783545
-0.22197680839315292
-0.22225289895085584
-0.2225289895085588
-0.22280508006626173
-0.22308117062396465
-0.22335726118166757
-0.2236333517393705
-0.2239094422970734
-0.22418553285477633
-0.22446162341247927
-0.2247377139701822
-0.22501380452788514
-0.2277747101049144
-0.22943125345113194
-0.22970734400883486
-0.23163997791275537
-0.2501380452788514
-0.25041413583655436
-0.2506902263942573
-0.25124240750966315
-0.2515184980673661
-0.251794588625069
-0.25207067918277193
-0.2523467697404749
-0.25262286029817776
-0.2528989508558807
-0.25317504141358366
-0.25345113197128655
-0.2537272225289895
-0.25400331308669244
-0.25427940364439533
-0.2545554942020983
-0.25483158475980117
-0.2551076753175041
-0.25538376587520706
-0.25565985643290995
-0.2559359469906129
-0.25621203754831584
-0.25648812810601873
-0.2567642186637217
-0.2581446714522363
-0.25842076200993924
-0.2586968525676422
-0.2589729431253451
-0.259249033683048
-0.25952512424075097
-0.26283821093318605
-0.263114301490889
-0.2633903920485919
-0.2636664826062948
-0.2639425731639978
-0.2642186637217007
-0.2644947542794036
-0.26477084483710656
-0.26504693539480945
-0.2653230259525124
-0.26559911651021534
-0.26587520706791823
-0.2661512976256212
-0.2664273881833241
-0.26670347874102707
-0.26697956929872996
-0.2672556598564329
-0.2675317504141358
-0.26780784097183874
-0.26808393152954163
-0.2683600220872446
-0.2686361126449475
-0.26891220320265047
-0.26918829376035336
-0.2694643843180563
-0.26974047487575925
-0.27001656543346214
-0.2702926559911651
-0.270568746548868
-0.2708448371065709
-0.2711209276642738
-0.2713970182219768
-0.2716731087796797
-0.27194919933738265
-0.27222528989508554
-0.2725013804527885
-0.27277747101049143
-0.2730535615681943
-0.27332965212589727
-0.27360574268360016
-0.27388183324130316
-0.27415792379900605
-0.274434014356709
-0.2810601877415792
-0.28133627829928215
-0.2816123688569851
-0.2829928216454997
-0.2832689122032026
-0.28354500276090555
-0.28382109331860844
-0.2840971838763114
-0.28437327443401433
-0.2846493649917172
-0.28492545554942017
-0.28520154610712306
-0.28547763666482606
-0.285753727222529
-0.2860298177802319
-0.28630590833793484
-0.28658199889563774
-0.2868580894533407
-0.29431253451131967
-0.2945886250690226
-0.2948647156267255
-0.29514080618442845
-0.29541689674213134
-0.29569298729983434
-0.2959690778575373
-0.2962451684152402
-0.2965212589729431
-0.296797349530646
-0.29707344008834896
-0.2987299834345665
-0.2990060739922694
-0.29928216454997236
-0.2998343456653782
-0.30011043622308115
-0.30038652678078404
-0.300662617338487
-0.3009387078961899
-0.3012147984538929
-0.3014908890115958
-0.3017669795692987
-0.30204307012700166
-0.30231916068470455
-0.3025952512424075
-0.30287134180011044
-0.30314743235781333
-0.3034235229155163
-0.30369961347321917
-0.3039757040309221
-0.304251794588625
-0.30452788514632795
-0.3048039757040309
-0.30535615681943673
-0.3056322473771396
-0.3059083379348426
-0.30618442849254557
-0.30646051905024846
-0.3067366096079514
-0.32164549972390943
-0.3384870237437879
-0.33876311430149086
-0.3390392048591938
-0.3393152954168967
-0.3487023743787962
-0.3691330756488128
-0.3694091662065157
-0.36968525676421865
-0.36996134732192154
-0.3702374378796245
-0.3705135284373274
-0.3707896189950303
-0.37106570955273327
-0.3716178906681391
-0.371893981225842
-0.37217007178354494
-0.3724461623412479
-0.3785201546107123
-0.3787962451684152
-0.48094975151849806
-0.48122584207620095
-0.4815019326339039
-0.48177802319160684
-0.4837106570955273
-0.4839867476532302
-0.48426283821093313
-0.503589177250138
-0.5038652678078409
-0.5041413583655439
-0.5044174489232468
-0.514908890115958
-0.5151849806736609
-0.5154610712313639
-0.5157371617890667
-0.5160132523467696
-0.5162893429044726
-0.5165654334621755
-0.5168415240198785
-0.5171176145775814
-0.5173937051352844
-0.5176697956929873
-0.5179458862506902
-0.5182219768083931
-0.518498067366096
-0.518774157923799
-0.5190502484815019
-0.5193263390392048
-0.5196024295969077
-0.5198785201546107
-0.5201546107123136
-0.5204307012700164
-0.5207067918277194
-0.5218111540585312
-0.5220872446162341
-0.5223633351739371
-0.5226394257316399
-0.5229155162893429
-0.5231916068470458
-0.5234676974047487
-0.5237437879624517
-0.5240198785201545
-0.5242959690778575
-0.5245720596355604
-0.5248481501932634
-0.5325786858089453
-0.5328547763666482
-0.5331308669243512
-0.5334069574820541
-0.533683048039757
-0.5397570403092213
-0.5400331308669243
-0.5403092214246272
-0.5405853119823302
-0.5408614025400331
-0.541137493097736
-0.5414135836554389
-0.5416896742131418
-0.5419657647708448
-0.5422418553285476
-0.5425179458862507
-0.544726670347874
-0.545002760905577
-0.5452788514632799
-0.5455549420209829
-0.5458310325786857
-0.5461071231363887
-0.5463832136940916
-0.5466593042517945
-0.5469353948094975
-0.5472114853672003
-0.5474875759249034
-0.5477636664826063
-0.5480397570403092
-0.5483158475980121
-0.548591938155715
-0.548868028713418
-0.5491441192711208
-0.5494202098288238
-0.5496963003865267
-0.5499723909442297
-0.5502484815019326
-0.5505245720596355
-0.5508006626173384
-0.5510767531750413
-0.5513528437327443
-0.5516289342904472
-0.5519050248481501
-0.552181115405853
-0.552457205963556
-0.5527332965212589
-0.5530093870789619
-0.5654334621755935
-0.5657095527332965
-0.5659856432909994
-0.5665378244064052
-0.5676421866372169
-0.5681943677526228
-0.5684704583103257
-0.5687465488680287
-0.5690226394257315
-0.5692987299834344
-0.5695748205411374
-0.5698509110988403
-0.5701270016565433
-0.5704030922142461
-0.5706791827719492
-0.5709552733296521
-0.5717835450027609
-0.5720596355604638
-0.5723357261181667
-0.5726118166758697
-0.5728879072335726
-0.5731639977912755
-0.5734400883489784
-0.574820541137493
-0.575096631695196
-0.5753727222528989
-0.5756488128106019
-0.5759249033683047
-0.5762009939260077
-0.5784097183876311
-0.578685808945334
-0.5789618995030369
-0.5792379900607398
-0.5795140806184428
-0.5842076200993925
-0.5844837106570955
-0.5847598012147984
-0.5850358917725014
-0.5853119823302043
-0.5855880728879072
-0.5858641634456101
-0.586140254003313
-0.586416344561016
-0.5866924351187188
-0.5869685256764218
-0.5872446162341247
-0.5875207067918277
-0.5877967973495306
-0.5880728879072334
-0.5883489784649364
-0.5886250690226393
-0.5889011595803423
-0.5891772501380452
-0.5894533406957481
-0.589729431253451
-0.590005521811154
-0.5902816123688569
-0.5905577029265598
-0.5908337934842627
-0.5911098840419656
-0.5913859745996687
-0.616510215350635
-0.6167863059083378
-0.620099392600773
-0.6203754831584759
-0.6206515737161789
-0.6209276642738817
-0.6212037548315846
-0.6214798453892876
-0.6217559359469905
-0.6220320265046936
-0.6223081170623964
-0.6225842076200994
-0.6228602981778023
-0.6231363887355053
-0.6361126449475427
-0.6363887355052457
-0.6366648260629486
-0.6369409166206516
-0.6372170071783544
-0.6374930977360573
-0.6474323578133627
-0.6477084483710657
-0.6479845389287686
-0.6482606294864715
-0.6485367200441744
-0.6488128106018773
-0.6490889011595803
-0.6493649917172832
-0.6496410822749861
-0.649917172832689
-0.010491441192711207
-0.010767531750414134
-0.18691330756488128
-0.1871893981225842
-0.18746548868028712
-0.18774157923799004
-0.18801766979569295
-0.18995030369961347
-0.19022639425731638
-0.1905024848150193
-0.19464384318056321
-0.19491993373826613
-0.19519602429596905
-0.195472114853672
-0.19574820541137491
-0.19602429596907783
-0.19630038652678075
-0.19657647708448367
-0.19712865819988956
-0.1976808393152954
-0.19795692987299832
-0.19850911098840418
-0.1987852015461071
-0.19906129210381002
-0.19933738266151296
-0.19961347321921588
-0.19988956377691883
-0.20016565433462175
-0.20044174489232466
-0.20071783545002758
-0.2009939260077305
-0.20237437879624515
-0.2026504693539481
-0.20651573716178903
-0.20679182771949195
-0.20706791827719492
-0.20734400883489784
-0.20762009939260076
-0.20789618995030368
-0.20955273329652124
-0.2098288238542242
-0.2101049144119271
-0.21038100496963003
-0.21065709552733294
-0.21093318608503586
-0.21120927664273878
-0.21148536720044173
-0.21176145775814464
-0.21203754831584756
-0.2123136388735505
-0.21258972943125343
-0.214246272777471
-0.2145223633351739
-0.21479845389287686
-0.21507454445057977
-0.2153506350082827
-0.21562672556598564
-0.21949199337382658
-0.21976808393152952
-0.22004417448923247
-0.2203202650469354
-0.2205963556046383
-0.22087244616234122
-0.22114853672004414
-0.2214246272777471
-0.22170071783545
-0.22197680839315292
-0.22225289895085584
-0.2225289895085588
-0.22280508006626173
-0.22308117062396465
-0.22335726118166757
-0.2236333517393705
-0.2239094422970734
-0.22418553285477633
-0.22446162341247927
-0.2247377139701822
-0.22501380452788514
-0.23550524572059633
-0.23716178906681387
-0.23743787962451682
-0.23771397018221974
-0.23799006073992268
-0.2382661512976256
-0.24019878520154608
-0.24130314743235778
-0.2432357813362783
-0.2435118718939812
-0.24489232468249583
-0.24516841524019875
-0.24820541137493096
-0.24848150193263388
-0.24875759249033683
-0.24903368304803974
-0.24930977360574266
-0.24958586416344558
-0.25345113197128655
-0.2537272225289895
-0.25400331308669244
-0.25427940364439533
-0.2545554942020983
-0.25483158475980117
-0.25786858089453335
-0.2581446714522363
-0.2586968525676422
-0.2589729431253451
-0.259249033683048
-0.25952512424075097
-0.25980121479845386
-0.2600773053561568
-0.2603533959138597
-0.26062948647156264
-0.2609055770292656
-0.26118166758696854
-0.2614577581446714
-0.26173384870237437
-0.26200993926007726
-0.2622860298177802
-0.26256212037548315
-0.26283821093318605
-0.263114301490889
-0.2633903920485919
-0.2642186637217007
-0.2644947542794036
-0.26477084483710656
-0.26587520706791823
-0.2661512976256212
-0.2664273881833241
-0.26670347874102707
-0.26697956929872996
-0.2672556598564329
-0.2675317504141358
-0.26780784097183874
-0.26808393152954163
-0.2683600220872446
-0.2686361126449475
-0.26891220320265047
-0.2694643843180563
-0.26974047487575925
-0.27001656543346214
-0.2708448371065709
-0.2711209276642738
-0.2713970182219768
-0.2716731087796797
-0.27194919933738265
-0.27222528989508554
-0.2725013804527885
-0.27277747101049143
-0.2730535615681943
-0.27332965212589727
-0.27360574268360016
-0.27388183324130316
-0.27415792379900605
-0.274434014356709
-0.2758144671452236
-0.2760905577029265
-0.27636664826062945
-0.2766427388183324
-0.27691882937603535
-0.27719491993373824
-0.2774710104914412
-0.2777471010491441
-0.278023191606847
-0.2782992821645499
-0.27857537272225286
-0.2788514632799558
-0.27912755383765875
-0.27940364439536164
-0.2796797349530646
-0.27995582551076753
-0.2802319160684704
-0.28050800662617337
-0.28078409718387626
-0.2810601877415792
-0.28133627829928215
-0.2816123688569851
-0.281888459414688
-0.28216454997239093
-0.2824406405300938
-0.28271673108779677
-0.2829928216454997
-0.2832689122032026
-0.28354500276090555
-0.28382109331860844
-0.2840971838763114
-0.28437327443401433
-0.2846493649917172
-0.28492545554942017
-0.28520154610712306
-0.28547763666482606
-0.285753727222529
-0.2860298177802319
-0.28630590833793484
-0.28658199889563774
-0.2868580894533407
-0.2871341800110436
-0.2874102705687465
-0.28768636112644946
-0.28796245168415235
-0.2882385422418553
-0.2965212589729431
-0.296797349530646
-0.30011043622308115
-0.30038652678078404
-0.300662617338487
-0.3009387078961899
-0.3012147984538929
-0.3014908890115958
-0.3017669795692987
-0.30204307012700166
-0.30231916068470455
-0.3025952512424075
-0.30287134180011044
-0.30314743235781333
-0.3034235229155163
-0.30369961347321917
-0.3039757040309221
-0.304251794588625
-0.30452788514632795
-0.3048039757040309
-0.3050800662617338
-0.30535615681943673
-0.3083931529541689
-0.30977360574268353
-0.3128106018774158
-0.3285477636664826
-0.32882385422418553
-0.3290999447818884
-0.32937603533959137
-0.32965212589729426
-0.3299282164549972
-0.3302043070127001
-0.33048039757040304
-0.330756488128106
-0.3310325786858089
-0.3313086692435118
-0.345665378244064
-0.3459414688017669
-0.364439536167863
-0.36471562672556596
-0.3649917172832689
-0.3652678078409718
-0.36554389839867474
-0.36581998895637763
-0.3660960795140806
-0.3663721700717835
-0.3666482606294864
-0.36692435118718936
-0.36720044174489225
-0.3674765323025952
-0.36830480397570403
-0.3685808945334069
-0.36885698509110987
-0.3691330756488128
-0.36996134732192154
-0.3702374378796245
-0.3705135284373274
-0.3707896189950303
-0.37106570955273327
-0.37134180011043616
-0.3746548868028713
-0.3765875207067918
-0.3768636112644947
-0.4135836554389839
-0.4138597459966869
-0.41413583655438985
-0.41441192711209274
-0.4146880176697957
-0.4149641082274986
-0.4152401987852015
-0.41551628934290447
-0.41579237990060736
-0.4160684704583103
-0.4163445610160132
-0.41662065157371614
-0.4168967421314191
-0.417172832689122
-0.4174489232468249
-0.4177250138045278
-0.41800110436223076
-0.4182771949199337
-0.4185532854776366
-0.41882937603533954
-0.4191054665930425
-0.41938155715074543
-0.4196576477084484
-0.41993373826615127
-0.4202098288238542
-0.4204859193815571
-0.42076200993926005
-0.421038100496963
-0.4213141910546659
-0.42159028161236883
-0.4218663721700717
-0.42214246272777467
-0.42241855328547756
-0.4588625069022639
-0.4591385974599668
-0.4594146880176697
-0.45969077857537266
-0.45996686913307555
-0.46024295969077855
-0.4605190502484815
-0.4607951408061844
-0.4663169519602429
-0.47183876311430145
-0.4721148536720044
-0.4723909442297073
-0.47266703478741023
-0.4729431253451132
-0.47321921590281607
-0.473495306460519
-0.4737713970182219
-0.47404748757592485
-0.47432357813362774
-0.4745996686913307
-0.47487575924903364
-0.4751518498067365
-0.47542794036443947
-0.4757040309221425
-0.47598012147984536
-0.4762562120375483
-0.4765323025952512
-0.47680839315295415
-0.47708448371065704
-0.47901711761457755
-0.47929320817228044
-0.4795692987299834
-0.4798453892876863
-0.4801214798453892
-0.48039757040309217
-0.545002760905577
-0.5452788514632799
-0.5455549420209829
-0.5458310325786857
-0.5461071231363887
-0.5463832136940916
-0.5698509110988403
-0.5701270016565433
-0.5704030922142461
-0.5706791827719492
-0.5709552733296521
-0.5712313638873551
-0.571507454445058
-0.5717835450027609
-0.5720596355604638
-0.5723357261181667
-0.5726118166758697
-0.5728879072335726
-0.5731639977912755
-0.5734400883489784
-0.5737161789066814
-0.5739922694643843
-0.5742683600220873
-0.5745444505797901
-0.574820541137493
-0.575096631695196
-0.5753727222528989
-0.5756488128106019
-0.5759249033683047
-0.5762009939260077
-0.5764770844837106
-0.5767531750414135
-0.5770292655991165
-0.5773053561568193
-0.5775814467145223
-0.5778575372722252
-0.5781336278299282
-0.5784097183876311
-0.578685808945334
-0.5789618995030369
-0.5792379900607398
-0.5831032578685809
-0.5833793484262838
-0.5836554389839868
-0.5839315295416897
-0.5842076200993925
-0.5844837106570955
-0.5847598012147984
-0.5850358917725014
-0.5853119823302043
-0.5855880728879072
-0.5858641634456101
-0.586140254003313
-0.586416344561016
-0.011043622308117063
-0.011595803423522915
-0.1717283268912203
-0.18774157923799004
-0.18801766979569295
-0.18912203202650468
-0.1893981225842076
-0.18967421314191055
-0.19630038652678075
-0.19795692987299832
-0.19823302043070123
-0.19850911098840418
-0.19961347321921588
-0.20209828823854223
-0.20872446162341246
-0.20900055218111538
-0.21093318608503586
-0.21120927664273878
-0.21148536720044173
-0.21176145775814464
-0.21203754831584756
-0.2123136388735505
-0.21258972943125343
-0.21369409166206513
-0.21397018221976805
-0.214246272777471
-0.2145223633351739
-0.21479845389287686
-0.2164549972390944
-0.2167310877967973
-0.21700717835450023
-0.2172832689122032
-0.21755935946990612
-0.21783545002760904
-0.21811154058531196
-0.24102705687465487
-0.24130314743235778
-0.24157923799006073
-0.24710104914411923
-0.25648812810601873
-0.2567642186637217
-0.2573163997791275
-0.25759249033683046
-0.25786858089453335
-0.2581446714522363
-0.25842076200993924
-0.2586968525676422
-0.2589729431253451
-0.259249033683048
-0.25952512424075097
-0.25980121479845386
-0.2600773053561568
-0.2603533959138597
-0.2609055770292656
-0.2614577581446714
-0.26173384870237437
-0.26200993926007726
-0.2622860298177802
-0.26256212037548315
-0.26283821093318605
-0.2642186637217007
-0.2644947542794036
-0.26477084483710656
-0.26559911651021534
-0.26587520706791823
-0.2661512976256212
-0.2664273881833241
-0.26670347874102707
-0.26697956929872996
-0.2672556598564329
-0.2675317504141358
-0.26780784097183874
-0.26808393152954163
-0.2683600220872446
-0.2686361126449475
-0.26891220320265047
-0.26918829376035336
-0.2694643843180563
-0.26974047487575925
-0.27001656543346214
-0.2702926559911651
-0.270568746548868
-0.2708448371065709
-0.2711209276642738
-0.2713970182219768
-0.2716731087796797
-0.27194919933738265
-0.27222528989508554
-0.2725013804527885
-0.27277747101049143
-0.2730535615681943
-0.27332965212589727
-0.27360574268360016
-0.27388183324130316
-0.27415792379900605
-0.274434014356709
-0.2747101049144119
-0.27498619547211484
-0.2752622860298177
-0.2755383765875207
-0.2758144671452236
-0.2760905577029265
-0.27636664826062945
-0.2766427388183324
-0.27691882937603535
-0.27719491993373824
-0.2774710104914412
-0.2777471010491441
-0.278023191606847
-0.2810601877415792
-0.28133627829928215
-0.2816123688569851
-0.281888459414688
-0.28216454997239093
-0.2824406405300938
-0.28271673108779677
-0.2829928216454997
-0.2832689122032026
-0.28354500276090555
-0.28382109331860844
-0.2840971838763114
-0.28437327443401433
-0.2846493649917172
-0.28492545554942017
-0.28520154610712306
-0.28547763666482606
-0.285753727222529
-0.2860298177802319
-0.28630590833793484
-0.28658199889563774
-0.2868580894533407
-0.2871341800110436
-0.2874102705687465
-0.28768636112644946
-0.28796245168415235
-0.2882385422418553
-0.28851463279955825
-0.28879072335726114
-0.2890668139149641
-0.30314743235781333
-0.30369961347321917
-0.3039757040309221
-0.304251794588625
-0.30452788514632795
-0.3048039757040309
-0.3050800662617338
-0.30535615681943673
-0.3056322473771396
-0.3059083379348426
-0.30728879072335724
-0.3075648812810602
-0.3078409718387631
-0.30949751518498064
-0.30977360574268353
-0.3100496963003865
-0.3103257868580894
-0.3106018774157923
-0.31087796797349526
-0.3111540585311982
-0.31143014908890115
-0.3117062396466041
-0.3125345113197128
-0.3128106018774158
-0.3550524572059635
-0.35532854776366646
-0.35560463832136935
-0.3558807288790723
-0.3561568194367752
-0.35643290999447813
-0.3567090005521811
-0.35698509110988397
-0.36554389839867474
-0.36581998895637763
-0.3660960795140806
-0.3663721700717835
-0.3677526228602982
-0.3680287134180011
-0.36830480397570403
-0.4119271120927664
-0.4122032026504693
-0.4124792932081722
-0.4127553837658752
-0.41303147432357806
-0.413307564881281
-0.4135836554389839
-0.4138597459966869
-0.41413583655438985
-0.41441192711209274
-0.4146880176697957
-0.4149641082274986
-0.4152401987852015
-0.41551628934290447
-0.417172832689122
-0.4174489232468249
-0.4177250138045278
-0.41800110436223076
-0.4182771949199337
-0.4185532854776366
-0.41882937603533954
-0.4191054665930425
-0.41938155715074543
-0.4196576477084484
-0.41993373826615127
-0.4202098288238542
-0.4204859193815571
-0.42076200993926005
-0.421038100496963
-0.4213141910546659
-0.42159028161236883
-0.4218663721700717
-0.42214246272777467
-0.42241855328547756
-0.4806736609607951
-0.48094975151849806
-0.5784097183876311
-0.578685808945334
-0.5789618995030369
-0.5792379900607398
-0.5847598012147984
-0.0052457205963556035
-0.005521811154058531
-0.012424075096631694
-0.18442849254555493
-0.18691330756488128
-0.1871893981225842
-0.18746548868028712
-0.18774157923799004
-0.18801766979569295
-0.1882937603533959
-0.18856985091109882
-0.18884594146880174
-0.18912203202650468
-0.19630038652678075
-0.19657647708448367
-0.19685256764218664
-0.19712865819988956
-0.19740474875759248
-0.1976808393152954
-0.19795692987299832
-0.19850911098840418
-0.19906129210381002
-0.19933738266151296
-0.19961347321921588
-0.19988956377691883
-0.20154610712313636
-0.2026504693539481
-0.202926559911651
-0.20320265046935393
-0.20347874102705685
-0.20375483158475977
-0.20403092214246268
-0.20430701270016563
-0.20458310325786858
-0.2048591938155715
-0.2051352843732744
-0.20762009939260076
-0.20789618995030368
-0.2081722805080066
-0.2101049144119271
-0.21038100496963003
-0.21093318608503586
-0.21148536720044173
-0.21176145775814464
-0.21258972943125343
-0.2145223633351739
-0.21479845389287686
-0.21507454445057977
-0.2153506350082827
-0.21562672556598564
-0.21590281612368856
-0.21617890668139148
-0.2164549972390944
-0.2167310877967973
-0.21700717835450023
-0.2172832689122032
-0.21755935946990612
-0.21783545002760904
-0.21811154058531196
-0.21838763114301488
-0.21866372170071782
-0.21893981225842074
-0.25317504141358366
-0.25345113197128655
-0.2537272225289895
-0.25400331308669244
-0.25427940364439533
-0.2545554942020983
-0.25483158475980117
-0.2581446714522363
-0.25842076200993924
-0.2586968525676422
-0.2589729431253451
-0.26504693539480945
-0.2653230259525124
-0.26559911651021534
-0.26587520706791823
-0.2661512976256212
-0.26697956929872996
-0.2672556598564329
-0.2675317504141358
-0.26780784097183874
-0.26808393152954163
-0.2683600220872446
-0.2686361126449475
-0.26891220320265047
-0.26918829376035336
-0.2694643843180563
-0.26974047487575925
-0.27001656543346214
-0.2702926559911651
-0.270568746548868
-0.2708448371065709
-0.2711209276642738
-0.2713970182219768
-0.2716731087796797
-0.27194919933738265
-0.27222528989508554
-0.2725013804527885
-0.27277747101049143
-0.2730535615681943
-0.27332965212589727
-0.2758144671452236
-0.2760905577029265
-0.27636664826062945
-0.27691882937603535
-0.27719491993373824
-0.289342904472667
-0.29265599116510216
-0.29293208172280505
-0.293208172280508
-0.2940364439536167
-0.2945886250690226
-0.2948647156267255
-0.29790171176145774
-0.29817780231916063
-0.2984538928768636
-0.2987299834345665
-0.2990060739922694
-0.35643290999447813
-0.3567090005521811
-0.35698509110988397
-0.35726118166758697
-0.3575372722252899
-0.3578133627829928
-0.35808945334069575
-0.35836554389839864
-0.3586416344561016
-0.3589177250138045
-0.3591938155715074
-0.35946990612921037
-0.36692435118718936
-0.3674765323025952
-0.3707896189950303
-0.37134180011043616
-0.4066813914964108
-0.4069574820541137
-0.40723357261181664
-0.40750966316951953
-0.4077857537272225
-0.40806184428492537
-0.4083379348426283
-0.40861402540033126
-0.4088901159580342
-0.40916620651573715
-0.409718387631143
-0.40999447818884593
-0.4102705687465488
-0.41054665930425177
