0.23828023828023825
0.24423724423724422
0.2577052577052577
0.2729862729862729
0.36026936026936024
0.36052836052836046
0.36182336182336183
0.36208236208236205
0.3623413623413623
0.41206941206941206
0.4123284123284123
0.41258741258741255
0.41284641284641277
0.4156954156954156
0.4159544159544159
0.42268842268842266
0.43330743330743327
0.43563843563843563
0.4369334369334369
0.43719243719243717
0.4602434602434602
0.46050246050246046
0.4607614607614607
0.46102046102046096
0.4913234913234913
0.4915824915824915
0.4918414918414918
0.49210049210049206
0.49235949235949233
0.49261849261849255
0.49287749287749283
0.4931364931364931
0.4933954933954934
0.4936544936544936
0.4939134939134939
0.49469049469049464
0.4949494949494949
0.49520849520849514
0.4962444962444962
0.49676249676249673
0.49702149702149695
0.4972804972804972
0.4977984977984978
0.498057498057498
0.49831649831649827
0.5009065009065008
0.5923335923335923
0.5925925925925924
0.5928515928515927
0.6806526806526807
0.252007252007252
0.25226625226625227
0.3633773633773633
0.3636363636363636
0.36389536389536387
0.36441336441336436
0.3649313649313649
0.4097384097384097
0.40999740999740997
0.4136234136234136
0.4138824138824138
0.41414141414141414
0.4159544159544159
0.4162134162134162
0.42320642320642315
0.42346542346542343
0.4237244237244237
0.423983423983424
0.4257964257964258
0.426055426055426
0.4265734265734265
0.4268324268324268
0.42709142709142706
0.42735042735042733
0.42760942760942755
0.4278684278684278
0.43356643356643354
0.43382543382543376
0.43408443408443403
0.43434343434343425
0.4351204351204351
0.4387464387464387
0.439005439005439
0.4739704739704739
0.4931364931364931
0.4933954933954934
0.4936544936544936
0.4939134939134939
0.4941724941724941
0.4944314944314944
0.49469049469049464
0.49520849520849514
0.4954674954674954
0.4957264957264957
0.4959854959854959
0.4962444962444962
0.49650349650349646
0.49676249676249673
0.4972804972804972
0.4977984977984978
0.498057498057498
0.49831649831649827
0.49857549857549854
0.4988344988344988
0.49909349909349904
0.6674436674436673
0.7606837606837606
0.7609427609427608
0.35612535612535606
0.3563843563843564
0.3566433566433566
0.3569023569023569
0.3571613571613571
0.3613053613053613
0.3615643615643615
0.36182336182336183
0.36208236208236205
0.3623413623413623
0.36260036260036255
0.3628593628593628
0.3631183631183631
0.3633773633773633
0.3636363636363636
0.36389536389536387
0.36415436415436414
0.3649313649313649
0.3651903651903652
0.3965293965293965
0.3967883967883967
0.39704739704739705
0.3973063973063973
0.39756539756539755
0.39782439782439777
0.39808339808339804
0.4154364154364154
0.4198394198394198
0.42009842009842
0.4219114219114219
0.4221704221704221
0.4224294224294224
0.4265734265734265
0.42709142709142706
0.4309764309764309
0.43330743330743327
0.43356643356643354
0.43382543382543376
0.43408443408443403
0.43434343434343425
0.4346024346024346
0.4348614348614348
0.4351204351204351
0.43563843563843563
0.43848743848743843
0.4387464387464387
0.439005439005439
0.4395234395234395
0.4405594405594405
0.4408184408184408
0.44107744107744107
0.4742294742294742
0.47500647500647497
0.47526547526547525
0.47578347578347574
0.4825174825174825
0.4827764827764827
0.483035483035483
0.4832944832944832
0.48355348355348354
0.4845894845894846
0.4853664853664853
0.48562548562548563
0.48588448588448585
0.4861434861434861
0.48640248640248634
0.48666148666148656
0.4869204869204869
0.4876974876974876
0.49080549080549074
0.4962444962444962
0.498057498057498
0.49831649831649827
0.4988344988344988
0.49909349909349904
0.5708365708365708
0.6335146335146334
0.6342916342916343
0.6345506345506345
0.6348096348096347
0.635068635068635
0.6353276353276353
0.6355866355866355
0.6358456358456358
0.6361046361046361
0.6366226366226365
0.6368816368816368
0.6371406371406371
0.6373996373996373
0.6376586376586375
0.7619787619787619
0.7622377622377622
0.9554519554519554
0.9564879564879565
0.14555814555814553
0.3372183372183372
0.35379435379435376
0.354053354053354
0.3543123543123543
0.3545713545713545
0.3548303548303548
0.355089355089355
0.35534835534835535
0.35560735560735557
0.3566433566433566
0.3613053613053613
0.3615643615643615
0.36182336182336183
0.36208236208236205
0.3623413623413623
0.36260036260036255
0.36389536389536387
0.36415436415436414
0.36441336441336436
0.36467236467236464
0.3649313649313649
0.3651903651903652
0.39704739704739705
0.3973063973063973
0.39989639989639986
0.4027454027454027
0.4151774151774152
0.42061642061642057
0.4268324268324268
0.42709142709142706
0.4307174307174307
0.4325304325304325
0.43278943278943277
0.433048433048433
0.43330743330743327
0.43356643356643354
0.43382543382543376
0.43408443408443403
0.44237244237244233
0.44263144263144255
0.4428904428904429
0.4431494431494431
0.4434084434084434
0.4436674436674436
0.448070448070448
0.4483294483294483
0.44858844858844854
0.4667184667184667
0.46697746697746695
0.468013468013468
0.4682724682724682
0.46853146853146854
0.46879046879046876
0.47552447552447547
0.47578347578347574
0.476042476042476
0.4763014763014763
0.4786324786324786
0.4788914788914788
0.4791504791504791
0.47940947940947937
0.47966847966847964
0.4807044807044807
0.4809634809634809
0.483035483035483
0.4832944832944832
0.48433048433048426
0.4845894845894846
0.4861434861434861
0.4975394975394975
0.4977984977984978
0.635068635068635
0.6353276353276353
0.6355866355866355
0.6358456358456358
0.6361046361046361
0.6363636363636364
0.6366226366226365
0.6368816368816368
0.6371406371406371
0.6373996373996373
0.6376586376586375
0.6379176379176379
0.6835016835016835
0.6837606837606837
0.6840196840196839
0.6858326858326858
0.7055167055167054
0.7270137270137269
0.7272727272727272
0.7275317275317275
0.7277907277907277
0.728049728049728
0.7283087283087283
0.7404817404817403
0.7407407407407407
0.7534317534317534
0.7536907536907537
0.7539497539497539
0.7542087542087541
0.7544677544677544
0.7547267547267547
0.7549857549857549
0.7552447552447551
0.7567987567987567
0.7570577570577569
0.7575757575757576
0.758093758093758
0.7604247604247604
0.7606837606837606
0.7609427609427608
0.7612017612017611
0.7614607614607614
0.7617197617197616
0.7619787619787619
0.7622377622377622
0.7630147630147629
0.7632737632737632
0.7635327635327634
0.7808857808857808
0.7811447811447811
0.8067858067858068
0.807044807044807
0.8073038073038072
0.8821548821548821
0.8824138824138823
0.8826728826728826
0.8829318829318828
0.883967883967884
0.8842268842268841
0.8844858844858844
0.8852628852628851
0.3587153587153587
0.3589743589743589
0.3592333592333592
0.36052836052836046
0.361046361046361
0.3613053613053613
0.41284641284641277
0.41465941465941464
0.41491841491841486
0.4151774151774152
0.4154364154364154
0.4156954156954156
0.4159544159544159
0.4162134162134162
0.41647241647241645
0.41673141673141667
0.41699041699041695
0.41724941724941716
0.4175084175084175
0.4177674177674177
0.418026418026418
0.4203574203574203
0.4216524216524216
0.4219114219114219
0.4221704221704221
0.42268842268842266
0.42294742294742294
0.4325304325304325
0.43278943278943277
0.433048433048433
0.468013468013468
0.4682724682724682
0.46853146853146854
0.46879046879046876
0.469049469049469
0.4695674695674695
0.4698264698264698
0.47008547008547
0.4724164724164724
0.4726754726754726
0.4905464905464905
0.49210049210049206
0.49235949235949233
0.49261849261849255
0.49287749287749283
0.4931364931364931
0.49909349909349904
0.4993524993524993
0.5003885003885004
0.5006475006475006
0.5009065009065008
0.5011655011655012
0.5014245014245013
0.5016835016835016
0.5019425019425019
0.5177415177415177
0.5180005180005179
0.5317275317275317
0.5319865319865319
0.5322455322455322
0.6371406371406371
0.6373996373996373
0.6376586376586375
0.6379176379176379
0.6381766381766382
0.6384356384356384
0.6679616679616679
0.6682206682206682
0.6684796684796684
0.6687386687386687
0.6814296814296814
0.6822066822066821
0.6824656824656824
0.6827246827246826
0.6977466977466977
0.7065527065527065
0.7122507122507121
0.7125097125097124
0.7262367262367262
0.7264957264957265
0.7267547267547266
0.7270137270137269
0.7272727272727272
0.7275317275317275
0.7277907277907277
0.728049728049728
0.7283087283087283
0.7301217301217301
0.7389277389277389
0.7397047397047396
0.7443667443667442
0.746956746956747
0.749028749028749
0.7492877492877492
0.7495467495467495
0.7498057498057498
0.75006475006475
0.7503237503237502
0.7526547526547526
0.7529137529137528
0.753172753172753
0.7534317534317534
0.7536907536907537
0.7539497539497539
0.7542087542087541
0.7544677544677544
0.7547267547267547
0.7549857549857549
0.7552447552447551
0.7555037555037555
0.7557627557627558
0.7560217560217559
0.7562807562807562
0.7565397565397565
0.7567987567987567
0.7573167573167572
0.7575757575757576
0.7578347578347578
0.758093758093758
0.7583527583527583
0.7586117586117586
0.7588707588707588
0.759129759129759
0.7593887593887593
0.7596477596477595
0.7599067599067599
0.7601657601657601
0.7604247604247604
0.7606837606837606
0.7609427609427608
0.7612017612017611
0.7614607614607614
0.7617197617197616
0.7619787619787619
0.7622377622377622
0.7624967624967625
0.7635327635327634
0.764050764050764
0.7643097643097643
0.778036778036778
0.7803677803677803
0.7806267806267805
0.7808857808857808
0.8054908054908054
0.8057498057498057
0.8060088060088059
0.8062678062678061
0.8065268065268064
0.8199948199948199
0.35016835016835013
0.3504273504273504
0.3737373737373737
0.37710437710437705
0.37736337736337733
0.4156954156954156
0.4159544159544159
0.4162134162134162
0.4177674177674177
0.418026418026418
0.47940947940947937
0.47966847966847964
0.47992747992747986
0.48018648018648014
0.4804454804454804
0.4807044807044807
0.4809634809634809
0.4812224812224812
0.48148148148148145
0.48225848225848217
0.4832944832944832
0.48355348355348354
0.48381248381248376
0.4975394975394975
0.4977984977984978
0.498057498057498
0.4993524993524993
0.4996114996114996
0.4998704998704998
0.5154105154105154
0.5156695156695156
0.52007252007252
0.5312095312095312
0.5314685314685315
0.5317275317275317
0.5319865319865319
0.5322455322455322
0.5325045325045324
0.5327635327635327
0.5332815332815333
0.5335405335405335
0.5337995337995338
0.5700595700595701
0.5703185703185703
0.6190106190106189
0.6203056203056202
0.6205646205646205
0.6208236208236209
0.621082621082621
0.6213416213416213
0.6216006216006216
0.6218596218596218
0.622118622118622
0.6223776223776223
0.6244496244496244
0.6267806267806267
0.6317016317016317
0.655011655011655
0.6671846671846671
0.6674436674436673
0.6677026677026676
0.6679616679616679
0.6682206682206682
0.6684796684796684
0.6687386687386687
0.6796166796166796
0.6798756798756798
0.68013468013468
0.6803936803936803
0.6809116809116809
0.6811706811706811
0.6814296814296814
0.6816886816886816
0.6819476819476818
0.6835016835016835
0.6837606837606837
0.6840196840196839
0.6842786842786842
0.6845376845376845
0.6847966847966847
0.685055685055685
0.6853146853146853
0.6855736855736855
0.6863506863506863
0.6866096866096865
0.6868686868686867
0.6871276871276871
0.6873866873866874
0.6876456876456876
0.6879046879046878
0.6881636881636881
0.6884226884226884
0.6886816886816886
0.6889406889406888
0.6891996891996892
0.6894586894586895
0.6897176897176897
0.6899766899766899
0.6902356902356902
0.6904946904946904
0.6912716912716913
0.6915306915306915
0.6938616938616938
0.7068117068117068
0.7114737114737114
0.7117327117327117
0.7119917119917119
0.7122507122507121
0.7125097125097124
0.7127687127687128
0.713027713027713
0.7132867132867132
0.7135457135457135
0.7138047138047138
0.7140637140637139
0.7143227143227142
0.7145817145817145
0.722092722092722
0.7223517223517223
0.7226107226107226
0.7228697228697227
0.723128723128723
0.7233877233877234
0.7236467236467237
0.7239057239057238
0.7241647241647241
0.7244237244237244
0.7246827246827247
0.7249417249417248
0.7275317275317275
0.7277907277907277
0.728049728049728
0.7283087283087283
0.7285677285677286
0.7288267288267287
0.729085729085729
0.7296037296037294
0.7298627298627298
0.7301217301217301
0.7308987308987308
0.7316757316757315
0.7386687386687386
0.7389277389277389
0.7394457394457393
0.7397047397047396
0.7399637399637399
0.7402227402227401
0.7404817404817403
0.7407407407407407
0.740999740999741
0.7412587412587412
0.7415177415177414
0.7536907536907537
0.7539497539497539
0.7542087542087541
0.7544677544677544
0.7547267547267547
0.7549857549857549
0.7552447552447551
0.7555037555037555
0.7557627557627558
0.7560217560217559
0.7562807562807562
0.7565397565397565
0.7567987567987567
0.7570577570577569
0.7573167573167572
0.7575757575757576
0.7578347578347578
0.758093758093758
0.7583527583527583
0.7586117586117586
0.7588707588707588
0.759129759129759
0.7593887593887593
0.7596477596477595
0.7599067599067599
0.7601657601657601
0.7604247604247604
0.7606837606837606
0.7612017612017611
0.7614607614607614
0.7617197617197616
0.7619787619787619
0.7622377622377622
0.7624967624967625
0.7627557627557627
0.7630147630147629
0.7632737632737632
0.7637917637917637
0.764050764050764
0.777000777000777
0.7772597772597772
0.7775187775187775
0.7777777777777777
0.778036778036778
0.7782957782957782
0.7785547785547784
0.7788137788137787
0.779072779072779
0.7793317793317793
0.7795907795907795
0.7798497798497798
0.7806267806267805
0.7829577829577828
0.7850297850297849
0.7852887852887853
0.8044548044548043
0.8047138047138047
0.8049728049728049
0.8052318052318052
0.8054908054908054
0.8057498057498057
0.8060088060088059
0.8316498316498315
0.8319088319088318
0.8321678321678321
0.8339808339808339
0.8689458689458689
0.8692048692048692
0.21263921263921262
0.26599326599326595
0.31416731416731414
0.34990934990934985
0.35016835016835013
0.3545713545713545
0.35586635586635584
0.41906241906241903
0.47966847966847964
0.47992747992747986
0.4804454804454804
0.4807044807044807
0.4809634809634809
0.4812224812224812
0.48199948199948195
0.4869204869204869
0.48821548821548816
0.48847448847448843
0.49831649831649827
0.49857549857549854
0.4988344988344988
0.49909349909349904
0.4993524993524993
0.5133385133385133
0.5135975135975135
0.5138565138565138
0.514115514115514
0.5249935249935249
0.5291375291375291
0.5301735301735302
0.5304325304325304
0.5317275317275317
0.5319865319865319
0.5322455322455322
0.5936285936285935
0.6208236208236209
0.621082621082621
0.6213416213416213
0.6231546231546231
0.6262626262626262
0.6373996373996373
0.6570836570836571
0.6573426573426573
0.6576016576016576
0.6578606578606578
0.6581196581196581
0.6583786583786583
0.6586376586376586
0.6588966588966588
0.659155659155659
0.6594146594146594
0.6596736596736597
0.6599326599326599
0.6601916601916601
0.662004662004662
0.6622636622636622
0.6635586635586636
0.6638176638176638
0.664076664076664
0.6674436674436673
0.6677026677026676
0.6679616679616679
0.6682206682206682
0.6684796684796684
0.6687386687386687
0.6689976689976689
0.6692566692566692
0.6695156695156694
0.6697746697746697
0.67003367003367
0.6702926702926703
0.6765086765086765
0.6767676767676767
0.677026677026677
0.6772856772856772
0.6775446775446775
0.6778036778036777
0.678062678062678
0.6783216783216782
0.6785806785806786
0.6788396788396788
0.679098679098679
0.6793576793576793
0.6796166796166796
0.6798756798756798
0.68013468013468
0.6803936803936803
0.6806526806526807
0.6809116809116809
0.6822066822066821
0.6824656824656824
0.6827246827246826
0.682983682983683
0.6832426832426832
0.6840196840196839
0.6842786842786842
0.6845376845376845
0.685055685055685
0.6915306915306915
0.6917896917896917
0.692048692048692
0.6923076923076923
0.6925666925666925
0.6928256928256927
0.693084693084693
0.6933436933436933
0.6987826987826987
0.699041699041699
0.6993006993006992
0.6995596995596994
0.6998186998186997
0.7000777000777001
0.7003367003367003
0.7005957005957005
0.7008547008547008
0.7011137011137011
0.7013727013727012
0.7016317016317015
0.7018907018907018
0.7024087024087023
0.7026677026677026
0.7029267029267029
0.7031857031857031
0.7042217042217042
0.7044807044807044
0.7073297073297072
0.7094017094017093
0.7096607096607096
0.7099197099197099
0.71017871017871
0.7104377104377103
0.713027713027713
0.7132867132867132
0.7135457135457135
0.7138047138047138
0.7140637140637139
0.7143227143227142
0.7145817145817145
0.7148407148407149
0.715099715099715
0.7153587153587153
0.7156177156177156
0.7158767158767159
0.716135716135716
0.7163947163947163
0.7166537166537166
0.7169127169127167
0.7207977207977206
0.7210567210567209
0.7213157213157213
0.7215747215747216
0.7218337218337217
0.722092722092722
0.7223517223517223
0.7257187257187256
0.7259777259777259
0.7262367262367262
0.7264957264957265
0.7267547267547266
0.7270137270137269
0.7272727272727272
0.7275317275317275
0.7277907277907277
0.728049728049728
0.7283087283087283
0.7285677285677286
0.7288267288267287
0.729085729085729
0.7293447293447293
0.7296037296037294
0.7298627298627298
0.7301217301217301
0.7303807303807304
0.7306397306397305
0.7308987308987308
0.7311577311577311
0.7314167314167314
0.7316757316757315
0.7319347319347319
0.7321937321937322
0.7324527324527325
0.7327117327117326
0.7329707329707329
0.7332297332297332
0.7334887334887334
0.7337477337477336
0.7340067340067339
0.7342657342657343
0.7425537425537424
0.7428127428127428
0.7430717430717431
0.7433307433307432
0.7435897435897435
0.7438487438487438
0.744107744107744
0.7443667443667442
0.7544677544677544
0.7547267547267547
0.7549857549857549
0.7552447552447551
0.7555037555037555
0.7557627557627558
0.7560217560217559
0.7562807562807562
0.7565397565397565
0.7567987567987567
0.7570577570577569
0.7573167573167572
0.7575757575757576
0.7578347578347578
0.758093758093758
0.7583527583527583
0.7586117586117586
0.7588707588707588
0.759129759129759
0.7619787619787619
0.7622377622377622
0.7624967624967625
0.777000777000777
0.7772597772597772
0.7775187775187775
0.7777777777777777
0.778036778036778
0.7782957782957782
0.7785547785547784
0.7788137788137787
0.779072779072779
0.7793317793317793
0.7795907795907795
0.7798497798497798
0.78010878010878
0.7803677803677803
0.7806267806267805
0.7808857808857808
0.7811447811447811
0.7814037814037814
0.7816627816627816
0.7819217819217819
0.7821807821807821
0.7824397824397823
0.7826987826987826
0.7865837865837865
0.7868427868427867
0.787101787101787
0.7873607873607872
0.7876197876197876
0.7878787878787878
0.7881377881377881
0.7883967883967883
0.7886557886557886
0.7889147889147888
0.7891737891737891
0.7894327894327893
0.7896917896917897
0.7899507899507899
0.7902097902097902
0.7904687904687904
0.7907277907277906
0.7909867909867909
0.7912457912457911
0.7915047915047914
0.7917637917637917
0.792022792022792
0.7922817922817922
0.7925407925407925
0.7927997927997927
0.793058793058793
0.7933177933177932
0.7935767935767934
0.7938357938357937
0.7940947940947941
0.7943537943537943
0.7946127946127945
0.7997927997927997
0.8000518000518
0.8003108003108002
0.804195804195804
0.8044548044548043
0.8047138047138047
0.8049728049728049
0.8052318052318052
0.8054908054908054
0.8057498057498057
0.8060088060088059
0.8062678062678061
0.8065268065268064
0.8106708106708106
0.8109298109298108
0.8111888111888111
0.8114478114478114
0.8117068117068117
0.8262108262108262
0.8264698264698265
0.8267288267288266
0.8298368298368297
0.8699818699818699
0.8702408702408702
0.8704998704998704
0.8707588707588706
0.871017871017871
0.9279979279979279
0.9577829577829576
0.9580419580419579
0.2121212121212121
0.22274022274022273
0.22636622636622636
0.28360528360528353
0.28386428386428386
0.28619528619528617
0.29940429940429936
0.29966329966329963
0.2999222999222999
0.31364931364931364
0.38591038591038584
0.41129241129241123
0.4807044807044807
0.4848484848484848
0.4853664853664853
0.48588448588448585
0.4861434861434861
0.4876974876974876
0.48873348873348865
0.488992488992489
0.4892514892514892
0.4895104895104895
0.4897694897694897
0.49002849002849
0.49028749028749025
0.49210049210049206
0.4939134939134939
0.4977984977984978
0.5236985236985237
0.5291375291375291
0.5462315462315462
0.5464905464905465
0.5467495467495467
0.547008547008547
0.5472675472675472
0.5607355607355606
0.576016576016576
0.5928515928515927
0.5931105931105931
0.5933695933695934
0.6130536130536131
0.6133126133126132
0.6135716135716135
0.6138306138306138
0.6143486143486142
0.6146076146076146
0.6213416213416213
0.622118622118622
0.6223776223776223
0.6226366226366226
0.622895622895623
0.6366226366226365
0.6368816368816368
0.6371406371406371
0.6373996373996373
0.6376586376586375
0.6379176379176379
0.6381766381766382
0.6384356384356384
0.6386946386946386
0.6389536389536389
0.6392126392126392
0.6609686609686609
0.6612276612276611
0.6614866614866615
0.6617456617456617
0.662004662004662
0.6622636622636622
0.6625226625226625
0.6627816627816627
0.6630406630406629
0.6632996632996632
0.6635586635586636
0.6638176638176638
0.664076664076664
0.6643356643356643
0.6645946645946645
0.6648536648536648
0.665112665112665
0.6653716653716653
0.6656306656306655
0.6658896658896659
0.6661486661486661
0.6664076664076664
0.6666666666666666
0.6669256669256669
0.6671846671846671
0.6674436674436673
0.6695156695156694
0.6697746697746697
0.67003367003367
0.6702926702926703
0.6705516705516705
0.6708106708106708
0.671069671069671
0.6713286713286712
0.6715876715876715
0.6718466718466718
0.672105672105672
0.6723646723646723
0.6726236726236726
0.6728826728826728
0.6731416731416731
0.6734006734006733
0.6736596736596736
0.6739186739186738
0.674177674177674
0.6744366744366744
0.6746956746956747
0.6814296814296814
0.6819476819476818
0.6822066822066821
0.6824656824656824
0.6835016835016835
0.6837606837606837
0.685055685055685
0.6871276871276871
0.708106708106708
0.7083657083657082
0.7132867132867132
0.7135457135457135
0.7138047138047138
0.7140637140637139
0.7143227143227142
0.7145817145817145
0.7148407148407149
0.715099715099715
0.7153587153587153
0.7156177156177156
0.7158767158767159
0.716135716135716
0.7163947163947163
0.7166537166537166
0.7169127169127167
0.7171717171717171
0.7174307174307174
0.7176897176897177
0.7179487179487178
0.7296037296037294
0.7298627298627298
0.7301217301217301
0.7303807303807304
0.7438487438487438
0.744107744107744
0.7443667443667442
0.7446257446257445
0.7448847448847449
0.7454027454027453
0.7565397565397565
0.7567987567987567
0.7570577570577569
0.7573167573167572
0.7575757575757576
0.7578347578347578
0.7744107744107743
0.7746697746697745
0.7749287749287749
0.7751877751877752
0.7754467754467754
0.7757057757057756
0.7759647759647759
0.7762237762237761
0.7764827764827764
0.7767417767417766
0.777000777000777
0.7772597772597772
0.7775187775187775
0.7777777777777777
0.778036778036778
0.7782957782957782
0.7785547785547784
0.7788137788137787
0.779072779072779
0.7793317793317793
0.7795907795907795
0.7798497798497798
0.78010878010878
0.7803677803677803
0.7806267806267805
0.7808857808857808
0.7811447811447811
0.7814037814037814
0.7816627816627816
0.7819217819217819
0.7821807821807821
0.7824397824397823
0.7826987826987826
0.7829577829577828
0.7850297850297849
0.7878787878787878
0.7881377881377881
0.7883967883967883
0.7899507899507899
0.7902097902097902
0.7904687904687904
0.7907277907277906
0.7909867909867909
0.7912457912457911
0.7915047915047914
0.7917637917637917
0.7922817922817922
0.7925407925407925
0.7927997927997927
0.793058793058793
0.7933177933177932
0.7935767935767934
0.7938357938357937
0.7940947940947941
0.7943537943537943
0.7946127946127945
0.7948717948717948
0.7951307951307951
0.7953897953897953
0.7956487956487955
0.7959077959077958
0.7961667961667961
0.7972027972027971
0.7974617974617974
0.7977207977207976
0.7979797979797979
0.7982387982387982
0.7984977984977984
0.7987567987567987
0.799015799015799
0.7992747992747992
0.804195804195804
0.8044548044548043
0.8047138047138047
0.8049728049728049
0.8054908054908054
0.8057498057498057
0.8060088060088059
0.8062678062678061
0.8148148148148147
0.8166278166278166
0.8168868168868167
0.823102823102823
0.8251748251748251
0.8256928256928255
0.8259518259518259
0.8262108262108262
0.8313908313908313
0.8559958559958559
0.8583268583268583
0.8824138824138823
0.9575239575239575
0.15306915306915303
0.1585081585081585
0.15876715876715874
0.1686091686091686
0.2108262108262108
0.21108521108521106
0.21704221704221702
0.2217042217042217
0.22196322196322193
0.2222222222222222
0.22248122248122246
0.22558922558922556
0.22584822584822584
0.22610722610722608
0.22636622636622636
0.23465423465423463
0.2691012691012691
0.2735042735042735
0.27376327376327375
0.29888629888629886
0.29914529914529914
0.29940429940429936
0.34757834757834755
0.3478373478373478
0.40300440300440293
0.4084434084434084
0.4087024087024087
0.4089614089614089
0.4092204092204092
0.4094794094794094
0.4853664853664853
0.48562548562548563
0.4871794871794871
0.4874384874384874
0.4897694897694897
0.49002849002849
0.5104895104895104
0.526029526029526
0.5397565397565397
0.54001554001554
0.5402745402745402
0.5439005439005439
0.5472675472675472
0.5475265475265475
0.5477855477855477
0.556073556073556
0.5563325563325563
0.5565915565915565
0.5568505568505568
0.5571095571095571
0.5573685573685573
0.5576275576275576
0.5607355607355606
0.560994560994561
0.5925925925925924
0.5928515928515927
0.5931105931105931
0.5933695933695934
0.5936285936285935
0.5938875938875938
0.6001036001036001
0.6003626003626004
0.6006216006216005
0.6130536130536131
0.6133126133126132
0.6135716135716135
0.6138306138306138
0.6363636363636364
0.6366226366226365
0.6368816368816368
0.6371406371406371
0.6376586376586375
0.6379176379176379
0.6381766381766382
0.6384356384356384
0.6386946386946386
0.6635586635586636
0.6638176638176638
0.664076664076664
0.6643356643356643
0.6645946645946645
0.6648536648536648
0.665112665112665
0.6653716653716653
0.6656306656306655
0.6658896658896659
0.6661486661486661
0.6664076664076664
0.6666666666666666
0.6669256669256669
0.6708106708106708
0.671069671069671
0.6713286713286712
0.6731416731416731
0.6734006734006733
0.6736596736596736
0.6739186739186738
0.674177674177674
0.7145817145817145
0.7148407148407149
0.716135716135716
0.7163947163947163
0.7806267806267805
0.7808857808857808
0.7837347837347837
0.8505568505568505
0.8508158508158508
0.8515928515928516
0.8818958818958819
0.8826728826728826
0.9577829577829576
0.9580419580419579
0.959077959077959
0.9593369593369593
0.19735819735819732
0.19787619787619784
0.19813519813519812
0.21626521626521625
0.2165242165242165
0.21678321678321677
0.21704221704221702
0.2173012173012173
0.22066822066822064
0.22092722092722092
0.22196322196322193
0.2222222222222222
0.22274022274022273
0.22429422429422427
0.22455322455322452
0.2248122248122248
0.22507122507122504
0.22610722610722608
0.22636622636622636
0.2266252266252266
0.22688422688422688
0.22714322714322713
0.2274022274022274
0.22766122766122762
0.22843822843822842
0.22869722869722867
0.22895622895622894
0.2297332297332297
0.22999222999222999
0.23076923076923075
0.2323232323232323
0.23258223258223254
0.23284123284123281
0.23361823361823358
0.23698523698523696
0.2631442631442631
0.26340326340326337
0.26366226366226364
0.26392126392126386
0.26418026418026413
0.2644392644392644
0.26573426573426573
0.26806526806526804
0.27946127946127947
0.2797202797202797
0.27997927997927996
0.37684537684537683
0.3802123802123802
0.39057239057239057
0.3908313908313908
0.39238539238539233
0.39264439264439266
0.3929033929033929
0.39549339549339546
0.3957523957523957
0.396011396011396
0.39627039627039623
0.3965293965293965
0.39704739704739705
0.3973063973063973
0.39756539756539755
0.4027454027454027
0.48795648795648794
0.49028749028749025
0.49469049469049464
0.4949494949494949
0.526029526029526
0.5262885262885262
0.5581455581455581
0.5584045584045583
0.5586635586635585
0.5589225589225589
0.5602175602175602
0.5604765604765604
0.5607355607355606
0.560994560994561
0.5612535612535613
0.5615125615125615
0.5617715617715617
0.562030562030562
0.6384356384356384
0.7153587153587153
0.7156177156177156
0.7795907795907795
0.7798497798497798
0.78010878010878
0.7803677803677803
0.9598549598549597
0.96011396011396
0.0725200725200725
0.07277907277907276
0.0777000777000777
0.07873607873607873
0.08054908054908055
0.08080808080808079
0.08158508158508157
0.08184408184408183
0.08210308210308209
0.08236208236208235
0.22015022015022012
0.2204092204092204
0.22066822066822064
0.22092722092722092
0.22118622118622117
0.22144522144522144
0.2217042217042217
0.2349132349132349
0.23646723646723647
0.23879823879823878
0.23957523957523955
0.23983423983423982
0.24087024087024086
0.5514115514115514
0.5516705516705516
0.5519295519295518
0.5521885521885521
0.562030562030562
0.5622895622895622
0.5625485625485624
0.5628075628075627
0.5630665630665631
0.5633255633255633
0.5635845635845635
0.5638435638435638
0.5641025641025641
0.5643615643615643
0.5646205646205645
0.5648795648795648
0.5651385651385651
0.5653975653975654
0.5656565656565656
0.5659155659155659
0.5661745661745661
-0.07899507899507899
-0.07925407925407925
-0.07951307951307951
-0.07977207977207977
-0.08003108003108003
-0.08029008029008029
-0.08054908054908055
-0.08080808080808079
-0.08158508158508157
-0.08184408184408183
-0.21911421911421908
-0.21937321937321935
-0.2196322196322196
-0.21989121989121987
-0.2204092204092204
-0.22066822066822064
-0.22092722092722092
-0.22118622118622117
-0.238021238021238
-0.23828023828023825
-0.2385392385392385
-0.23879823879823878
-0.23905723905723902
-0.2393162393162393
-0.23957523957523955
-0.24216524216524213
-0.5508935508935509
-0.5511525511525511
-0.5514115514115514
-0.5516705516705516
-0.5519295519295518
-0.5521885521885521
-0.5524475524475525
-0.562030562030562
-0.5622895622895622
-0.5625485625485624
-0.5628075628075627
-0.5630665630665631
-0.5633255633255633
-0.5635845635845635
-0.5638435638435638
-0.5641025641025641
-0.5643615643615643
-0.5646205646205645
-0.5648795648795648
-0.5651385651385651
-0.5653975653975654
-0.5656565656565656
-0.1722351722351722
-0.17249417249417248
-0.17275317275317273
-0.173012173012173
-0.1748251748251748
-0.17508417508417506
-0.1753431753431753
-0.1756021756021756
-0.17586117586117583
-0.1761201761201761
-0.17637917637917636
-0.17663817663817663
-0.17689717689717688
-0.17715617715617715
-0.1774151774151774
-0.17767417767417767
-0.2165242165242165
-0.21756021756021754
-0.21781921781921781
-0.21807821807821806
-0.21833721833721834
-0.21859621859621858
-0.21885521885521883
-0.21911421911421908
-0.21937321937321935
-0.2196322196322196
-0.21989121989121987
-0.22015022015022012
-0.2204092204092204
-0.22066822066822064
-0.22092722092722092
-0.22118622118622117
-0.22144522144522144
-0.2217042217042217
-0.22196322196322193
-0.2222222222222222
-0.22248122248122246
-0.22274022274022273
-0.22299922299922298
-0.22325822325822323
-0.22351722351722347
-0.22377622377622375
-0.224035224035224
-0.22429422429422427
-0.22455322455322452
-0.2248122248122248
-0.22507122507122504
-0.22533022533022531
-0.22558922558922556
-0.22584822584822584
-0.22610722610722608
-0.22636622636622636
-0.2266252266252266
-0.22688422688422688
-0.22714322714322713
-0.2274022274022274
-0.22766122766122762
-0.2279202279202279
-0.22817922817922814
-0.22843822843822842
-0.22869722869722867
-0.22895622895622894
-0.2292152292152292
-0.22947422947422946
-0.2297332297332297
-0.22999222999222999
-0.23025123025123023
-0.23051023051023048
-0.23076923076923075
-0.23128723128723128
-0.23284123284123281
-0.23310023310023306
-0.23335923335923334
-0.23361823361823358
-0.2341362341362341
-0.23594923594923595
-0.2362082362082362
-0.23646723646723647
-0.2367262367262367
-0.24527324527324526
-0.25537425537425534
-0.2556332556332556
-0.25718725718725716
-0.25744625744625743
-0.2579642579642579
-0.2582232582232582
-0.2587412587412587
-0.5495985495985495
-0.5498575498575498
-0.55011655011655
-0.5503755503755504
-0.5506345506345506
-0.556073556073556
-0.5563325563325563
-0.5565915565915565
-0.5568505568505568
-0.5571095571095571
-0.5573685573685573
-0.5576275576275576
-0.5578865578865578
-0.5581455581455581
-0.5584045584045583
-0.5586635586635585
-0.5589225589225589
-0.5591815591815592
-0.5594405594405594
-0.5596995596995596
-0.5599585599585599
-0.5602175602175602
-0.5604765604765604
-0.5607355607355606
-0.560994560994561
-0.562030562030562
-0.5622895622895622
-0.5625485625485624
-0.5628075628075627
-0.5630665630665631
-0.5633255633255633
-0.5635845635845635
-0.5638435638435638
-0.5641025641025641
-0.5643615643615643
-0.5646205646205645
-0.5648795648795648
-0.5651385651385651
-0.004662004662004661
-0.2128982128982129
-0.21937321937321935
-0.2196322196322196
-0.21989121989121987
-0.22015022015022012
-0.2204092204092204
-0.22066822066822064
-0.22092722092722092
-0.22118622118622117
-0.22144522144522144
-0.2217042217042217
-0.22196322196322193
-0.2222222222222222
-0.22248122248122246
-0.22274022274022273
-0.22299922299922298
-0.22325822325822323
-0.22351722351722347
-0.22377622377622375
-0.224035224035224
-0.22429422429422427
-0.22455322455322452
-0.2248122248122248
-0.22507122507122504
-0.22533022533022531
-0.22584822584822584
-0.22610722610722608
-0.22636622636622636
-0.2266252266252266
-0.22688422688422688
-0.22714322714322713
-0.2274022274022274
-0.22766122766122762
-0.2279202279202279
-0.22999222999222999
-0.23051023051023048
-0.23076923076923075
-0.231028231028231
-0.23128723128723128
-0.23154623154623152
-0.2318052318052318
-0.23335923335923334
-0.2341362341362341
-0.23439523439523438
-0.23465423465423463
-0.2349132349132349
-0.23517223517223515
-0.23543123543123542
-0.23569023569023567
-0.23594923594923595
-0.2512302512302512
-0.25148925148925144
-0.25485625485625485
-0.25511525511525507
-0.25537425537425534
-0.2561512561512561
-0.2564102564102564
-0.25666925666925666
-0.2577052577052577
-0.29267029267029265
-0.29318829318829315
-0.2934472934472934
-0.3040663040663041
-0.3043253043253043
-0.35560735560735557
-0.35586635586635584
-0.4786324786324786
-0.4788914788914788
-0.4791504791504791
-0.47940947940947937
-0.47966847966847964
-0.47992747992747986
-0.48018648018648014
-0.4807044807044807
-0.4809634809634809
-0.4812224812224812
-0.48148148148148145
-0.48174048174048173
-0.48199948199948195
-0.48225848225848217
-0.4825174825174825
-0.4827764827764827
-0.491064491064491
-0.5180005180005179
-0.5182595182595182
-0.5185185185185185
-0.5187775187775188
-0.5190365190365189
-0.5192955192955193
-0.5195545195545195
-0.5198135198135198
-0.52007252007252
-0.5488215488215488
-0.5495985495985495
-0.5498575498575498
-0.55011655011655
-0.5503755503755504
-0.5506345506345506
-0.5508935508935509
-0.5511525511525511
-0.5529655529655529
-0.5532245532245532
-0.5534835534835534
-0.5537425537425537
-0.5540015540015539
-0.5542605542605542
-0.5545195545195544
-0.5547785547785548
-0.555037555037555
-0.5552965552965553
-0.5555555555555555
-0.5558145558145557
-0.556073556073556
-0.5563325563325563
-0.5565915565915565
-0.5568505568505568
-0.5571095571095571
-0.560994560994561
-0.5612535612535613
-0.5615125615125615
-0.5617715617715617
-0.5879305879305878
-0.5881895881895881
-0.5884485884485884
-0.5887075887075885
-0.5889665889665889
-0.5892255892255892
-0.5894845894845895
-0.5897435897435896
-0.5900025900025899
-0.5902615902615902
-0.5905205905205905
-0.8484848484848484
-0.8490028490028488
-0.8492618492618491
-0.8495208495208495
-0.21911421911421908
-0.2196322196322196
-0.21989121989121987
-0.22015022015022012
-0.2204092204092204
-0.22066822066822064
-0.22092722092722092
-0.22196322196322193
-0.2222222222222222
-0.22248122248122246
-0.22274022274022273
-0.22299922299922298
-0.22325822325822323
-0.22351722351722347
-0.22377622377622375
-0.224035224035224
-0.22429422429422427
-0.22455322455322452
-0.22610722610722608
-0.22636622636622636
-0.22688422688422688
-0.22714322714322713
-0.2274022274022274
-0.22766122766122762
-0.2279202279202279
-0.2297332297332297
-0.22999222999222999
-0.23025123025123023
-0.23051023051023048
-0.23076923076923075
-0.23128723128723128
-0.23154623154623152
-0.2318052318052318
-0.23206423206423205
-0.2323232323232323
-0.23258223258223254
-0.23284123284123281
-0.23310023310023306
-0.23465423465423463
-0.2499352499352499
-0.2501942501942502
-0.2504532504532504
-0.2507122507122507
-0.25097125097125095
-0.2512302512302512
-0.2543382543382543
-0.2545972545972546
-0.25485625485625485
-0.25589225589225584
-0.2561512561512561
-0.2564102564102564
-0.25666925666925666
-0.2577052577052577
-0.30380730380730375
-0.3040663040663041
-0.311059311059311
-0.3113183113183113
-0.35534835534835535
-0.35560735560735557
-0.47811447811447805
-0.4783734783734783
-0.4786324786324786
-0.4788914788914788
-0.4791504791504791
-0.47940947940947937
-0.47966847966847964
-0.47992747992747986
-0.4804454804454804
-0.4807044807044807
-0.4809634809634809
-0.4812224812224812
-0.48148148148148145
-0.48174048174048173
-0.48199948199948195
-0.48225848225848217
-0.5172235172235172
-0.5174825174825174
-0.5177415177415177
-0.5180005180005179
-0.5182595182595182
-0.5185185185185185
-0.5187775187775188
-0.5190365190365189
-0.5192955192955193
-0.5195545195545195
-0.5475265475265475
-0.5480445480445479
-0.5495985495985495
-0.5498575498575498
-0.55011655011655
-0.5503755503755504
-0.5532245532245532
-0.5534835534835534
-0.5537425537425537
-0.5540015540015539
-0.5542605542605542
-0.5602175602175602
-0.5604765604765604
-0.5607355607355606
-0.560994560994561
-0.5612535612535613
-0.5876715876715877
-0.5879305879305878
-0.5881895881895881
-0.5884485884485884
-0.5887075887075885
-0.5889665889665889
-0.5892255892255892
-0.5894845894845895
-0.5897435897435896
-0.8474488474488474
-0.8477078477078477
-0.847966847966848
-0.8482258482258481
-0.8484848484848484
-0.8487438487438487
-0.8490028490028488
-0.8492618492618491
-0.8495208495208495
-0.13001813001813
-0.13027713027713025
-0.13053613053613053
-0.13157213157213155
-0.13183113183113182
-0.13209013209013207
-0.2525252525252525
-0.2533022533022533
-0.25666925666925666
-0.2569282569282569
-0.25977725977725974
-0.27169127169127166
-0.27195027195027194
-0.2722092722092722
-0.2955192955192955
-0.2981092981092981
-0.29914529914529914
-0.29940429940429936
-0.29966329966329963
-0.2999222999222999
-0.3001813001813002
-0.3004403004403004
-0.3006993006993006
-0.30095830095830095
-0.30121730121730117
-0.30147630147630144
-0.30173530173530166
-0.301994301994302
-0.30587930587930584
-0.3069153069153069
-0.3071743071743071
-0.30743330743330743
-0.30769230769230765
-0.30795130795130793
-0.30821030821030815
-0.3084693084693085
-0.3087283087283087
-0.32297332297332293
-0.32323232323232315
-0.3234913234913235
-0.3237503237503237
-0.324009324009324
-0.3242683242683242
-0.3245273245273245
-0.41077441077441074
-0.47759647759647755
-0.4778554778554778
-0.47811447811447805
-0.48355348355348354
-0.48381248381248376
-0.48407148407148404
-0.491064491064491
-0.4913234913234913
-0.4915824915824915
-0.4918414918414918
-0.49210049210049206
-0.49235949235949233
-0.49261849261849255
-0.49287749287749283
-0.4931364931364931
-0.4936544936544936
-0.4939134939134939
-0.4941724941724941
-0.4944314944314944
-0.49469049469049464
-0.4949494949494949
-0.49520849520849514
-0.4954674954674954
-0.4957264957264957
-0.5009065009065008
-0.5151515151515151
-0.5154105154105154
-0.5156695156695156
-0.5159285159285159
-0.52007252007252
-0.5275835275835276
-0.5278425278425277
-0.5405335405335405
-0.5428645428645428
-0.543123543123543
-0.5433825433825433
-0.5436415436415436
-0.5439005439005439
-0.5534835534835534
-0.5687645687645687
-0.5729085729085729
-0.573167573167573
-0.5754985754985754
-0.5949235949235948
-0.5951825951825952
-0.6581196581196581
-0.6583786583786583
-0.6586376586376586
-0.6588966588966588
-0.659155659155659
-0.6594146594146594
-0.6596736596736597
-0.6599326599326599
-0.6601916601916601
-0.6607096607096606
-0.6609686609686609
-0.6612276612276611
-0.6614866614866615
-0.6617456617456617
-0.662004662004662
-0.6622636622636622
-0.6625226625226625
-0.6627816627816627
-0.6630406630406629
-0.6632996632996632
-0.6653716653716653
-0.6656306656306655
-0.6658896658896659
-0.6661486661486661
-0.6664076664076664
-0.6666666666666666
-0.6669256669256669
-0.6671846671846671
-0.6674436674436673
-0.6677026677026676
-0.6679616679616679
-0.6682206682206682
-0.6684796684796684
-0.8256928256928255
-0.8259518259518259
-0.8262108262108262
-0.8264698264698265
-0.8267288267288266
-0.8269878269878269
-0.8381248381248381
-0.8440818440818441
-0.8448588448588448
-0.8451178451178449
-0.8453768453768453
-0.8456358456358456
-0.8458948458948459
-0.13209013209013207
-0.13234913234913234
-0.13778813778813778
-0.20668220668220666
-0.2069412069412069
-0.20823620823620823
-0.23828023828023825
-0.2385392385392385
-0.23879823879823878
-0.23905723905723902
-0.2486402486402486
-0.2488992488992489
-0.2556332556332556
-0.25589225589225584
-0.2561512561512561
-0.2569282569282569
-0.25951825951825946
-0.29448329448329447
-0.29474229474229474
-0.29500129500129496
-0.29526029526029524
-0.2955192955192955
-0.29914529914529914
-0.29940429940429936
-0.29966329966329963
-0.2999222999222999
-0.3084693084693085
-0.3087283087283087
-0.308987308987309
-0.32090132090132084
-0.32116032116032117
-0.3214193214193214
-0.32167832167832167
-0.3219373219373219
-0.3221963221963222
-0.32245532245532244
-0.32271432271432265
-0.32297332297332293
-0.32323232323232315
-0.3234913234913235
-0.3237503237503237
-0.324009324009324
-0.34990934990934985
-0.4011914011914011
-0.4154364154364154
-0.4156954156954156
-0.4159544159544159
-0.41647241647241645
-0.41673141673141667
-0.41699041699041695
-0.41724941724941716
-0.4175084175084175
-0.4783734783734783
-0.4931364931364931
-0.4933954933954934
-0.49469049469049464
-0.49520849520849514
-0.4954674954674954
-0.4957264957264957
-0.4959854959854959
-0.5001295001295001
-0.5247345247345248
-0.5249935249935249
-0.5252525252525252
-0.5255115255115255
-0.5257705257705257
-0.526029526029526
-0.5262885262885262
-0.5286195286195285
-0.5288785288785288
-0.5291375291375291
-0.5293965293965294
-0.5296555296555296
-0.5299145299145298
-0.5304325304325304
-0.5306915306915306
-0.5309505309505308
-0.5312095312095312
-0.5397565397565397
-0.5423465423465423
-0.5674695674695674
-0.5677285677285677
-0.567987567987568
-0.5682465682465682
-0.5685055685055684
-0.5687645687645687
-0.569023569023569
-0.5692825692825692
-0.5884485884485884
-0.5887075887075885
-0.5889665889665889
-0.6555296555296555
-0.6557886557886557
-0.656047656047656
-0.6563066563066562
-0.6565656565656565
-0.6568246568246567
-0.6570836570836571
-0.6573426573426573
-0.6576016576016576
-0.6578606578606578
-0.6581196581196581
-0.6583786583786583
-0.6586376586376586
-0.659155659155659
-0.6601916601916601
-0.6604506604506604
-0.6607096607096606
-0.6609686609686609
-0.6612276612276611
-0.6614866614866615
-0.6617456617456617
-0.662004662004662
-0.6622636622636622
-0.6625226625226625
-0.6645946645946645
-0.6648536648536648
-0.665112665112665
-0.6661486661486661
-0.6664076664076664
-0.6666666666666666
-0.6669256669256669
-0.6671846671846671
-0.6674436674436673
-0.6679616679616679
-0.6682206682206682
-0.6684796684796684
-0.7868427868427867
-0.8249158249158248
-0.8251748251748251
-0.8254338254338254
-0.8256928256928255
-0.8259518259518259
-0.8262108262108262
-0.8264698264698265
-0.8267288267288266
-0.8269878269878269
-0.8272468272468272
-0.8443408443408442
-0.8445998445998445
-0.23076923076923075
-0.231028231028231
-0.2318052318052318
-0.23206423206423205
-0.2323232323232323
-0.23361823361823358
-0.23387723387723386
-0.2341362341362341
-0.23439523439523438
-0.23465423465423463
-0.2349132349132349
-0.23517223517223515
-0.23543123543123542
-0.23594923594923595
-0.25304325304325304
-0.2533022533022533
-0.3004403004403004
-0.3006993006993006
-0.3333333333333333
-0.3372183372183372
-0.33747733747733744
-0.3377363377363377
-0.33799533799533793
-0.33825433825433826
-0.34006734006734
-0.34032634032634035
-0.34058534058534057
-0.3408443408443408
-0.34110334110334106
-0.3413623413623413
-0.3416213416213416
-0.3429163429163429
-0.34317534317534315
-0.34343434343434337
-0.3436933436933437
-0.34472934472934474
-0.34498834498834496
-0.3462833462833462
-0.3465423465423465
-0.3468013468013468
-0.34706034706034705
-0.34731934731934727
-0.34757834757834755
-0.3522403522403522
-0.3524993524993525
-0.3527583527583527
-0.353017353017353
-0.35327635327635326
-0.35353535353535354
-0.35379435379435376
-0.354053354053354
-0.3592333592333592
-0.3594923594923594
-0.35975135975135974
-0.36001036001035996
-0.36026936026936024
-0.36052836052836046
-0.3607873607873608
-0.361046361046361
-0.3631183631183631
-0.3763273763273763
-0.3765863765863765
-0.3908313908313908
-0.39808339808339804
-0.3983423983423983
-0.39860139860139854
-0.3988603988603988
-0.3991193991193991
-0.39937839937839936
-0.3996373996373996
-0.39989639989639986
-0.4001554001554001
-0.4004144004144004
-0.4006734006734006
-0.4009324009324009
-0.40378140378140376
-0.404040404040404
-0.40429940429940425
-0.4045584045584045
-0.40559440559440557
-0.40585340585340585
-0.40611240611240607
-0.40637140637140634
-0.4066304066304066
-0.40688940688940683
-0.4071484071484071
-0.40740740740740733
-0.40766640766640766
-0.4079254079254079
-0.4094794094794094
-0.4097384097384097
-0.40999740999740997
-0.41025641025641024
-0.41051541051541046
-0.41077441077441074
-0.411033411033411
-0.41129241129241123
-0.4118104118104117
-0.41206941206941206
-0.4123284123284123
-0.41258741258741255
-0.41284641284641277
-0.4131054131054131
-0.4133644133644133
-0.4136234136234136
-0.4138824138824138
-0.41414141414141414
-0.41440041440041436
-0.41491841491841486
-0.4151774151774152
-0.4154364154364154
-0.4156954156954156
-0.4203574203574203
-0.42061642061642057
-0.42087542087542085
-0.4278684278684278
-0.4281274281274281
-0.4786324786324786
-0.4788914788914788
-0.4791504791504791
-0.47940947940947937
-0.4913234913234913
-0.4915824915824915
-0.4918414918414918
-0.49210049210049206
-0.49235949235949233
-0.49261849261849255
-0.49287749287749283
-0.4931364931364931
-0.4936544936544936
-0.4939134939134939
-0.4941724941724941
-0.4944314944314944
-0.498057498057498
-0.49831649831649827
-0.5047915047915047
-0.505050505050505
-0.5053095053095052
-0.5055685055685055
-0.5058275058275058
-0.5060865060865061
-0.5063455063455062
-0.5066045066045066
-0.5068635068635068
-0.5071225071225071
-0.5073815073815073
-0.5076405076405076
-0.5102305102305101
-0.5104895104895104
-0.5107485107485107
-0.5249935249935249
-0.5252525252525252
-0.5255115255115255
-0.5257705257705257
-0.526029526029526
-0.5262885262885262
-0.5265475265475265
-0.5268065268065267
-0.527065527065527
-0.5273245273245273
-0.5278425278425277
-0.5281015281015281
-0.5283605283605283
-0.5286195286195285
-0.5288785288785288
-0.5291375291375291
-0.5293965293965294
-0.5296555296555296
-0.5299145299145298
-0.5301735301735302
-0.5304325304325304
-0.5306915306915306
-0.5309505309505308
-0.5312095312095312
-0.5319865319865319
-0.5322455322455322
-0.5325045325045324
-0.5327635327635327
-0.5330225330225329
-0.5332815332815333
-0.5335405335405335
-0.5345765345765345
-0.5449365449365449
-0.5451955451955451
-0.5454545454545454
-0.5457135457135456
-0.5459725459725459
-0.5472675472675472
-0.5659155659155659
-0.5661745661745661
-0.5664335664335663
-0.5666925666925666
-0.5669515669515669
-0.5674695674695674
-0.5677285677285677
-0.567987567987568
-0.5682465682465682
-0.5685055685055684
-0.5687645687645687
-0.569023569023569
-0.5692825692825692
-0.5695415695415695
-0.5700595700595701
-0.5726495726495726
-0.5747215747215747
-0.5749805749805749
-0.5752395752395751
-0.5754985754985754
-0.5757575757575757
-0.576016576016576
-0.5762755762755762
-0.5765345765345765
-0.5767935767935768
-0.5897435897435896
-0.5900025900025899
-0.5902615902615902
-0.5905205905205905
-0.5907795907795906
-0.592074592074592
-0.5923335923335923
-0.5925925925925924
-0.5928515928515927
-0.5931105931105931
-0.5933695933695934
-0.5936285936285935
-0.5938875938875938
-0.5941465941465941
-0.5944055944055944
-0.5946645946645945
-0.5949235949235948
-0.6177156177156177
-0.6197876197876198
-0.6200466200466199
-0.6203056203056202
-0.6205646205646205
-0.6208236208236209
-0.6783216783216782
-0.6785806785806786
-0.6788396788396788
-0.679098679098679
-0.6793576793576793
-0.6796166796166796
-0.6798756798756798
-0.68013468013468
-0.6811706811706811
-0.6814296814296814
-0.6816886816886816
-0.6819476819476818
-0.6822066822066821
-0.6824656824656824
-0.6827246827246826
-0.682983682983683
-0.6832426832426832
-0.6938616938616938
-0.6941206941206941
-0.6943796943796943
-0.6954156954156953
-0.6956746956746956
-0.6959336959336959
-0.6961926961926962
-0.6967106967106966
-0.6969696969696969
-0.6972286972286972
-0.6974876974876973
-0.6977466977466977
-0.698005698005698
-0.6982646982646983
-0.6985236985236984
-0.6987826987826987
-0.699041699041699
-0.6993006993006992
-0.6995596995596994
-0.6998186998186997
-0.7000777000777001
-0.7003367003367003
-0.7005957005957005
-0.7008547008547008
-0.7011137011137011
-0.7013727013727012
-0.7016317016317015
-0.7018907018907018
-0.7021497021497022
-0.7024087024087023
-0.7026677026677026
-0.7039627039627039
-0.7042217042217042
-0.7044807044807044
-0.7047397047397047
-0.704998704998705
-0.7052577052577051
-0.7055167055167054
-0.7057757057757057
-0.706034706034706
-0.7086247086247086
-0.7112147112147111
-0.7114737114737114
-0.7117327117327117
-0.7119917119917119
-0.7122507122507121
-0.7125097125097124
-0.7127687127687128
-0.713027713027713
-0.7132867132867132
-0.7135457135457135
-0.7138047138047138
-0.7143227143227142
-0.7145817145817145
-0.7148407148407149
-0.715099715099715
-0.7153587153587153
-0.7195027195027195
-0.7202797202797202
-0.7205387205387205
-0.7207977207977206
-0.7215747215747216
-0.7218337218337217
-0.722092722092722
-0.7223517223517223
-0.7226107226107226
-0.7228697228697227
-0.723128723128723
-0.7233877233877234
-0.7236467236467237
-0.7239057239057238
-0.7241647241647241
-0.7244237244237244
-0.7246827246827247
-0.7249417249417248
-0.7252007252007251
-0.7254597254597254
-0.7257187257187256
-0.7259777259777259
-0.7262367262367262
-0.7264957264957265
-0.7267547267547266
-0.7270137270137269
-0.7272727272727272
-0.7275317275317275
-0.7277907277907277
-0.728049728049728
-0.7283087283087283
-0.7285677285677286
-0.7397047397047396
-0.7399637399637399
-0.7402227402227401
-0.7404817404817403
-0.7407407407407407
-0.740999740999741
-0.7412587412587412
-0.7415177415177414
-0.7417767417767417
-0.742035742035742
-0.7422947422947422
-0.7425537425537424
-0.7428127428127428
-0.7430717430717431
-0.7433307433307432
-0.7435897435897435
-0.7438487438487438
-0.744107744107744
-0.7443667443667442
-0.7446257446257445
-0.7448847448847449
-0.7451437451437452
-0.7454027454027453
-0.7456617456617456
-0.7459207459207459
-0.7461797461797461
-0.7464387464387463
-0.7466977466977466
-0.746956746956747
-0.7472157472157471
-0.7474747474747474
-0.7477337477337477
-0.747992747992748
-0.7482517482517481
-0.7485107485107484
-0.7487697487697487
-0.749028749028749
-0.7492877492877492
-0.7495467495467495
-0.7498057498057498
-0.75006475006475
-0.7503237503237502
-0.7505827505827505
-0.7508417508417508
-0.7511007511007511
-0.7513597513597513
-0.7539497539497539
-0.7542087542087541
-0.7544677544677544
-0.7547267547267547
-0.7549857549857549
-0.7552447552447551
-0.7744107744107743
-0.7746697746697745
-0.778036778036778
-0.7782957782957782
-0.7785547785547784
-0.7788137788137787
-0.779072779072779
-0.7842527842527842
-0.7845117845117844
-0.7847707847707847
-0.7850297850297849
-0.8559958559958559
-0.8821548821548821
-0.8824138824138823
-0.8826728826728826
-0.8829318829318828
-0.8831908831908831
-0.8834498834498833
-0.8837088837088837
-0.8881118881118881
-0.8883708883708883
-0.8886298886298886
-0.8888888888888888
-0.23128723128723128
-0.2323232323232323
-0.23258223258223254
-0.23284123284123281
-0.23361823361823358
-0.23387723387723386
-0.2341362341362341
-0.23439523439523438
-0.23465423465423463
-0.2349132349132349
-0.23517223517223515
-0.23543123543123542
-0.2561512561512561
-0.27479927479927474
-0.3006993006993006
-0.33747733747733744
-0.3377363377363377
-0.33799533799533793
-0.33825433825433826
-0.3385133385133385
-0.33877233877233875
-0.34058534058534057
-0.3408443408443408
-0.34110334110334106
-0.3413623413623413
-0.3416213416213416
-0.34188034188034183
-0.3421393421393421
-0.3423983423983423
-0.3429163429163429
-0.34317534317534315
-0.34343434343434337
-0.3436933436933437
-0.3439523439523439
-0.3442113442113442
-0.346024346024346
-0.3462833462833462
-0.3465423465423465
-0.3468013468013468
-0.34706034706034705
-0.34731934731934727
-0.34757834757834755
-0.3478373478373478
-0.3522403522403522
-0.3524993524993525
-0.3527583527583527
-0.353017353017353
-0.35327635327635326
-0.35353535353535354
-0.35379435379435376
-0.354053354053354
-0.3543123543123543
-0.3545713545713545
-0.3548303548303548
-0.3563843563843564
-0.3566433566433566
-0.3569023569023569
-0.3571613571613571
-0.35742035742035744
-0.35767935767935766
-0.35793835793835793
-0.35819735819735815
-0.35975135975135974
-0.36026936026936024
-0.36052836052836046
-0.3913493913493913
-0.3916083916083916
-0.39186739186739183
-0.3921263921263921
-0.39238539238539233
-0.39782439782439777
-0.39808339808339804
-0.3983423983423983
-0.39860139860139854
-0.3988603988603988
-0.3991193991193991
-0.39937839937839936
-0.3996373996373996
-0.39989639989639986
-0.4001554001554001
-0.4004144004144004
-0.4006734006734006
-0.4009324009324009
-0.40378140378140376
-0.404040404040404
-0.40429940429940425
-0.40611240611240607
-0.40637140637140634
-0.4066304066304066
-0.40688940688940683
-0.4071484071484071
-0.40740740740740733
-0.40766640766640766
-0.4087024087024087
-0.4089614089614089
-0.4092204092204092
-0.4094794094794094
-0.4097384097384097
-0.40999740999740997
-0.41025641025641024
-0.41051541051541046
-0.41077441077441074
-0.411033411033411
-0.41129241129241123
-0.4115514115514115
-0.4118104118104117
-0.41206941206941206
-0.4123284123284123
-0.41258741258741255
-0.41284641284641277
-0.4131054131054131
-0.4133644133644133
-0.4136234136234136
-0.4138824138824138
-0.41414141414141414
-0.4268324268324268
-0.42709142709142706
-0.42735042735042733
-0.42760942760942755
-0.4278684278684278
-0.4281274281274281
-0.4283864283864284
-0.4286454286454286
-0.4786324786324786
-0.4791504791504791
-0.47940947940947937
-0.47966847966847964
-0.4918414918414918
-0.49210049210049206
-0.49235949235949233
-0.49261849261849255
-0.49287749287749283
-0.4931364931364931
-0.4933954933954934
-0.4936544936544936
-0.4939134939134939
-0.4941724941724941
-0.4944314944314944
-0.49469049469049464
-0.505050505050505
-0.5053095053095052
-0.5055685055685055
-0.5058275058275058
-0.5060865060865061
-0.5084175084175083
-0.5107485107485107
-0.511007511007511
-0.5112665112665112
-0.5115255115255115
-0.5117845117845117
-0.5252525252525252
-0.5255115255115255
-0.5257705257705257
-0.526029526029526
-0.5262885262885262
-0.5265475265475265
-0.5268065268065267
-0.527065527065527
-0.5273245273245273
-0.5275835275835276
-0.5278425278425277
-0.5281015281015281
-0.5283605283605283
-0.5319865319865319
-0.5337995337995338
-0.535094535094535
-0.5444185444185444
-0.5604765604765604
-0.5607355607355606
-0.560994560994561
-0.5612535612535613
-0.5617715617715617
-0.5656565656565656
-0.5659155659155659
-0.5661745661745661
-0.5664335664335663
-0.5713545713545712
-0.5925925925925924
-0.5928515928515927
-0.5931105931105931
-0.5933695933695934
-0.5936285936285935
-0.5938875938875938
-0.6314426314426314
-0.6317016317016317
-0.6319606319606319
-0.6322196322196322
-0.6324786324786325
-0.6327376327376326
-0.6329966329966329
-0.6332556332556332
-0.6392126392126392
-0.641025641025641
-0.6412846412846412
-0.6415436415436414
-0.6418026418026417
-0.642061642061642
-0.6423206423206423
-0.6788396788396788
-0.679098679098679
-0.6793576793576793
-0.6796166796166796
-0.6798756798756798
-0.68013468013468
-0.6840196840196839
-0.6842786842786842
-0.6845376845376845
-0.6847966847966847
-0.685055685055685
-0.6933436933436933
-0.6936026936026936
-0.6938616938616938
-0.6941206941206941
-0.6943796943796943
-0.6946386946386945
-0.6948976948976948
-0.6951566951566951
-0.6954156954156953
-0.6956746956746956
-0.6959336959336959
-0.6961926961926962
-0.6964516964516964
-0.6967106967106966
-0.6969696969696969
-0.6972286972286972
-0.6974876974876973
-0.6977466977466977
-0.698005698005698
-0.6982646982646983
-0.6985236985236984
-0.6987826987826987
-0.699041699041699
-0.6993006993006992
-0.6995596995596994
-0.6998186998186997
-0.7000777000777001
-0.7003367003367003
-0.7005957005957005
-0.7008547008547008
-0.7011137011137011
-0.7013727013727012
-0.7016317016317015
-0.7018907018907018
-0.7021497021497022
-0.7024087024087023
-0.7026677026677026
-0.7029267029267029
-0.7055167055167054
-0.7057757057757057
-0.706034706034706
-0.7241647241647241
-0.7244237244237244
-0.7246827246827247
-0.7249417249417248
-0.7252007252007251
-0.7254597254597254
-0.7257187257187256
-0.7259777259777259
-0.7272727272727272
-0.7275317275317275
-0.7277907277907277
-0.728049728049728
-0.7285677285677286
-0.7288267288267287
-0.729085729085729
-0.7386687386687386
-0.7389277389277389
-0.7391867391867392
-0.7394457394457393
-0.7397047397047396
-0.7399637399637399
-0.7428127428127428
-0.7430717430717431
-0.7433307433307432
-0.7438487438487438
-0.744107744107744
-0.7448847448847449
-0.7451437451437452
-0.7454027454027453
-0.749028749028749
-0.7492877492877492
-0.7495467495467495
-0.7498057498057498
-0.75006475006475
-0.7503237503237502
-0.7505827505827505
-0.7508417508417508
-0.7511007511007511
-0.7513597513597513
-0.7516187516187516
-0.7518777518777519
-0.752136752136752
-0.7523957523957523
-0.7526547526547526
-0.7529137529137528
-0.753172753172753
-0.7534317534317534
-0.7536907536907537
-0.7547267547267547
-0.7549857549857549
-0.7552447552447551
-0.7555037555037555
-0.7557627557627558
-0.7560217560217559
-0.7562807562807562
-0.7565397565397565
-0.7723387723387722
-0.7757057757057756
-0.7759647759647759
-0.7762237762237761
-0.7767417767417766
-0.777000777000777
-0.7772597772597772
-0.7775187775187775
-0.7777777777777777
-0.778036778036778
-0.7782957782957782
-0.7788137788137787
-0.779072779072779
-0.7793317793317793
-0.7795907795907795
-0.7829577829577828
-0.7842527842527842
-0.7845117845117844
-0.7847707847707847
-0.7850297850297849
-0.7852887852887853
-0.7855477855477855
-0.7858067858067858
-0.786065786065786
-0.7863247863247863
-0.7865837865837865
-0.7868427868427867
-0.787101787101787
-0.7873607873607872
-0.7876197876197876
-0.7878787878787878
-0.7881377881377881
-0.7883967883967883
-0.8184408184408184
-0.8772338772338772
-0.8774928774928774
-0.8813778813778812
-0.8816368816368816
-0.8818958818958819
-0.8821548821548821
-0.8824138824138823
-0.8826728826728826
-0.8829318829318828
-0.8831908831908831
-0.12742812742812742
-0.12768712768712767
-0.14245014245014245
-0.1427091427091427
-0.14296814296814297
-0.14322714322714322
-0.1434861434861435
-0.1893291893291893
-0.18984718984718982
-0.1901061901061901
-0.22377622377622375
-0.224035224035224
-0.22429422429422427
-0.22766122766122762
-0.2279202279202279
-0.22817922817922814
-0.22843822843822842
-0.22869722869722867
-0.22895622895622894
-0.2292152292152292
-0.22947422947422946
-0.2297332297332297
-0.22999222999222999
-0.23025123025123023
-0.23051023051023048
-0.23076923076923075
-0.231028231028231
-0.23128723128723128
-0.23154623154623152
-0.2318052318052318
-0.23206423206423205
-0.2323232323232323
-0.23258223258223254
-0.23284123284123281
-0.23335923335923334
-0.23361823361823358
-0.23387723387723386
-0.2341362341362341
-0.23439523439523438
-0.23465423465423463
-0.2349132349132349
-0.23517223517223515
-0.23543123543123542
-0.23569023569023567
-0.23594923594923595
-0.2362082362082362
-0.23646723646723647
-0.2367262367262367
-0.23698523698523696
-0.2372442372442372
-0.238021238021238
-0.23905723905723902
-0.2393162393162393
-0.23957523957523955
-0.23983423983423982
-0.24009324009324007
-0.24035224035224034
-0.2406112406112406
-0.24087024087024086
-0.24397824397824397
-0.24423724423724422
-0.2444962444962445
-0.24475524475524474
-0.245014245014245
-0.24527324527324526
-0.24579124579124575
-0.24605024605024603
-0.24630924630924628
-0.24656824656824655
-0.2468272468272468
-0.24708624708624705
-0.2481222481222481
-0.24838124838124837
-0.2486402486402486
-0.2488992488992489
-0.24915824915824913
-0.2494172494172494
-0.24967624967624966
-0.2499352499352499
-0.2501942501942502
-0.2504532504532504
-0.2507122507122507
-0.25097125097125095
-0.2512302512302512
-0.2545972545972546
-0.2556332556332556
-0.2564102564102564
-0.25925925925925924
-0.25951825951825946
-0.25977725977725974
-0.2678062678062678
-0.26806526806526804
-0.2683242683242683
-0.26858326858326853
-0.27117327117327117
-0.2771302771302771
-0.2773892773892774
-0.29111629111629106
-0.2913752913752914
-0.2916342916342916
-0.31442631442631436
-0.32116032116032117
-0.3214193214193214
-0.32711732711732705
-0.3273763273763273
-0.3294483294483294
-0.3297073297073297
-0.32996632996632996
-0.3302253302253302
-0.33152033152033145
-0.3462833462833462
-0.3465423465423465
-0.3478373478373478
-0.3480963480963481
-0.3483553483553483
-0.3486143486143486
-0.34887334887334887
-0.34913234913234914
-0.34939134939134936
-0.34990934990934985
-0.35016835016835013
-0.3504273504273504
-0.3506863506863506
-0.3509453509453509
-0.3512043512043512
-0.35146335146335145
-0.35172235172235167
-0.35198135198135194
-0.3522403522403522
-0.3524993524993525
-0.3527583527583527
-0.353017353017353
-0.35327635327635326
-0.35353535353535354
-0.35379435379435376
-0.354053354053354
-0.3543123543123543
-0.3545713545713545
-0.3548303548303548
-0.355089355089355
-0.35534835534835535
-0.35586635586635584
-0.35767935767935766
-0.35793835793835793
-0.35819735819735815
-0.35845635845635837
-0.3592333592333592
-0.3594923594923594
-0.35975135975135974
-0.3623413623413623
-0.40145040145040145
-0.40170940170940167
-0.40196840196840194
-0.40222740222740216
-0.40248640248640244
-0.4027454027454027
-0.40300440300440293
-0.4032634032634032
-0.4035224035224035
-0.40378140378140376
-0.404040404040404
-0.40429940429940425
-0.4045584045584045
-0.4048174048174048
-0.405076405076405
-0.4053354053354053
-0.40559440559440557
-0.40585340585340585
-0.40611240611240607
-0.40637140637140634
-0.4066304066304066
-0.40688940688940683
-0.4071484071484071
-0.40740740740740733
-0.40766640766640766
-0.4089614089614089
-0.4092204092204092
-0.4094794094794094
-0.41129241129241123
-0.41206941206941206
-0.4123284123284123
-0.41258741258741255
-0.41284641284641277
-0.4182854182854182
-0.41854441854441854
-0.41880341880341876
-0.41932141932141925
-0.4195804195804196
-0.4198394198394198
-0.4203574203574203
-0.42061642061642057
-0.42087542087542085
-0.42113442113442107
-0.42139342139342134
-0.4216524216524216
-0.4219114219114219
-0.4221704221704221
-0.4224294224294224
-0.42268842268842266
-0.42294742294742294
-0.42320642320642315
-0.42346542346542343
-0.4237244237244237
-0.423983423983424
-0.4242424242424242
-0.4245014245014244
-0.42476042476042475
-0.42501942501942497
-0.42527842527842524
-0.42553742553742546
-0.4257964257964258
-0.426055426055426
-0.4263144263144263
-0.4265734265734265
-0.4268324268324268
-0.42709142709142706
-0.42735042735042733
-0.42760942760942755
-0.4278684278684278
-0.4281274281274281
-0.4283864283864284
-0.4286454286454286
-0.4289044289044288
-0.42916342916342914
-0.42942242942242936
-0.42968142968142964
-0.42994042994042986
-0.4301994301994302
-0.4304584304584304
-0.4307174307174307
-0.4309764309764309
-0.43123543123543123
-0.4317534317534317
-0.43201243201243195
-0.4346024346024346
-0.4348614348614348
-0.4351204351204351
-0.43563843563843563
-0.43589743589743585
-0.4361564361564361
-0.43641543641543634
-0.4366744366744367
-0.43719243719243717
-0.4374514374514374
-0.43771043771043766
-0.43796943796943794
-0.43822843822843816
-0.43848743848743843
-0.4387464387464387
-0.439005439005439
-0.4392644392644392
-0.4395234395234395
-0.43978243978243975
-0.44004144004144
-0.44030044030044024
-0.4405594405594405
-0.4408184408184408
-0.44107744107744107
-0.4413364413364413
-0.44159544159544156
-0.44211344211344206
-0.44263144263144255
-0.4428904428904429
-0.4431494431494431
-0.4434084434084434
-0.4436674436674436
-0.4452214452214452
-0.44548044548044546
-0.4457394457394457
-0.44599844599844596
-0.44625744625744623
-0.44651644651644645
-0.4467754467754467
-0.44703444703444695
-0.4472934472934473
-0.4475524475524475
-0.44781144781144777
-0.448070448070448
-0.4483294483294483
-0.44858844858844854
-0.4488474488474488
-0.44910644910644903
-0.44936544936544937
-0.4496244496244496
-0.44988344988344986
-0.4501424501424501
-0.4504014504014504
-0.45066045066045063
-0.45091945091945085
-0.46257446257446255
-0.46283346283346277
-0.46309246309246305
-0.4633514633514633
-0.4636104636104636
-0.4638694638694638
-0.4641284641284641
-0.4646464646464646
-0.46490546490546486
-0.4651644651644651
-0.4654234654234654
-0.4667184667184667
-0.46697746697746695
-0.46723646723646717
-0.47293447293447294
-0.47319347319347316
-0.4734524734524734
-0.47371147371147365
-0.4739704739704739
-0.4742294742294742
-0.4744884744884744
-0.4747474747474747
-0.47500647500647497
-0.47526547526547525
-0.47552447552447547
-0.47578347578347574
-0.476042476042476
-0.4763014763014763
-0.4765604765604765
-0.4768194768194768
-0.477078477078477
-0.47733747733747733
-0.47759647759647755
-0.4778554778554778
-0.47811447811447805
-0.4783734783734783
-0.4786324786324786
-0.4788914788914788
-0.4791504791504791
-0.47940947940947937
-0.47966847966847964
-0.47992747992747986
-0.48018648018648014
-0.4804454804454804
-0.4807044807044807
-0.4809634809634809
-0.4812224812224812
-0.48148148148148145
-0.48174048174048173
-0.48199948199948195
-0.48225848225848217
-0.4825174825174825
-0.4827764827764827
-0.483035483035483
-0.4832944832944832
-0.48355348355348354
-0.48381248381248376
-0.48407148407148404
-0.48433048433048426
-0.4845894845894846
-0.4848484848484848
-0.4851074851074851
-0.4853664853664853
-0.48562548562548563
-0.48588448588448585
-0.4861434861434861
-0.48640248640248634
-0.48666148666148656
-0.4869204869204869
-0.4871794871794871
-0.4874384874384874
-0.4876974876974876
-0.48795648795648794
-0.48821548821548816
-0.48847448847448843
-0.48873348873348865
-0.488992488992489
-0.4892514892514892
-0.4895104895104895
-0.4897694897694897
-0.49002849002849
-0.49028749028749025
-0.4905464905464905
-0.49080549080549074
-0.491064491064491
-0.4913234913234913
-0.4915824915824915
-0.4918414918414918
-0.49210049210049206
-0.49235949235949233
-0.49261849261849255
-0.49287749287749283
-0.4931364931364931
-0.4933954933954934
-0.4936544936544936
-0.4939134939134939
-0.4941724941724941
-0.4944314944314944
-0.6247086247086246
-0.6262626262626262
