0.033010563380281695
0.03345070422535212
0.03389084507042254
0.03433098591549296
0.03477112676056338
0.06382042253521128
0.07174295774647887
0.0721830985915493
0.07262323943661973
0.07306338028169014
0.08582746478873239
0.08626760563380283
0.10431338028169014
0.10475352112676058
0.10519366197183098
0.10563380281690142
0.10607394366197184
0.10651408450704226
0.10695422535211269
0.10739436619718311
0.10871478873239437
0.1091549295774648
0.10959507042253522
0.11003521126760564
0.11047535211267606
0.11091549295774648
0.11135563380281692
0.11179577464788733
0.11223591549295776
0.11267605633802817
0.1131161971830986
0.11355633802816902
0.11399647887323945
0.11443661971830987
0.11487676056338028
0.1153169014084507
0.11575704225352114
0.11883802816901409
0.12279929577464789
0.12323943661971831
0.12367957746478875
0.12411971830985917
0.12455985915492958
0.1580105633802817
0.15845070422535212
0.15889084507042256
0.15933098591549297
0.15977112676056338
0.1602112676056338
0.16065140845070425
0.16285211267605634
0.16725352112676056
0.167693661971831
0.16813380281690143
0.16857394366197184
0.16901408450704228
0.18485915492957747
0.20114436619718312
0.20158450704225353
0.20202464788732397
0.20246478873239437
0.20290492957746478
0.20334507042253525
0.21038732394366197
0.21082746478873243
0.21346830985915494
0.21390845070422537
0.21434859154929578
0.21478873239436622
0.21522887323943665
0.21566901408450706
0.21610915492957747
0.2165492957746479
0.21698943661971834
0.21742957746478875
0.21786971830985916
0.2183098591549296
0.21875000000000003
0.22227112676056338
0.22271126760563384
0.22315140845070425
0.22359154929577466
0.2240316901408451
0.22447183098591553
0.2262323943661972
0.2266725352112676
0.22711267605633803
0.23151408450704228
0.23195422535211271
0.23239436619718312
0.23283450704225353
0.23327464788732397
0.23371478873239437
0.23415492957746478
0.23459507042253522
0.23503521126760563
0.2354753521126761
0.2359154929577465
0.2398767605633803
0.24031690140845072
0.24075704225352115
0.24119718309859156
0.24163732394366197
0.2420774647887324
0.26100352112676056
0.261443661971831
0.2618838028169014
0.26232394366197187
0.2662852112676057
0.2667253521126761
0.2671654929577465
0.26760563380281693
0.26804577464788737
0.26848591549295775
0.269806338028169
0.2702464788732395
0.2706866197183099
0.2711267605633803
0.27156690140845074
0.2720070422535211
0.27244718309859156
0.272887323943662
0.2733274647887324
0.2737676056338028
0.2742077464788733
0.2746478873239437
0.2750880281690141
0.2825704225352113
0.28301056338028174
0.2834507042253521
0.28389084507042256
0.284330985915493
0.2847711267605634
0.2852112676056338
0.28565140845070425
0.2860915492957747
0.3006161971830986
0.301056338028169
0.3014964788732395
0.3019366197183099
0.3023767605633803
0.30281690140845074
0.3032570422535211
0.30369718309859156
0.304137323943662
0.3045774647887324
0.30501760563380287
0.3054577464788733
0.3058978873239437
0.3063380281690141
0.30677816901408456
0.3085387323943662
0.3089788732394367
0.30941901408450706
0.3098591549295775
0.31029929577464793
0.3107394366197183
0.31117957746478875
0.3116197183098592
0.31205985915492956
0.3125
0.3129401408450705
0.31338028169014087
0.3138204225352113
0.31426056338028174
0.3147007042253521
0.31514084507042256
0.315580985915493
0.3160211267605634
0.3164612676056338
0.31690140845070425
0.3173415492957747
0.3177816901408451
0.3182218309859155
0.31866197183098594
0.31910211267605637
0.31954225352112675
0.3199823943661972
0.3204225352112676
0.32086267605633806
0.3213028169014085
0.32174295774647893
0.3221830985915493
0.32262323943661975
0.3230633802816902
0.32350352112676056
0.323943661971831
0.3243838028169014
0.32482394366197187
0.3252640845070423
0.3257042253521127
0.3261443661971831
0.32658450704225356
0.32702464788732394
0.3274647887323944
0.3279049295774648
0.33802816901408456
0.33846830985915494
0.3389084507042254
0.3393485915492958
0.3397887323943662
0.3402288732394367
0.34066901408450706
0.3411091549295775
0.34154929577464793
0.35079225352112675
0.3512323943661972
0.3516725352112677
0.35211267605633806
0.3525528169014085
0.35299295774647893
0.3534330985915493
0.35387323943661975
0.3543133802816902
0.35475352112676056
0.355193661971831
0.35563380281690143
0.35607394366197187
0.3565140845070423
0.3569542253521127
0.37500000000000006
0.3754401408450705
0.37588028169014087
0.3899647887323944
0.3904049295774648
0.39084507042253525
0.3912852112676057
0.3921654929577465
0.39260563380281693
0.39304577464788737
0.39348591549295775
0.3939260563380282
0.49867957746478875
0.4991197183098592
0.49955985915492956
0.5
0.5004401408450704
0.5008802816901409
0.009683098591549297
0.03345070422535212
0.03389084507042254
0.04929577464788733
0.06470070422535212
0.06514084507042255
0.06558098591549297
0.06602112676056339
0.0664612676056338
0.06690140845070423
0.06734154929577466
0.06778169014084508
0.0682218309859155
0.06866197183098592
0.09110915492957747
0.09154929577464789
0.09198943661971833
0.09242957746478873
0.09286971830985917
0.09330985915492958
0.09859154929577466
0.09903169014084508
0.0994718309859155
0.09991197183098592
0.10035211267605634
0.10079225352112677
0.12279929577464789
0.12367957746478875
0.12411971830985917
0.12455985915492958
0.125
0.12544014084507044
0.1289612676056338
0.12940140845070425
0.12984154929577466
0.1302816901408451
0.1307218309859155
0.1324823943661972
0.1329225352112676
0.13336267605633806
0.15096830985915494
0.15184859154929578
0.1522887323943662
0.15272887323943665
0.15316901408450706
0.15360915492957747
0.1540492957746479
0.15448943661971834
0.15492957746478875
0.15536971830985916
0.15625
0.15669014084507044
0.15757042253521128
0.1580105633802817
0.1619718309859155
0.16241197183098594
0.16285211267605634
0.16329225352112678
0.1637323943661972
0.16417253521126762
0.16461267605633806
0.16505281690140847
0.16549295774647887
0.1659330985915493
0.16637323943661975
0.16725352112676056
0.167693661971831
0.16813380281690143
0.16857394366197184
0.16901408450704228
0.1694542253521127
0.1698943661971831
0.17033450704225353
0.17077464788732397
0.17209507042253525
0.17253521126760565
0.17297535211267606
0.1734154929577465
0.1738556338028169
0.17429577464788734
0.17517605633802819
0.17649647887323947
0.17693661971830987
0.17737676056338028
0.19762323943661975
0.19806338028169015
0.20158450704225353
0.20202464788732397
0.20246478873239437
0.20290492957746478
0.20334507042253525
0.20554577464788734
0.20950704225352115
0.20994718309859156
0.21038732394366197
0.21082746478873243
0.21126760563380284
0.21170774647887325
0.21346830985915494
0.21390845070422537
0.21566901408450706
0.21610915492957747
0.2165492957746479
0.21698943661971834
0.21742957746478875
0.21786971830985916
0.2183098591549296
0.21875000000000003
0.21919014084507044
0.21963028169014087
0.22007042253521128
0.22051056338028172
0.22095070422535212
0.22139084507042256
0.22183098591549297
0.22227112676056338
0.22271126760563384
0.22315140845070425
0.22359154929577466
0.2240316901408451
0.22447183098591553
0.22491197183098594
0.22535211267605634
0.22579225352112678
0.2262323943661972
0.2266725352112676
0.22711267605633803
0.2275528169014085
0.2279929577464789
0.2284330985915493
0.22887323943661975
0.22931338028169015
0.23107394366197181
0.23151408450704228
0.23283450704225353
0.23327464788732397
0.23371478873239437
0.23415492957746478
0.23459507042253522
0.23503521126760563
0.2354753521126761
0.2359154929577465
0.23635563380281693
0.23679577464788734
0.23723591549295775
0.2381161971830986
0.238556338028169
0.23899647887323947
0.2394366197183099
0.2398767605633803
0.24031690140845072
0.2425176056338028
0.24295774647887328
0.24339788732394368
0.24383802816901412
0.24427816901408453
0.24471830985915494
0.24515845070422537
0.24559859154929578
0.2460387323943662
0.24647887323943662
0.24823943661971834
0.24867957746478875
0.2579225352112676
0.258362676056338
0.2627640845070423
0.2632042253521127
0.2636443661971831
0.26408450704225356
0.26452464788732394
0.2649647887323944
0.2654049295774648
0.2658450704225352
0.2662852112676057
0.2667253521126761
0.2671654929577465
0.26760563380281693
0.26804577464788737
0.26848591549295775
0.2689260563380282
0.2693661971830986
0.269806338028169
0.2702464788732395
0.2711267605633803
0.27156690140845074
0.2720070422535211
0.27244718309859156
0.272887323943662
0.2733274647887324
0.2737676056338028
0.2742077464788733
0.2746478873239437
0.2750880281690141
0.27552816901408456
0.27596830985915494
0.2764084507042254
0.2768485915492958
0.27816901408450706
0.2786091549295775
0.27904929577464793
0.2794894366197183
0.27992957746478875
0.2803697183098592
0.28080985915492956
0.28125
0.28389084507042256
0.284330985915493
0.2847711267605634
0.2852112676056338
0.28565140845070425
0.2860915492957747
0.2865316901408451
0.2869718309859155
0.28741197183098594
0.28785211267605637
0.28829225352112675
0.2887323943661972
0.2891725352112676
0.28961267605633806
0.2900528169014085
0.29049295774647893
0.2909330985915493
0.29137323943661975
0.2918133802816902
0.29225352112676056
0.292693661971831
0.2931338028169014
0.29357394366197187
0.2940140845070423
0.2944542253521127
0.2948943661971831
0.29533450704225356
0.29577464788732394
0.2962147887323944
0.2966549295774648
0.2970950704225352
0.2975352112676057
0.2979753521126761
0.2984154929577465
0.29885563380281693
0.29929577464788737
0.29973591549295775
0.3001760563380282
0.3006161971830986
0.301056338028169
0.3014964788732395
0.3019366197183099
0.3023767605633803
0.30281690140845074
0.3032570422535211
0.30369718309859156
0.304137323943662
0.3045774647887324
0.30501760563380287
0.3054577464788733
0.3058978873239437
0.3063380281690141
0.30677816901408456
0.30721830985915494
0.3076584507042254
0.3080985915492958
0.3085387323943662
0.3089788732394367
0.30941901408450706
0.3098591549295775
0.31029929577464793
0.3107394366197183
0.31117957746478875
0.3116197183098592
0.31205985915492956
0.3125
0.3129401408450705
0.31338028169014087
0.3138204225352113
0.31426056338028174
0.3147007042253521
0.31514084507042256
0.315580985915493
0.3160211267605634
0.3164612676056338
0.31690140845070425
0.3173415492957747
0.3177816901408451
0.3182218309859155
0.31866197183098594
0.31910211267605637
0.31954225352112675
0.3199823943661972
0.3204225352112676
0.32086267605633806
0.3213028169014085
0.32174295774647893
0.3221830985915493
0.3230633802816902
0.32350352112676056
0.323943661971831
0.3243838028169014
0.32482394366197187
0.3292253521126761
0.3296654929577465
0.33010563380281693
0.33054577464788737
0.33098591549295775
0.3314260563380282
0.3318661971830986
0.33230633802816906
0.3327464788732395
0.3331866197183099
0.3336267605633803
0.33406690140845074
0.3345070422535211
0.33494718309859156
0.335387323943662
0.3358274647887324
0.33626760563380287
0.3367077464788733
0.3371478873239437
0.3375880281690141
0.33802816901408456
0.33846830985915494
0.3389084507042254
0.3393485915492958
0.3397887323943662
0.3402288732394367
0.34066901408450706
0.3411091549295775
0.34154929577464793
0.3419894366197183
0.34242957746478875
0.3428697183098592
0.34330985915492956
0.34375
0.3441901408450705
0.34463028169014087
0.3450704225352113
0.34551056338028174
0.3459507042253521
0.34639084507042256
0.346830985915493
0.3472711267605634
0.3477112676056338
0.34815140845070425
0.3485915492957747
0.3490316901408451
0.3494718309859155
0.34991197183098594
0.35035211267605637
0.35079225352112675
0.3512323943661972
0.3516725352112677
0.35211267605633806
0.3525528169014085
0.35563380281690143
0.35607394366197187
0.3565140845070423
0.3569542253521127
0.3573943661971831
0.35783450704225356
0.35827464788732394
0.3587147887323944
0.3591549295774648
0.35959507042253525
0.3600352112676057
0.3604753521126761
0.3609154929577465
0.36135563380281693
0.36179577464788737
0.36223591549295775
0.3626760563380282
0.3631161971830986
0.36355633802816906
0.3639964788732395
0.3644366197183099
0.3648767605633803
0.36531690140845074
0.3657570422535211
0.36619718309859156
0.366637323943662
0.3670774647887324
0.36751760563380287
0.3679577464788733
0.3683978873239437
0.3688380281690141
0.36927816901408456
0.36971830985915494
0.3701584507042254
0.3705985915492958
0.3710387323943662
0.3714788732394367
0.37191901408450706
0.3723591549295775
0.37279929577464793
0.3732394366197183
0.37367957746478875
0.3741197183098592
0.37455985915492956
0.37500000000000006
0.3754401408450705
0.37588028169014087
0.3763204225352113
0.37676056338028174
0.3772007042253521
0.37764084507042256
0.378080985915493
0.3785211267605634
0.37896126760563387
0.37940140845070425
0.3798415492957747
0.3802816901408451
0.3807218309859155
0.38116197183098594
0.38160211267605637
0.38204225352112675
0.3824823943661972
0.3829225352112677
0.38336267605633806
0.3838028169014085
0.38424295774647893
0.3846830985915493
0.38512323943661975
0.3855633802816902
0.38600352112676056
0.386443661971831
0.38688380281690143
0.38732394366197187
0.3877640845070423
0.3882042253521127
0.3886443661971831
0.38908450704225356
0.38952464788732394
0.3899647887323944
0.3904049295774648
0.39084507042253525
0.3912852112676057
0.3917253521126761
0.3921654929577465
0.39260563380281693
0.39304577464788737
0.39348591549295775
0.3939260563380282
0.3943661971830986
0.39480633802816906
0.3952464788732395
0.3956866197183099
0.3961267605633803
0.39656690140845074
0.3970070422535211
0.39744718309859156
0.397887323943662
0.39832746478873243
0.39876760563380287
0.3992077464788733
0.3996478873239437
0.4000880281690141
0.40052816901408456
0.40096830985915494
0.4014084507042254
0.4018485915492958
0.40228873239436624
0.4027288732394367
0.40316901408450706
0.4036091549295775
0.40404929577464793
0.4044894366197183
0.40492957746478875
0.4053697183098592
0.40580985915492956
0.40625000000000006
0.4066901408450705
0.40713028169014087
0.4075704225352113
0.40801056338028174
0.4084507042253521
0.41065140845070425
0.4110915492957747
0.4115316901408451
0.4119718309859155
0.41241197183098594
0.41285211267605637
0.41329225352112675
0.4137323943661972
0.4141725352112677
0.41461267605633806
0.4150528169014085
0.41549295774647893
0.4159330985915493
0.41637323943661975
0.4168133802816902
0.41725352112676056
0.4845950704225352
0.49427816901408456
0.494718309859155
0.49515845070422543
0.4955985915492958
0.5862676056338028
0.5867077464788734
0.5871478873239437
0.5875880281690141
0.5880281690140846
0.588468309859155
0.5889084507042254
0.5893485915492959
0.5897887323943662
0.5902288732394366
0.5906690140845071
0.5911091549295775
0.6104753521126761
0.6109154929577466
0.611355633802817
0.6117957746478874
0.6122359154929579
0.6126760563380282
0.6131161971830986
0.6135563380281691
0.6139964788732395
0.6144366197183099
0.6148767605633804
0.011003521126760564
0.011443661971830986
0.01188380281690141
0.03433098591549296
0.04225352112676057
0.045774647887323945
0.05017605633802817
0.053697183098591554
0.054137323943661976
0.06778169014084508
0.07086267605633803
0.07130281690140845
0.11883802816901409
0.1192781690140845
0.11971830985915495
0.12015845070422536
0.12059859154929578
0.1210387323943662
0.12588028169014087
0.12632042253521128
0.1267605633802817
0.1272007042253521
0.12764084507042256
0.12808098591549297
0.12852112676056338
0.1329225352112676
0.13336267605633806
0.13380281690140847
0.13556338028169015
0.13600352112676056
0.136443661971831
0.1368838028169014
0.1505281690140845
0.15096830985915494
0.15140845070422537
0.1522887323943662
0.15272887323943665
0.15316901408450706
0.15360915492957747
0.1540492957746479
0.15448943661971834
0.15492957746478875
0.15536971830985916
0.1558098591549296
0.15625
0.15669014084507044
0.15713028169014087
0.15757042253521128
0.1580105633802817
0.15845070422535212
0.15889084507042256
0.15933098591549297
0.15977112676056338
0.1602112676056338
0.16065140845070425
0.16109154929577466
0.1615316901408451
0.1619718309859155
0.16241197183098594
0.16285211267605634
0.16329225352112678
0.1637323943661972
0.16417253521126762
0.16461267605633806
0.16505281690140847
0.16549295774647887
0.16813380281690143
0.16857394366197184
0.1734154929577465
0.1738556338028169
0.17429577464788734
0.17473591549295775
0.17517605633802819
0.17737676056338028
0.17781690140845072
0.17825704225352115
0.17869718309859156
0.18661971830985916
0.1870598591549296
0.18750000000000003
0.18794014084507044
0.18838028169014087
0.18882042253521128
0.1892605633802817
0.18970070422535212
0.19014084507042256
0.19058098591549297
0.19102112676056338
0.19146126760563384
0.19190140845070425
0.19234154929577466
0.1927816901408451
0.1932218309859155
0.198943661971831
0.19938380281690143
0.20202464788732397
0.20246478873239437
0.20290492957746478
0.20510563380281693
0.20554577464788734
0.20598591549295775
0.20642605633802819
0.2068661971830986
0.20774647887323947
0.20818661971830987
0.21038732394366197
0.21082746478873243
0.21126760563380284
0.21170774647887325
0.21214788732394368
0.2125880281690141
0.21302816901408453
0.21346830985915494
0.21434859154929578
0.21478873239436622
0.21522887323943665
0.21566901408450706
0.21610915492957747
0.2165492957746479
0.21698943661971834
0.21742957746478875
0.21786971830985916
0.2183098591549296
0.21875000000000003
0.21919014084507044
0.21963028169014087
0.22007042253521128
0.22051056338028172
0.22095070422535212
0.22139084507042256
0.22183098591549297
0.22227112676056338
0.22271126760563384
0.22315140845070425
0.22359154929577466
0.2240316901408451
0.22447183098591553
0.22491197183098594
0.22535211267605634
0.22579225352112678
0.2262323943661972
0.2266725352112676
0.22711267605633803
0.2275528169014085
0.22931338028169015
0.22975352112676056
0.230193661971831
0.23151408450704228
0.23195422535211271
0.23723591549295775
0.23767605633802819
0.2381161971830986
0.238556338028169
0.23899647887323947
0.2394366197183099
0.2398767605633803
0.24031690140845072
0.24075704225352115
0.24119718309859156
0.24163732394366197
0.2420774647887324
0.2425176056338028
0.24383802816901412
0.24427816901408453
0.24471830985915494
0.24515845070422537
0.24559859154929578
0.2460387323943662
0.24647887323943662
0.2469190140845071
0.2473591549295775
0.2477992957746479
0.24823943661971834
0.24867957746478875
0.2495598591549296
0.2535211267605634
0.2539612676056338
0.25616197183098594
0.25660211267605637
0.258362676056338
0.2588028169014085
0.25924295774647893
0.2596830985915493
0.26232394366197187
0.2649647887323944
0.2654049295774648
0.2693661971830986
0.269806338028169
0.2702464788732395
0.2706866197183099
0.2711267605633803
0.27156690140845074
0.2720070422535211
0.27244718309859156
0.272887323943662
0.2733274647887324
0.2737676056338028
0.2742077464788733
0.2746478873239437
0.2750880281690141
0.27552816901408456
0.27596830985915494
0.2764084507042254
0.2768485915492958
0.2772887323943662
0.2777288732394366
0.27816901408450706
0.2786091549295775
0.2825704225352113
0.28301056338028174
0.2834507042253521
0.28389084507042256
0.284330985915493
0.2847711267605634
0.2852112676056338
0.28565140845070425
0.2860915492957747
0.2865316901408451
0.2869718309859155
0.28741197183098594
0.28785211267605637
0.28829225352112675
0.29137323943661975
0.2918133802816902
0.29225352112676056
0.29357394366197187
0.2940140845070423
0.2944542253521127
0.2948943661971831
0.29533450704225356
0.29577464788732394
0.2962147887323944
0.2966549295774648
0.2970950704225352
0.2975352112676057
0.2979753521126761
0.2984154929577465
0.29885563380281693
0.29929577464788737
0.29973591549295775
0.3001760563380282
0.3006161971830986
0.301056338028169
0.3014964788732395
0.3019366197183099
0.3023767605633803
0.30281690140845074
0.3032570422535211
0.30369718309859156
0.304137323943662
0.3045774647887324
0.30501760563380287
0.3054577464788733
0.3125
0.3129401408450705
0.31338028169014087
0.3138204225352113
0.31426056338028174
0.3177816901408451
0.3182218309859155
0.31866197183098594
0.31910211267605637
0.31954225352112675
0.3199823943661972
0.3204225352112676
0.32086267605633806
0.3213028169014085
0.32174295774647893
0.3221830985915493
0.32262323943661975
0.3230633802816902
0.32350352112676056
0.3261443661971831
0.3318661971830986
0.33230633802816906
0.3327464788732395
0.3331866197183099
0.3336267605633803
0.33406690140845074
0.3345070422535211
0.33494718309859156
0.335387323943662
0.3358274647887324
0.33626760563380287
0.3367077464788733
0.3371478873239437
0.3375880281690141
0.33802816901408456
0.33846830985915494
0.3389084507042254
0.3393485915492958
0.3397887323943662
0.3402288732394367
0.34066901408450706
0.3411091549295775
0.34154929577464793
0.3419894366197183
0.34242957746478875
0.3428697183098592
0.34330985915492956
0.34375
0.3441901408450705
0.34463028169014087
0.3450704225352113
0.34551056338028174
0.3459507042253521
0.34639084507042256
0.346830985915493
0.3472711267605634
0.3477112676056338
0.34815140845070425
0.3485915492957747
0.3490316901408451
0.3609154929577465
0.36135563380281693
0.36179577464788737
0.36223591549295775
0.3626760563380282
0.3631161971830986
0.36355633802816906
0.3639964788732395
0.3644366197183099
0.3648767605633803
0.36531690140845074
0.3657570422535211
0.36619718309859156
0.366637323943662
0.3670774647887324
0.36751760563380287
0.3679577464788733
0.3683978873239437
0.3688380281690141
0.36927816901408456
0.36971830985915494
0.3701584507042254
0.3705985915492958
0.3710387323943662
0.3714788732394367
0.37191901408450706
0.3723591549295775
0.37279929577464793
0.3732394366197183
0.37367957746478875
0.3741197183098592
0.3763204225352113
0.37676056338028174
0.3772007042253521
0.37764084507042256
0.378080985915493
0.3785211267605634
0.37896126760563387
0.37940140845070425
0.3798415492957747
0.3802816901408451
0.3807218309859155
0.38116197183098594
0.38160211267605637
0.38204225352112675
0.3824823943661972
0.3829225352112677
0.38336267605633806
0.3838028169014085
0.38424295774647893
0.3846830985915493
0.38512323943661975
0.3855633802816902
0.38600352112676056
0.386443661971831
0.38688380281690143
0.38732394366197187
0.3877640845070423
0.3882042253521127
0.3886443661971831
0.38908450704225356
0.4075704225352113
0.40801056338028174
0.4084507042253521
0.40889084507042256
0.409330985915493
0.4097711267605634
0.41021126760563387
0.41065140845070425
0.4110915492957747
0.4115316901408451
0.4119718309859155
0.41241197183098594
0.41285211267605637
0.41329225352112675
0.4137323943661972
0.4141725352112677
0.41461267605633806
0.4150528169014085
0.41549295774647893
0.4159330985915493
0.41637323943661975
0.4168133802816902
0.41725352112676056
0.41769366197183105
0.41813380281690143
0.41857394366197187
0.4190140845070423
0.4194542253521127
0.4198943661971831
0.42033450704225356
0.42077464788732394
0.4357394366197183
0.43617957746478875
0.4366197183098592
0.43705985915492956
0.4423415492957747
0.4427816901408451
0.4432218309859155
0.44366197183098594
0.44410211267605637
0.44454225352112675
0.4920774647887324
0.4925176056338028
0.49295774647887325
0.49339788732394363
0.4938380281690142
0.49427816901408456
0.494718309859155
0.5475352112676056
0.5479753521126761
0.5484154929577466
0.548855633802817
0.5492957746478874
0.5497359154929579
0.5501760563380282
0.5506161971830986
0.5510563380281691
0.5514964788732395
0.5519366197183099
0.5523767605633804
0.5528169014084507
0.5831866197183099
0.5836267605633804
0.5840669014084507
0.5915492957746479
0.5919894366197184
0.5924295774647887
0.5928697183098591
0.5933098591549296
0.6065140845070423
0.6069542253521127
0.6073943661971831
0.6078345070422535
0.608274647887324
0.6087147887323944
0.6091549295774648
0.6135563380281691
0.6139964788732395
0.6144366197183099
0.6148767605633804
0.6153169014084507
0.6157570422535211
0.6161971830985916
0.616637323943662
0.6170774647887324
0.6175176056338028
0.6179577464788734
0.6183978873239437
0.6320422535211268
0.6324823943661972
0.6329225352112676
0.702024647887324
0.9339788732394366
0.9344190140845071
0.9348591549295775
0.9352992957746479
0.9357394366197184
0.9361795774647887
0.9366197183098591
0.9370598591549296
0.9375
0.9379401408450704
0.9383802816901409
0.01716549295774648
0.017605633802816902
0.018045774647887324
0.018485915492957746
0.029929577464788738
0.03036971830985916
0.030809859154929578
0.03609154929577465
0.03653169014084507
0.03697183098591549
0.03741197183098592
0.03785211267605634
0.038292253521126765
0.03873239436619719
0.03961267605633803
0.04005281690140845
0.040492957746478875
0.0409330985915493
0.04137323943661972
0.0448943661971831
0.051056338028169015
0.05149647887323944
0.051936619718309866
0.05237676056338029
0.05281690140845071
0.058978873239436624
0.059419014084507046
0.059859154929577475
0.06029929577464789
0.06073943661971832
0.06382042253521128
0.06426056338028169
0.06470070422535212
0.06514084507042255
0.06558098591549297
0.06602112676056339
0.0664612676056338
0.06690140845070423
0.06734154929577466
0.06778169014084508
0.0682218309859155
0.06866197183098592
0.06910211267605634
0.06954225352112677
0.06998239436619719
0.07042253521126761
0.07086267605633803
0.09419014084507044
0.10079225352112677
0.10167253521126762
0.10299295774647887
0.1034330985915493
0.10387323943661973
0.10431338028169014
0.10519366197183098
0.11091549295774648
0.11135563380281692
0.11179577464788733
0.11223591549295776
0.11267605633802817
0.1131161971830986
0.11355633802816902
0.11399647887323945
0.11839788732394367
0.11883802816901409
0.1192781690140845
0.11971830985915495
0.12015845070422536
0.12059859154929578
0.1210387323943662
0.12147887323943664
0.12191901408450706
0.12235915492957747
0.12279929577464789
0.12323943661971831
0.1522887323943662
0.15272887323943665
0.15316901408450706
0.15360915492957747
0.1540492957746479
0.15448943661971834
0.15492957746478875
0.15536971830985916
0.1558098591549296
0.15625
0.15669014084507044
0.15713028169014087
0.15757042253521128
0.1580105633802817
0.15845070422535212
0.15889084507042256
0.15933098591549297
0.15977112676056338
0.1602112676056338
0.16065140845070425
0.16109154929577466
0.1615316901408451
0.1619718309859155
0.16241197183098594
0.16285211267605634
0.16329225352112678
0.1637323943661972
0.16417253521126762
0.16461267605633806
0.16505281690140847
0.16549295774647887
0.1659330985915493
0.16637323943661975
0.16681338028169015
0.16725352112676056
0.167693661971831
0.16813380281690143
0.16857394366197184
0.16901408450704228
0.1694542253521127
0.1698943661971831
0.17033450704225353
0.17165492957746478
0.17209507042253525
0.17253521126760565
0.17297535211267606
0.18750000000000003
0.18838028169014087
0.18882042253521128
0.1892605633802817
0.18970070422535212
0.19014084507042256
0.19674295774647887
0.1971830985915493
0.19762323943661975
0.19806338028169015
0.19850352112676056
0.198943661971831
0.19938380281690143
0.19982394366197184
0.20026408450704228
0.20554577464788734
0.2473591549295775
0.2477992957746479
0.24823943661971834
0.24867957746478875
0.24911971830985916
0.2495598591549296
0.25
0.25044014084507044
0.25088028169014087
0.2513204225352113
0.25176056338028174
0.2522007042253521
0.25264084507042256
0.253080985915493
0.2535211267605634
0.2539612676056338
0.2544014084507042
0.2548415492957747
0.2552816901408451
0.2557218309859155
0.25616197183098594
0.25660211267605637
0.25704225352112675
0.2574823943661972
0.2579225352112676
0.258362676056338
0.2658450704225352
0.2662852112676057
0.2667253521126761
0.2671654929577465
0.26848591549295775
0.2689260563380282
0.2693661971830986
0.269806338028169
0.2702464788732395
0.2706866197183099
0.2711267605633803
0.27156690140845074
0.2720070422535211
0.27244718309859156
0.272887323943662
0.2733274647887324
0.2737676056338028
0.2742077464788733
0.2746478873239437
0.2750880281690141
0.27552816901408456
0.27596830985915494
0.2764084507042254
0.2768485915492958
0.2772887323943662
0.2777288732394366
0.27816901408450706
0.2786091549295775
0.27904929577464793
0.2794894366197183
0.27992957746478875
0.28741197183098594
0.28785211267605637
0.2909330985915493
0.3138204225352113
0.31514084507042256
0.315580985915493
0.3160211267605634
0.3164612676056338
0.31690140845070425
0.3173415492957747
0.3177816901408451
0.3182218309859155
0.31866197183098594
0.31910211267605637
0.31954225352112675
0.323943661971831
0.3243838028169014
0.32482394366197187
0.3252640845070423
0.3257042253521127
0.3261443661971831
0.32658450704225356
0.32702464788732394
0.3274647887323944
0.3279049295774648
0.32834507042253525
0.3296654929577465
0.33010563380281693
0.3314260563380282
0.3318661971830986
0.33230633802816906
0.3327464788732395
0.3331866197183099
0.3336267605633803
0.3345070422535211
0.33494718309859156
0.335387323943662
0.3358274647887324
0.33626760563380287
0.3367077464788733
0.3371478873239437
0.3375880281690141
0.33802816901408456
0.33846830985915494
0.3389084507042254
0.3393485915492958
0.3397887323943662
0.3402288732394367
0.36531690140845074
0.3657570422535211
0.36619718309859156
0.3683978873239437
0.3688380281690141
0.36927816901408456
0.36971830985915494
0.3701584507042254
0.3705985915492958
0.3710387323943662
0.3714788732394367
0.4194542253521127
0.4269366197183099
0.4273767605633803
0.42781690140845074
0.4282570422535211
0.42869718309859156
0.46478873239436624
0.46830985915492956
0.5444542253521127
0.6681338028169015
0.6685739436619719
0.6690140845070423
0.6694542253521127
0.6698943661971831
0.6703345070422535
0.6875
0.6879401408450705
0.7244718309859155
0.724911971830986
0.7253521126760564
0.7257922535211268
0.7262323943661972
0.7266725352112677
0.7341549295774648
0.7345950704225354
0.7350352112676057
0.7354753521126761
0.7359154929577466
0.736355633802817
0.7367957746478874
0.7372359154929579
0.7376760563380282
0.7381161971830986
0.7385563380281691
0.7389964788732395
0.7882922535211268
0.823943661971831
0.8692781690140846
0.869718309859155
0.8701584507042254
0.8705985915492959
0.8710387323943662
0.8714788732394366
0.8719190140845071
0.9251760563380284
0.9256161971830987
0.9260563380281691
0.9264964788732396
0.92693661971831
0.9273767605633804
0.9278169014084509
0.9282570422535212
0.9286971830985916
0.9291373239436621
0.9295774647887325
0.9300176056338029
0.9304577464788734
0.9308978873239437
0.9313380281690141
0.9317781690140846
0.932218309859155
0.9326584507042254
0.9330985915492959
0.9335387323943662
0.9339788732394366
0.9344190140845071
0.9348591549295775
0.9352992957746479
0.9357394366197184
0.9361795774647887
0.9366197183098591
0.9370598591549296
0.9375
0.9379401408450704
0.9383802816901409
0.9388204225352113
0.9392605633802816
0.9397007042253521
0.9401408450704225
0.9405809859154931
0.9410211267605635
0.941461267605634
0.9419014084507044
0.9423415492957747
0.9427816901408452
0.9432218309859156
0.943661971830986
0.9441021126760565
0.004841549295774648
0.008802816901408451
0.0272887323943662
0.02772887323943662
0.028169014084507043
0.02860915492957747
0.02904929577464789
0.029489436619718312
0.0409330985915493
0.04137323943661972
0.04181338028169014
0.04225352112676057
0.04269366197183099
0.04313380281690141
0.043573943661971835
0.04401408450704226
0.048415492957746484
0.061619718309859156
0.062059859154929585
0.06338028169014084
0.06382042253521128
0.06426056338028169
0.06470070422535212
0.06514084507042255
0.06558098591549297
0.07350352112676058
0.07394366197183098
0.07438380281690142
0.07482394366197184
0.07526408450704225
0.07570422535211269
0.0761443661971831
0.07658450704225353
0.07702464788732395
0.07746478873239437
0.0779049295774648
0.08890845070422536
0.10519366197183098
0.10563380281690142
0.10607394366197184
0.10651408450704226
0.10871478873239437
0.15140845070422537
0.15184859154929578
0.1522887323943662
0.15272887323943665
0.15316901408450706
0.15360915492957747
0.1540492957746479
0.15448943661971834
0.15492957746478875
0.15536971830985916
0.1558098591549296
0.15625
0.15669014084507044
0.15713028169014087
0.15757042253521128
0.1580105633802817
0.15845070422535212
0.15889084507042256
0.15933098591549297
0.15977112676056338
0.1602112676056338
0.16065140845070425
0.16109154929577466
0.1615316901408451
0.1619718309859155
0.16241197183098594
0.16285211267605634
0.16329225352112678
0.1637323943661972
0.16417253521126762
0.16461267605633806
0.16505281690140847
0.16549295774647887
0.1659330985915493
0.16637323943661975
0.16681338028169015
0.16725352112676056
0.167693661971831
0.16813380281690143
0.16857394366197184
0.16901408450704228
0.1694542253521127
0.1698943661971831
0.17033450704225353
0.17077464788732397
0.17121478873239437
0.17165492957746478
0.17209507042253525
0.17253521126760565
0.17297535211267606
0.1734154929577465
0.1738556338028169
0.17429577464788734
0.17473591549295775
0.17517605633802819
0.1756161971830986
0.17605633802816903
0.19674295774647887
0.1971830985915493
0.19982394366197184
0.20026408450704228
0.2007042253521127
0.20114436619718312
0.20158450704225353
0.20202464788732397
0.20246478873239437
0.20290492957746478
0.20334507042253525
0.20378521126760565
0.20422535211267606
0.2046654929577465
0.20510563380281693
0.20554577464788734
0.20598591549295775
0.20642605633802819
0.2068661971830986
0.20730633802816903
0.20774647887323947
0.20818661971830987
0.20862676056338028
0.20906690140845072
0.20950704225352115
0.20994718309859156
0.21038732394366197
0.21082746478873243
0.21126760563380284
0.21170774647887325
0.21214788732394368
0.2125880281690141
0.21302816901408453
0.21346830985915494
0.21390845070422537
0.21434859154929578
0.21478873239436622
0.21919014084507044
0.21963028169014087
0.22007042253521128
0.22051056338028172
0.22095070422535212
0.22315140845070425
0.24559859154929578
0.2460387323943662
0.24647887323943662
0.2469190140845071
0.2473591549295775
0.2477992957746479
0.24823943661971834
0.24867957746478875
0.24911971830985916
0.2495598591549296
0.25
0.25044014084507044
0.25088028169014087
0.2513204225352113
0.25176056338028174
0.2522007042253521
0.25264084507042256
0.253080985915493
0.2535211267605634
0.2539612676056338
0.2544014084507042
0.2548415492957747
0.2552816901408451
0.2557218309859155
0.25616197183098594
0.25660211267605637
0.25704225352112675
0.2574823943661972
0.2579225352112676
0.258362676056338
0.2588028169014085
0.25924295774647893
0.2596830985915493
0.26012323943661975
0.2605633802816902
0.26100352112676056
0.261443661971831
0.2618838028169014
0.26232394366197187
0.2627640845070423
0.2632042253521127
0.2636443661971831
0.26408450704225356
0.26452464788732394
0.2649647887323944
0.2654049295774648
0.2658450704225352
0.2662852112676057
0.2667253521126761
0.2671654929577465
0.26760563380281693
0.26804577464788737
0.26848591549295775
0.2689260563380282
0.2693661971830986
0.269806338028169
0.2702464788732395
0.2706866197183099
0.2711267605633803
0.27156690140845074
0.2720070422535211
0.27244718309859156
0.272887323943662
0.2733274647887324
0.2737676056338028
0.2742077464788733
0.2746478873239437
0.2750880281690141
0.2909330985915493
0.29137323943661975
0.2918133802816902
0.29225352112676056
0.292693661971831
0.2931338028169014
0.29357394366197187
0.2940140845070423
0.2944542253521127
0.31117957746478875
0.3116197183098592
0.3129401408450705
0.31338028169014087
0.3138204225352113
0.31426056338028174
0.3147007042253521
0.31514084507042256
0.315580985915493
0.3160211267605634
0.3164612676056338
0.31690140845070425
0.3173415492957747
0.3177816901408451
0.3182218309859155
0.31866197183098594
0.31910211267605637
0.31954225352112675
0.3199823943661972
0.3204225352112676
0.32086267605633806
0.3213028169014085
0.32174295774647893
0.3221830985915493
0.32262323943661975
0.3230633802816902
0.32350352112676056
0.323943661971831
0.3243838028169014
0.32482394366197187
0.4881161971830986
0.48855633802816906
0.4889964788732395
0.4894366197183099
0.4898767605633803
0.49031690140845074
0.4907570422535211
0.49119718309859156
0.491637323943662
0.4920774647887324
0.4925176056338028
0.49295774647887325
0.49339788732394363
0.4938380281690142
0.49427816901408456
0.49955985915492956
0.5017605633802817
0.6672535211267606
0.667693661971831
0.6681338028169015
0.6685739436619719
0.6690140845070423
0.6694542253521127
0.6698943661971831
0.7640845070422535
0.764524647887324
0.7667253521126761
0.7671654929577466
0.767605633802817
0.7680457746478874
0.7684859154929579
0.7689260563380282
0.7693661971830986
0.7698063380281691
0.8138204225352114
0.8142605633802817
0.8147007042253522
0.8151408450704226
0.815580985915493
0.8160211267605635
0.8164612676056339
0.8169014084507042
0.8173415492957747
0.8177816901408451
0.8182218309859155
0.818661971830986
0.8191021126760564
0.9247359154929579
0.9251760563380284
0.9256161971830987
0.9260563380281691
0.9264964788732396
0.92693661971831
0.9273767605633804
0.9278169014084509
0.9282570422535212
0.9286971830985916
0.9291373239436621
0.9295774647887325
0.9300176056338029
0.9304577464788734
0.9308978873239437
0.9313380281690141
0.9352992957746479
0.9357394366197184
0.9361795774647887
0.9366197183098591
0.9370598591549296
0.9375
0.9379401408450704
0.9383802816901409
0.9388204225352113
0.9392605633802816
0.9397007042253521
0.9401408450704225
0.9405809859154931
0.9410211267605635
0.941461267605634
0.016285211267605636
0.01672535211267606
0.018045774647887324
0.018485915492957746
0.023327464788732395
0.035211267605633804
0.035651408450704226
0.03609154929577465
0.10695422535211269
0.10739436619718311
0.10783450704225353
0.10827464788732395
0.10871478873239437
0.1091549295774648
0.10959507042253522
0.11003521126760564
0.11047535211267606
0.11091549295774648
0.11135563380281692
0.11179577464788733
0.11223591549295776
0.11267605633802817
0.1131161971830986
0.11355633802816902
0.11399647887323945
0.11443661971830987
0.11487676056338028
0.1153169014084507
0.11575704225352114
0.11619718309859156
0.11663732394366198
0.11707746478873239
0.11751760563380281
0.11795774647887325
0.11839788732394367
0.11883802816901409
0.1192781690140845
0.1505281690140845
0.15096830985915494
0.15140845070422537
0.15184859154929578
0.1522887323943662
0.15272887323943665
0.15316901408450706
0.15360915492957747
0.1540492957746479
0.15448943661971834
0.15492957746478875
0.15536971830985916
0.1558098591549296
0.15625
0.15669014084507044
0.15713028169014087
0.15757042253521128
0.1602112676056338
0.16065140845070425
0.16109154929577466
0.1615316901408451
0.1619718309859155
0.16241197183098594
0.16285211267605634
0.16329225352112678
0.1637323943661972
0.16417253521126762
0.16461267605633806
0.16505281690140847
0.16549295774647887
0.1659330985915493
0.16637323943661975
0.16681338028169015
0.16725352112676056
0.167693661971831
0.16813380281690143
0.16857394366197184
0.16901408450704228
0.1694542253521127
0.1698943661971831
0.17033450704225353
0.17077464788732397
0.17121478873239437
0.17165492957746478
0.17209507042253525
0.17253521126760565
0.17297535211267606
0.1734154929577465
0.1738556338028169
0.17429577464788734
0.17473591549295775
0.17517605633802819
0.1756161971830986
0.17605633802816903
0.19586267605633806
0.19630281690140847
0.19674295774647887
0.1971830985915493
0.19762323943661975
0.19806338028169015
0.19850352112676056
0.20246478873239437
0.20290492957746478
0.20334507042253525
0.20378521126760565
0.20422535211267606
0.2046654929577465
0.20510563380281693
0.20554577464788734
0.20598591549295775
0.20642605633802819
0.2068661971830986
0.20730633802816903
0.20774647887323947
0.20818661971830987
0.20862676056338028
0.20906690140845072
0.20950704225352115
0.20994718309859156
0.21038732394366197
0.21082746478873243
0.21126760563380284
0.21170774647887325
0.21214788732394368
0.2125880281690141
0.21302816901408453
0.21346830985915494
0.21390845070422537
0.21434859154929578
0.21478873239436622
0.21522887323943665
0.21566901408450706
0.21610915492957747
0.2165492957746479
0.21698943661971834
0.21742957746478875
0.21786971830985916
0.2183098591549296
0.21875000000000003
0.21919014084507044
0.21963028169014087
0.22007042253521128
0.22051056338028172
0.22095070422535212
0.22139084507042256
0.22183098591549297
0.22227112676056338
0.22271126760563384
0.22315140845070425
0.2240316901408451
0.22447183098591553
0.2381161971830986
0.238556338028169
0.23899647887323947
0.2394366197183099
0.2398767605633803
0.24031690140845072
0.24075704225352115
0.24119718309859156
0.24163732394366197
0.2420774647887324
0.2425176056338028
0.24295774647887328
0.24559859154929578
0.2460387323943662
0.24647887323943662
0.2469190140845071
0.2473591549295775
0.2477992957746479
0.24823943661971834
0.24867957746478875
0.24911971830985916
0.2495598591549296
0.25
0.25044014084507044
0.25088028169014087
0.2513204225352113
0.25176056338028174
0.2522007042253521
0.25264084507042256
0.253080985915493
0.2535211267605634
0.2539612676056338
0.2544014084507042
0.2548415492957747
0.2552816901408451
0.2557218309859155
0.25616197183098594
0.25660211267605637
0.25704225352112675
0.2574823943661972
0.2579225352112676
0.258362676056338
0.2588028169014085
0.25924295774647893
0.2596830985915493
0.26012323943661975
0.2605633802816902
0.26100352112676056
0.261443661971831
0.2618838028169014
0.26232394366197187
0.2627640845070423
0.2632042253521127
0.2636443661971831
0.26408450704225356
0.26452464788732394
0.2649647887323944
0.2654049295774648
0.2658450704225352
0.2662852112676057
0.2667253521126761
0.2671654929577465
0.26760563380281693
0.26804577464788737
0.26848591549295775
0.2689260563380282
0.2693661971830986
0.269806338028169
0.2702464788732395
0.2706866197183099
0.2711267605633803
0.27156690140845074
0.2720070422535211
0.27244718309859156
0.272887323943662
0.2733274647887324
0.2737676056338028
0.2742077464788733
0.2746478873239437
0.2750880281690141
0.27552816901408456
0.27596830985915494
0.2764084507042254
0.2768485915492958
0.2772887323943662
0.29225352112676056
0.292693661971831
0.2931338028169014
0.29357394366197187
0.2940140845070423
0.2944542253521127
0.2948943661971831
0.29533450704225356
0.31029929577464793
0.3107394366197183
0.31117957746478875
0.3116197183098592
0.31205985915492956
0.3125
0.3129401408450705
0.31338028169014087
0.3138204225352113
0.31426056338028174
0.3147007042253521
0.31514084507042256
0.315580985915493
0.3160211267605634
0.3164612676056338
0.31690140845070425
0.3173415492957747
0.3177816901408451
0.3182218309859155
0.31866197183098594
0.31910211267605637
0.31954225352112675
0.3199823943661972
0.3204225352112676
0.32086267605633806
0.3213028169014085
0.32174295774647893
0.3221830985915493
0.32262323943661975
0.3230633802816902
0.32350352112676056
0.323943661971831
0.3419894366197183
0.34242957746478875
0.3472711267605634
0.3683978873239437
0.3714788732394367
0.37191901408450706
0.3723591549295775
0.37279929577464793
0.3732394366197183
0.37367957746478875
0.37500000000000006
0.3754401408450705
0.4907570422535211
0.49119718309859156
0.491637323943662
0.4920774647887324
0.4925176056338028
0.49295774647887325
0.49339788732394363
0.4938380281690142
0.49427816901408456
0.494718309859155
0.49515845070422543
0.4955985915492958
0.49603873239436624
0.4964788732394367
0.49691901408450706
0.4973591549295775
0.49779929577464793
0.4982394366197183
0.49867957746478875
0.4991197183098592
0.49955985915492956
0.5
0.5004401408450704
0.5008802816901409
0.5013204225352114
0.5017605633802817
0.5022007042253522
0.5026408450704226
0.503080985915493
0.5035211267605635
0.5039612676056339
0.5044014084507042
0.5048415492957747
0.5052816901408451
0.5057218309859155
0.506161971830986
0.5066021126760564
0.5070422535211268
0.5074823943661972
0.5079225352112676
0.508362676056338
0.5088028169014084
0.639524647887324
0.6399647887323944
0.6404049295774648
0.6408450704225352
0.6412852112676057
0.6417253521126761
0.6421654929577466
0.642605633802817
0.6430457746478874
0.6434859154929579
0.6439260563380282
0.6443661971830986
0.6448063380281691
0.6452464788732395
0.6456866197183099
0.6461267605633804
0.6465669014084507
0.6470070422535211
0.6474471830985916
0.647887323943662
0.6483274647887324
0.6487676056338028
0.6492077464788734
0.6496478873239437
0.6500880281690141
0.6505281690140846
0.650968309859155
0.6514084507042254
0.6518485915492959
0.6522887323943662
0.6527288732394366
0.6531690140845071
0.6536091549295775
0.6540492957746479
0.6544894366197184
0.6549295774647887
0.6553697183098591
0.6558098591549296
0.65625
0.6566901408450705
0.657130281690141
0.6575704225352114
0.6580105633802817
0.6584507042253522
0.6588908450704226
0.659330985915493
0.6597711267605635
0.6602112676056339
0.6606514084507042
0.6610915492957747
0.6615316901408451
0.6619718309859155
0.662411971830986
0.6628521126760564
0.6632922535211268
0.6637323943661972
0.6641725352112676
0.6646126760563381
0.6650528169014085
0.665492957746479
0.6659330985915494
0.6663732394366197
0.6668133802816902
0.7112676056338029
0.7117077464788734
0.7121478873239437
0.7125880281690141
0.7130281690140846
0.713468309859155
0.7139084507042254
0.7143485915492959
0.8125000000000001
0.8129401408450705
0.813380281690141
0.8138204225352114
0.8142605633802817
0.8147007042253522
0.8151408450704226
0.815580985915493
0.8160211267605635
0.8164612676056339
0.8169014084507042
0.8173415492957747
0.8177816901408451
0.8182218309859155
0.818661971830986
0.8191021126760564
0.8195422535211268
0.8199823943661972
0.8204225352112677
0.8208626760563381
0.8213028169014085
0.821742957746479
0.8221830985915494
0.8226232394366197
0.8230633802816902
0.8235035211267606
0.823943661971831
0.9260563380281691
0.9264964788732396
0.92693661971831
0.9273767605633804
0.9278169014084509
0.9282570422535212
0.9286971830985916
0.9291373239436621
0.9295774647887325
0.9300176056338029
0.9304577464788734
0.9308978873239437
0.9313380281690141
0.9317781690140846
0.932218309859155
0.9326584507042254
0.9330985915492959
0.9335387323943662
0.9339788732394366
0.9344190140845071
0.9348591549295775
0.9352992957746479
0.9357394366197184
0.9361795774647887
0.9366197183098591
0.9370598591549296
0.9375
0.9379401408450704
0.9383802816901409
0.9388204225352113
0.9392605633802816
0.9397007042253521
0.9401408450704225
0.9405809859154931
0.9410211267605635
0.941461267605634
0.9419014084507044
0.9423415492957747
0.9427816901408452
0.9432218309859156
0.01188380281690141
0.012323943661971832
0.01716549295774648
0.018485915492957746
0.01892605633802817
0.019366197183098594
0.019806338028169015
0.023327464788732395
0.02376760563380282
0.024207746478873242
0.024647887323943664
0.025528169014084508
0.03389084507042254
0.03433098591549296
0.03477112676056338
0.03609154929577465
0.048855633802816906
0.04929577464788733
0.061619718309859156
0.062059859154929585
0.0625
0.06294014084507044
0.06338028169014084
0.06382042253521128
0.06426056338028169
0.08230633802816903
0.08274647887323944
0.1091549295774648
0.10959507042253522
0.11003521126760564
0.11047535211267606
0.11091549295774648
0.11135563380281692
0.11179577464788733
0.11223591549295776
0.11267605633802817
0.1131161971830986
0.11355633802816902
0.15096830985915494
0.15448943661971834
0.15492957746478875
0.15536971830985916
0.1558098591549296
0.15625
0.15669014084507044
0.15713028169014087
0.15757042253521128
0.1580105633802817
0.15845070422535212
0.16505281690140847
0.16549295774647887
0.1659330985915493
0.16637323943661975
0.16681338028169015
0.16725352112676056
0.167693661971831
0.16813380281690143
0.16857394366197184
0.16901408450704228
0.1694542253521127
0.1698943661971831
0.19982394366197184
0.20026408450704228
0.2007042253521127
0.20114436619718312
0.20378521126760565
0.20422535211267606
0.2046654929577465
0.20510563380281693
0.20554577464788734
0.20598591549295775
0.20642605633802819
0.2068661971830986
0.20730633802816903
0.20774647887323947
0.20818661971830987
0.20862676056338028
0.20906690140845072
0.20950704225352115
0.20994718309859156
0.21038732394366197
0.21082746478873243
0.21126760563380284
0.21170774647887325
0.21214788732394368
0.2125880281690141
0.21302816901408453
0.21346830985915494
0.21390845070422537
0.21434859154929578
0.21478873239436622
0.21522887323943665
0.21566901408450706
0.21610915492957747
0.2165492957746479
0.21698943661971834
0.21742957746478875
0.21786971830985916
0.2183098591549296
0.21875000000000003
0.21919014084507044
0.21963028169014087
0.22007042253521128
0.22051056338028172
0.22095070422535212
0.22139084507042256
0.22183098591549297
0.22227112676056338
0.22271126760563384
0.22315140845070425
0.22359154929577466
0.2240316901408451
0.22447183098591553
0.22491197183098594
0.22535211267605634
0.22579225352112678
0.24559859154929578
0.2460387323943662
0.24647887323943662
0.2469190140845071
0.2473591549295775
0.2477992957746479
0.24823943661971834
0.24867957746478875
0.24911971830985916
0.2495598591549296
0.25
0.25044014084507044
0.25088028169014087
0.2513204225352113
0.25176056338028174
0.2522007042253521
0.25264084507042256
0.253080985915493
0.2535211267605634
0.2539612676056338
0.2544014084507042
0.2548415492957747
0.2552816901408451
0.2557218309859155
0.25616197183098594
0.25660211267605637
0.25704225352112675
0.2574823943661972
0.2579225352112676
0.258362676056338
0.2588028169014085
0.25924295774647893
0.2596830985915493
0.26012323943661975
0.2605633802816902
0.26100352112676056
0.261443661971831
0.2618838028169014
0.26232394366197187
0.2627640845070423
0.2632042253521127
0.2636443661971831
0.26408450704225356
0.26452464788732394
0.2649647887323944
0.2654049295774648
0.2658450704225352
0.2662852112676057
0.2667253521126761
0.2671654929577465
0.26760563380281693
0.26804577464788737
0.26848591549295775
0.2689260563380282
0.2693661971830986
0.269806338028169
0.2702464788732395
0.2706866197183099
0.2711267605633803
0.27156690140845074
0.2720070422535211
0.27244718309859156
0.272887323943662
0.2733274647887324
0.2737676056338028
0.2742077464788733
0.2746478873239437
0.2750880281690141
0.27552816901408456
0.3085387323943662
0.3089788732394367
0.31514084507042256
0.3160211267605634
0.3164612676056338
0.31690140845070425
0.3173415492957747
0.3177816901408451
0.3182218309859155
0.31866197183098594
0.31910211267605637
0.31954225352112675
0.3199823943661972
0.3204225352112676
0.32086267605633806
0.3213028169014085
0.32174295774647893
0.3221830985915493
0.32262323943661975
0.3230633802816902
0.32350352112676056
0.323943661971831
0.3243838028169014
0.32482394366197187
0.3714788732394367
0.37191901408450706
0.3723591549295775
0.37279929577464793
0.3732394366197183
0.37367957746478875
0.3741197183098592
0.39084507042253525
0.3912852112676057
0.3917253521126761
0.3921654929577465
0.4925176056338028
0.49295774647887325
0.49339788732394363
0.4938380281690142
0.49427816901408456
0.494718309859155
0.49515845070422543
0.4955985915492958
0.49603873239436624
0.4964788732394367
0.49691901408450706
0.4973591549295775
0.49779929577464793
0.4982394366197183
0.49867957746478875
0.4991197183098592
0.49955985915492956
0.5
0.5004401408450704
0.5008802816901409
0.5013204225352114
0.5017605633802817
0.5022007042253522
0.5026408450704226
0.503080985915493
0.5035211267605635
0.5039612676056339
0.5044014084507042
0.5048415492957747
0.5052816901408451
0.5057218309859155
0.506161971830986
0.5066021126760564
0.5070422535211268
0.5074823943661972
0.5079225352112676
0.508362676056338
0.6456866197183099
0.6461267605633804
0.6465669014084507
0.6470070422535211
0.6474471830985916
0.647887323943662
0.6483274647887324
0.6487676056338028
0.6492077464788734
0.6496478873239437
0.6500880281690141
0.6505281690140846
0.650968309859155
0.6514084507042254
0.6518485915492959
0.6522887323943662
0.6527288732394366
0.6531690140845071
0.6536091549295775
0.6540492957746479
0.6544894366197184
0.6549295774647887
0.6553697183098591
0.6558098591549296
0.65625
0.6566901408450705
0.657130281690141
0.6575704225352114
0.6580105633802817
0.6584507042253522
0.6588908450704226
0.659330985915493
0.6597711267605635
0.6602112676056339
0.6606514084507042
0.6610915492957747
0.6615316901408451
0.6619718309859155
0.662411971830986
0.6628521126760564
0.6632922535211268
0.6637323943661972
0.6641725352112676
0.6646126760563381
0.6650528169014085
0.665492957746479
0.6659330985915494
0.6663732394366197
0.6668133802816902
0.7108274647887324
0.7112676056338029
0.7117077464788734
0.7121478873239437
0.7125880281690141
0.7130281690140846
0.713468309859155
0.7139084507042254
0.7143485915492959
0.7147887323943662
0.7152288732394366
0.8116197183098591
0.8120598591549297
0.8125000000000001
0.8129401408450705
0.813380281690141
0.8138204225352114
0.8142605633802817
0.8147007042253522
0.8151408450704226
0.815580985915493
0.8160211267605635
0.8164612676056339
0.8169014084507042
0.8173415492957747
0.8177816901408451
0.8182218309859155
0.818661971830986
0.8191021126760564
0.8195422535211268
0.8199823943661972
0.8204225352112677
0.8208626760563381
0.8213028169014085
0.821742957746479
0.8221830985915494
0.8226232394366197
0.8230633802816902
0.8235035211267606
0.823943661971831
0.8243838028169015
0.8248239436619719
0.875880281690141
0.8763204225352114
0.8767605633802817
0.8772007042253522
0.9247359154929579
0.9251760563380284
0.9256161971830987
0.9260563380281691
0.9264964788732396
0.92693661971831
0.9273767605633804
0.9278169014084509
0.9282570422535212
0.9308978873239437
0.9317781690140846
0.9357394366197184
0.9361795774647887
0.9366197183098591
0.9370598591549296
0.9375
0.9379401408450704
0.9383802816901409
0.9388204225352113
0.9423415492957747
0.9427816901408452
0.9432218309859156
0.017605633802816902
0.018045774647887324
0.01892605633802817
0.019366197183098594
0.02376760563380282
0.024207746478873242
0.024647887323943664
0.03653169014084507
0.03697183098591549
0.04973591549295775
0.06029929577464789
0.06073943661971832
0.061179577464788734
0.08318661971830987
0.10827464788732395
0.10871478873239437
0.1091549295774648
0.10959507042253522
0.11003521126760564
0.11047535211267606
0.11091549295774648
0.11135563380281692
0.11179577464788733
0.11223591549295776
0.11267605633802817
0.1131161971830986
0.11355633802816902
0.11399647887323945
0.11443661971830987
0.11487676056338028
0.1153169014084507
0.11575704225352114
0.11619718309859156
0.11663732394366198
0.11707746478873239
0.11751760563380281
0.11795774647887325
0.11839788732394367
0.11883802816901409
0.1192781690140845
0.11971830985915495
0.12015845070422536
0.12059859154929578
0.13996478873239437
0.15140845070422537
0.15360915492957747
0.1540492957746479
0.15448943661971834
0.15492957746478875
0.15536971830985916
0.1558098591549296
0.15625
0.15669014084507044
0.15713028169014087
0.15757042253521128
0.1580105633802817
0.15845070422535212
0.15889084507042256
0.15933098591549297
0.1619718309859155
0.16285211267605634
0.16329225352112678
0.1637323943661972
0.16417253521126762
0.16461267605633806
0.16505281690140847
0.16549295774647887
0.1659330985915493
0.16637323943661975
0.16681338028169015
0.16725352112676056
0.167693661971831
0.16813380281690143
0.16857394366197184
0.16901408450704228
0.1694542253521127
0.1698943661971831
0.17033450704225353
0.17077464788732397
0.17121478873239437
0.17165492957746478
0.17209507042253525
0.17253521126760565
0.17297535211267606
0.1734154929577465
0.1738556338028169
0.17429577464788734
0.17473591549295775
0.17517605633802819
0.1756161971830986
0.17605633802816903
0.17649647887323947
0.17693661971830987
0.18661971830985916
0.1870598591549296
0.198943661971831
0.19938380281690143
0.19982394366197184
0.20026408450704228
0.2007042253521127
0.20246478873239437
0.20290492957746478
0.20334507042253525
0.20378521126760565
0.20422535211267606
0.2046654929577465
0.20510563380281693
0.20554577464788734
0.20598591549295775
0.20642605633802819
0.2068661971830986
0.20730633802816903
0.20774647887323947
0.20818661971830987
0.20862676056338028
0.20906690140845072
0.20950704225352115
0.20994718309859156
0.21038732394366197
0.21082746478873243
0.21126760563380284
0.21170774647887325
0.21214788732394368
0.2125880281690141
0.21302816901408453
0.21346830985915494
0.21390845070422537
0.21434859154929578
0.21478873239436622
0.21522887323943665
0.21566901408450706
0.21610915492957747
0.2165492957746479
0.21698943661971834
0.21742957746478875
0.21786971830985916
0.2183098591549296
0.21875000000000003
0.21919014084507044
0.21963028169014087
0.22007042253521128
0.22051056338028172
0.22095070422535212
0.22139084507042256
0.22183098591549297
0.22227112676056338
0.22271126760563384
0.22315140845070425
0.22359154929577466
0.2240316901408451
0.22447183098591553
0.22491197183098594
0.2275528169014085
0.2398767605633803
0.24031690140845072
0.24075704225352115
0.24119718309859156
0.24163732394366197
0.2420774647887324
0.2425176056338028
0.24295774647887328
0.24339788732394368
0.24383802816901412
0.24427816901408453
0.2460387323943662
0.24647887323943662
0.2469190140845071
0.2473591549295775
0.2477992957746479
0.24823943661971834
0.24867957746478875
0.24911971830985916
0.2495598591549296
0.25
0.25044014084507044
0.25088028169014087
0.2513204225352113
0.25176056338028174
0.2522007042253521
0.25264084507042256
0.253080985915493
0.2535211267605634
0.2539612676056338
0.2544014084507042
0.2548415492957747
0.2552816901408451
0.2557218309859155
0.25616197183098594
0.25660211267605637
0.25704225352112675
0.2574823943661972
0.2579225352112676
0.258362676056338
0.2588028169014085
0.25924295774647893
0.2596830985915493
0.26012323943661975
0.2605633802816902
0.26100352112676056
0.261443661971831
0.2618838028169014
0.26232394366197187
0.2627640845070423
0.2632042253521127
0.2636443661971831
0.26408450704225356
0.26452464788732394
0.2649647887323944
0.2654049295774648
0.2658450704225352
0.2662852112676057
0.2667253521126761
0.2671654929577465
0.26760563380281693
0.26804577464788737
0.26848591549295775
0.2689260563380282
0.2693661971830986
0.269806338028169
0.2702464788732395
0.2706866197183099
0.2711267605633803
0.27156690140845074
0.2720070422535211
0.27244718309859156
0.272887323943662
0.2733274647887324
0.2737676056338028
0.2742077464788733
0.2746478873239437
0.2750880281690141
0.27552816901408456
0.27596830985915494
0.2764084507042254
0.2768485915492958
0.2772887323943662
0.2777288732394366
0.27816901408450706
0.2786091549295775
0.29357394366197187
0.2940140845070423
0.2944542253521127
0.2948943661971831
0.29533450704225356
0.3001760563380282
0.3006161971830986
0.3098591549295775
0.31029929577464793
0.3107394366197183
0.31117957746478875
0.3116197183098592
0.31426056338028174
0.3147007042253521
0.31514084507042256
0.315580985915493
0.3160211267605634
0.3164612676056338
0.31690140845070425
0.3173415492957747
0.3177816901408451
0.3182218309859155
0.31866197183098594
0.31910211267605637
0.31954225352112675
0.3199823943661972
0.3204225352112676
0.32086267605633806
0.3213028169014085
0.32174295774647893
0.3221830985915493
0.32262323943661975
0.3230633802816902
0.32350352112676056
0.323943661971831
0.3243838028169014
0.32482394366197187
0.3252640845070423
0.32834507042253525
0.34154929577464793
0.3419894366197183
0.3428697183098592
0.3450704225352113
0.3688380281690141
0.36927816901408456
0.36971830985915494
0.3701584507042254
0.3723591549295775
0.37279929577464793
0.3732394366197183
0.37367957746478875
0.3741197183098592
0.37455985915492956
0.37500000000000006
0.3754401408450705
0.37676056338028174
0.3772007042253521
0.37764084507042256
0.38336267605633806
0.3917253521126761
0.42473591549295775
0.49119718309859156
0.491637323943662
0.4920774647887324
0.49427816901408456
0.494718309859155
0.49515845070422543
0.4955985915492958
0.49603873239436624
0.4964788732394367
0.49691901408450706
0.4973591549295775
0.49779929577464793
0.4982394366197183
0.49867957746478875
0.4991197183098592
0.49955985915492956
0.5
0.5004401408450704
0.5008802816901409
0.5013204225352114
0.5017605633802817
0.5022007042253522
0.5026408450704226
0.503080985915493
0.5035211267605635
0.5039612676056339
0.5044014084507042
0.5048415492957747
0.5052816901408451
0.5057218309859155
0.506161971830986
0.5066021126760564
0.5070422535211268
0.5074823943661972
0.5079225352112676
0.508362676056338
0.5088028169014084
0.509242957746479
0.5096830985915494
0.5101232394366197
0.5105633802816902
0.5110035211267606
0.5506161971830986
0.5510563380281691
0.5514964788732395
0.5532570422535211
0.5536971830985916
0.554137323943662
0.5545774647887324
0.5550176056338028
0.5554577464788732
0.5558978873239437
0.5563380281690141
0.5567781690140846
0.557218309859155
0.5576584507042254
0.5580985915492959
0.5585387323943662
0.5589788732394366
0.5594190140845071
0.5598591549295775
0.5602992957746479
0.5607394366197184
0.6386443661971831
0.6390845070422535
0.639524647887324
0.6399647887323944
0.6404049295774648
0.6408450704225352
0.6412852112676057
0.6417253521126761
0.6421654929577466
0.642605633802817
0.6430457746478874
0.6434859154929579
0.6439260563380282
0.6443661971830986
0.6448063380281691
0.6452464788732395
0.6456866197183099
0.6461267605633804
0.6465669014084507
0.6470070422535211
0.6474471830985916
0.647887323943662
0.6483274647887324
0.6487676056338028
0.6492077464788734
0.6496478873239437
0.6500880281690141
0.6505281690140846
0.650968309859155
0.6514084507042254
0.6518485915492959
0.6522887323943662
0.6527288732394366
0.6531690140845071
0.6536091549295775
0.6540492957746479
0.6544894366197184
0.6549295774647887
0.6553697183098591
0.6558098591549296
0.65625
0.6566901408450705
0.657130281690141
0.6575704225352114
0.6580105633802817
0.6584507042253522
0.6588908450704226
0.659330985915493
0.6597711267605635
0.6602112676056339
0.6606514084507042
0.6610915492957747
0.6615316901408451
0.6619718309859155
0.662411971830986
0.6628521126760564
0.6632922535211268
0.6637323943661972
0.6641725352112676
0.6646126760563381
0.6650528169014085
0.665492957746479
0.6659330985915494
0.6663732394366197
0.6668133802816902
0.6672535211267606
0.667693661971831
0.6681338028169015
0.713468309859155
0.7139084507042254
0.7143485915492959
0.7147887323943662
0.7152288732394366
0.7156690140845071
0.7161091549295775
0.7165492957746479
0.7169894366197184
0.7174295774647887
0.7178697183098591
0.7183098591549296
0.71875
0.7640845070422535
0.764524647887324
0.7649647887323944
0.7654049295774648
0.7658450704225354
0.7662852112676057
0.7667253521126761
0.7671654929577466
0.767605633802817
0.7680457746478874
0.7684859154929579
0.7689260563380282
0.7698063380281691
0.7702464788732395
0.7706866197183099
0.8226232394366197
0.8230633802816902
0.8235035211267606
0.823943661971831
0.8243838028169015
0.8248239436619719
0.8252640845070423
0.8257042253521127
0.8261443661971831
0.8265845070422535
0.827024647887324
0.8789612676056339
0.9238556338028169
0.9242957746478873
0.9247359154929579
0.9251760563380284
0.9295774647887325
0.9300176056338029
0.9304577464788734
0.9308978873239437
0.9313380281690141
0.9317781690140846
0.932218309859155
0.9330985915492959
0.9335387323943662
0.9339788732394366
0.9344190140845071
0.9348591549295775
0.9352992957746479
0.9357394366197184
0.9361795774647887
0.9366197183098591
0.9370598591549296
0.9379401408450704
0.9383802816901409
0.9388204225352113
0.9392605633802816
0.9397007042253521
0.9401408450704225
0.9445422535211269
0.9449823943661972
0.005721830985915493
0.006161971830985916
0.011003521126760564
0.011443661971830986
0.02860915492957747
0.02904929577464789
0.029489436619718312
0.029929577464788738
0.03036971830985916
0.030809859154929578
0.03125
0.03169014084507042
0.032130281690140844
0.03257042253521127
0.033010563380281695
0.03433098591549296
0.03477112676056338
0.04269366197183099
0.04313380281690141
0.043573943661971835
0.04533450704225352
0.045774647887323945
0.04621478873239437
0.09419014084507044
0.09463028169014084
0.09507042253521128
0.09551056338028169
0.09595070422535212
0.09639084507042255
0.09683098591549297
0.09727112676056339
0.09771126760563381
0.09815140845070423
0.09859154929577466
0.09903169014084508
0.0994718309859155
0.09991197183098592
0.10035211267605634
0.10079225352112677
0.10123239436619719
0.10167253521126762
0.1346830985915493
0.13600352112676056
0.136443661971831
0.1368838028169014
0.13776408450704228
0.1382042253521127
0.1386443661971831
0.13908450704225353
0.13952464788732397
0.13996478873239437
0.14040492957746478
0.14084507042253522
0.15096830985915494
0.15140845070422537
0.15184859154929578
0.1522887323943662
0.15272887323943665
0.15316901408450706
0.15360915492957747
0.1540492957746479
0.15448943661971834
0.15492957746478875
0.15536971830985916
0.1558098591549296
0.15625
0.15669014084507044
0.15713028169014087
0.15757042253521128
0.1580105633802817
0.15845070422535212
0.15889084507042256
0.15933098591549297
0.15977112676056338
0.1602112676056338
0.16065140845070425
0.16109154929577466
0.18177816901408453
0.18661971830985916
0.1870598591549296
0.20114436619718312
0.20158450704225353
0.20202464788732397
0.20246478873239437
0.20290492957746478
0.20334507042253525
0.20378521126760565
0.20422535211267606
0.2046654929577465
0.20510563380281693
0.20554577464788734
0.20598591549295775
0.20642605633802819
0.2068661971830986
0.21126760563380284
0.21170774647887325
0.21214788732394368
0.2125880281690141
0.21302816901408453
0.21346830985915494
0.21390845070422537
0.21434859154929578
0.21478873239436622
0.21522887323943665
0.21566901408450706
0.21610915492957747
0.2165492957746479
0.21698943661971834
0.21742957746478875
0.21786971830985916
0.2183098591549296
0.21875000000000003
0.21919014084507044
0.22359154929577466
0.2240316901408451
0.22447183098591553
0.22491197183098594
0.22535211267605634
0.22579225352112678
0.24911971830985916
0.2495598591549296
0.25
0.25044014084507044
0.25088028169014087
0.2513204225352113
0.25176056338028174
0.2522007042253521
0.25264084507042256
0.253080985915493
0.2535211267605634
0.2539612676056338
0.2544014084507042
0.2548415492957747
0.2552816901408451
0.2557218309859155
0.25616197183098594
0.25660211267605637
0.25704225352112675
0.2574823943661972
0.2579225352112676
0.258362676056338
0.2588028169014085
0.25924295774647893
0.2596830985915493
0.26012323943661975
0.2605633802816902
0.26100352112676056
0.261443661971831
0.29929577464788737
0.3001760563380282
0.3160211267605634
0.3164612676056338
0.31690140845070425
0.3173415492957747
0.3177816901408451
0.3182218309859155
0.31866197183098594
0.31910211267605637
0.31954225352112675
0.3199823943661972
0.3204225352112676
0.32086267605633806
0.3213028169014085
0.32174295774647893
0.3221830985915493
0.32262323943661975
0.3230633802816902
0.32350352112676056
0.323943661971831
0.3243838028169014
0.32482394366197187
0.3710387323943662
0.3714788732394367
0.37191901408450706
0.3723591549295775
0.37279929577464793
0.3732394366197183
0.37367957746478875
0.3741197183098592
0.37455985915492956
0.37588028169014087
0.3763204225352113
0.3807218309859155
0.38116197183098594
0.38160211267605637
0.38204225352112675
0.3824823943661972
0.3829225352112677
0.38336267605633806
0.3838028169014085
0.38424295774647893
0.3846830985915493
0.38512323943661975
0.38600352112676056
0.386443661971831
0.38688380281690143
0.38732394366197187
0.4872359154929578
0.48767605633802824
0.4881161971830986
0.48855633802816906
0.4889964788732395
0.4894366197183099
0.4898767605633803
0.49031690140845074
0.4907570422535211
0.49119718309859156
0.491637323943662
0.4920774647887324
0.4925176056338028
0.49295774647887325
0.49339788732394363
0.4938380281690142
0.49427816901408456
0.7667253521126761
0.7671654929577466
0.8204225352112677
0.8208626760563381
0.8213028169014085
0.821742957746479
0.8221830985915494
0.8226232394366197
0.8230633802816902
0.8235035211267606
0.823943661971831
0.8723591549295775
0.8727992957746479
0.8732394366197184
0.8736795774647887
0.8741197183098591
0.8745598591549297
0.8750000000000001
0.8754401408450705
0.875880281690141
0.8763204225352114
0.9273767605633804
0.9278169014084509
0.9282570422535212
0.9286971830985916
0.9291373239436621
0.9295774647887325
0.9300176056338029
0.9304577464788734
0.9308978873239437
0.9313380281690141
0.9317781690140846
0.932218309859155
0.9326584507042254
0.9330985915492959
0.9335387323943662
0.9339788732394366
0.9344190140845071
0.9348591549295775
0.9352992957746479
0.9357394366197184
0.9361795774647887
0.9366197183098591
0.9370598591549296
0.9375
0.9379401408450704
0.9392605633802816
0.9397007042253521
0.9401408450704225
0.9405809859154931
0.9410211267605635
0.941461267605634
0.9419014084507044
0.015404929577464789
0.01584507042253521
0.02860915492957747
0.02904929577464789
0.029489436619718312
0.029929577464788738
0.03036971830985916
0.030809859154929578
0.03125
0.03169014084507042
0.032130281690140844
0.03257042253521127
0.033010563380281695
0.0409330985915493
0.04137323943661972
0.04181338028169014
0.043573943661971835
0.055897887323943664
0.056338028169014086
0.05677816901408451
0.05721830985915494
0.05765845070422535
0.09771126760563381
0.09815140845070423
0.09859154929577466
0.10123239436619719
0.10167253521126762
0.10211267605633803
0.10255281690140847
0.10299295774647887
0.1034330985915493
0.10387323943661973
0.10431338028169014
0.10475352112676058
0.10607394366197184
0.10651408450704226
0.10695422535211269
0.10739436619718311
0.10783450704225353
0.10827464788732395
0.10871478873239437
0.1091549295774648
0.10959507042253522
0.11003521126760564
0.11047535211267606
0.11091549295774648
0.11135563380281692
0.11971830985915495
0.12015845070422536
0.12059859154929578
0.1210387323943662
0.12147887323943664
0.13732394366197184
0.13776408450704228
0.1382042253521127
0.1386443661971831
0.14304577464788734
0.14392605633802819
0.1500880281690141
0.1505281690140845
0.15096830985915494
0.15140845070422537
0.15184859154929578
0.1522887323943662
0.15272887323943665
0.15316901408450706
0.15360915492957747
0.1540492957746479
0.15448943661971834
0.15492957746478875
0.15536971830985916
0.1558098591549296
0.15625
0.15669014084507044
0.15713028169014087
0.15757042253521128
0.1580105633802817
0.15845070422535212
0.15889084507042256
0.15933098591549297
0.15977112676056338
0.1602112676056338
0.16065140845070425
0.16109154929577466
0.1615316901408451
0.1619718309859155
0.16241197183098594
0.16285211267605634
0.16329225352112678
0.1637323943661972
0.16417253521126762
0.16461267605633806
0.16505281690140847
0.16549295774647887
0.1659330985915493
0.16637323943661975
0.16681338028169015
0.18001760563380284
0.18045774647887325
0.18089788732394368
0.1813380281690141
0.18177816901408453
0.18221830985915494
0.18265845070422537
0.18309859154929578
0.1835387323943662
0.18397887323943665
0.20290492957746478
0.20334507042253525
0.20378521126760565
0.20422535211267606
0.2046654929577465
0.20510563380281693
0.20554577464788734
0.20598591549295775
0.20642605633802819
0.2068661971830986
0.20730633802816903
0.20774647887323947
0.20818661971830987
0.20862676056338028
0.20906690140845072
0.20950704225352115
0.20994718309859156
0.21038732394366197
0.21082746478873243
0.21126760563380284
0.21170774647887325
0.21214788732394368
0.2125880281690141
0.21302816901408453
0.21346830985915494
0.21390845070422537
0.21434859154929578
0.21478873239436622
0.21522887323943665
0.21566901408450706
0.21610915492957747
0.2165492957746479
0.21698943661971834
0.21742957746478875
0.21786971830985916
0.2183098591549296
0.21875000000000003
0.21919014084507044
0.21963028169014087
0.22007042253521128
0.22051056338028172
0.22095070422535212
0.22139084507042256
0.22183098591549297
0.22227112676056338
0.22271126760563384
0.22315140845070425
0.22359154929577466
0.2240316901408451
0.22447183098591553
0.22491197183098594
0.22535211267605634
0.2477992957746479
0.24823943661971834
0.24867957746478875
0.24911971830985916
0.2495598591549296
0.25
0.25044014084507044
0.25088028169014087
0.2513204225352113
0.25176056338028174
0.2522007042253521
0.25264084507042256
0.253080985915493
0.2535211267605634
0.2539612676056338
0.2544014084507042
0.2548415492957747
0.2552816901408451
0.2557218309859155
0.25616197183098594
0.25660211267605637
0.25704225352112675
0.2574823943661972
0.2579225352112676
0.258362676056338
0.2588028169014085
0.25924295774647893
0.2596830985915493
0.26012323943661975
0.2605633802816902
0.26100352112676056
0.261443661971831
0.2618838028169014
0.26232394366197187
0.31117957746478875
0.3116197183098592
0.31205985915492956
0.3125
0.3129401408450705
0.31338028169014087
0.3138204225352113
0.31426056338028174
0.3147007042253521
0.31514084507042256
0.315580985915493
0.3160211267605634
0.3164612676056338
0.31690140845070425
0.3173415492957747
0.3177816901408451
0.3182218309859155
0.3261443661971831
0.3274647887323944
0.32834507042253525
0.3714788732394367
0.37191901408450706
0.3723591549295775
0.37279929577464793
0.3732394366197183
0.37367957746478875
0.8195422535211268
0.8199823943661972
0.8204225352112677
0.9308978873239437
0.9313380281690141
0.9317781690140846
0.932218309859155
0.9326584507042254
0.9330985915492959
0.9335387323943662
0.9339788732394366
0.9344190140845071
0.9348591549295775
0.9352992957746479
0.9357394366197184
0.9361795774647887
0.9379401408450704
0.020246478873239437
0.02068661971830986
0.025528169014084508
0.025968309859154933
0.026408450704225355
0.026848591549295777
0.0272887323943662
0.035211267605633804
0.035651408450704226
0.03741197183098592
0.03785211267605634
0.038292253521126765
0.10035211267605634
0.10079225352112677
0.10123239436619719
0.10167253521126762
0.10211267605633803
0.10255281690140847
0.10299295774647887
0.1034330985915493
0.10387323943661973
0.14524647887323947
0.14568661971830987
0.14612676056338028
0.1465669014084507
0.14700704225352115
0.14744718309859156
0.14788732394366197
0.1483274647887324
0.14876760563380284
0.14920774647887325
0.14964788732394368
0.1500880281690141
0.1505281690140845
0.15096830985915494
0.15140845070422537
0.15184859154929578
0.1522887323943662
0.15272887323943665
0.15316901408450706
0.15360915492957747
0.1540492957746479
0.15448943661971834
0.15492957746478875
0.15536971830985916
0.1558098591549296
0.15625
0.15669014084507044
0.15713028169014087
0.15757042253521128
0.1580105633802817
0.15845070422535212
0.15889084507042256
0.15933098591549297
0.15977112676056338
0.1602112676056338
0.16065140845070425
0.16109154929577466
0.1615316901408451
0.1619718309859155
0.16241197183098594
0.16285211267605634
0.16329225352112678
0.1637323943661972
0.16417253521126762
0.16461267605633806
0.16505281690140847
0.16549295774647887
0.1659330985915493
0.16637323943661975
0.16681338028169015
-0.02376760563380282
-0.024207746478873242
-0.024647887323943664
-0.025088028169014086
-0.025528169014084508
-0.025968309859154933
-0.03389084507042254
-0.03433098591549296
-0.03477112676056338
-0.035211267605633804
-0.035651408450704226
-0.03609154929577465
-0.03653169014084507
-0.11003521126760564
-0.11047535211267606
-0.11091549295774648
-0.11135563380281692
-0.11179577464788733
-0.11223591549295776
-0.11267605633802817
-0.1131161971830986
-0.11355633802816902
-0.11399647887323945
-0.11443661971830987
-0.11487676056338028
-0.1153169014084507
-0.11575704225352114
-0.11619718309859156
-0.11663732394366198
-0.11707746478873239
-0.11751760563380281
-0.11795774647887325
-0.11839788732394367
-0.11883802816901409
-0.1192781690140845
-0.11971830985915495
-0.12015845070422536
-0.12059859154929578
-0.14964788732394368
-0.02068661971830986
-0.021126760563380285
-0.021566901408450707
-0.02200704225352113
-0.02244718309859155
-0.022887323943661973
-0.023327464788732395
-0.02376760563380282
-0.024207746478873242
-0.024647887323943664
-0.025088028169014086
-0.025528169014084508
-0.035651408450704226
-0.03609154929577465
-0.03653169014084507
-0.03697183098591549
-0.03741197183098592
-0.03785211267605634
-0.038292253521126765
-0.03873239436619719
-0.03917253521126761
-0.03961267605633803
-0.04005281690140845
-0.14744718309859156
-0.14788732394366197
-0.1483274647887324
-0.14876760563380284
-0.14920774647887325
-0.14964788732394368
-0.1500880281690141
-0.1927816901408451
-0.1932218309859155
-0.19366197183098594
-0.19410211267605634
-0.19454225352112678
-0.1949823943661972
-0.19542253521126762
-0.19586267605633806
-0.19630281690140847
-0.19674295774647887
-0.1971830985915493
-0.19762323943661975
-0.19806338028169015
-0.19850352112676056
-0.284330985915493
-0.2847711267605634
-0.2852112676056338
-0.28565140845070425
-0.2860915492957747
-0.2865316901408451
-0.6610915492957747
-0.6615316901408451
-0.6619718309859155
-0.662411971830986
-0.6628521126760564
-0.6632922535211268
-0.6637323943661972
-0.6641725352112676
-0.6646126760563381
-0.11487676056338028
-0.1153169014084507
-0.19102112676056338
-0.19146126760563384
-0.19190140845070425
-0.19234154929577466
-0.1927816901408451
-0.1932218309859155
-0.19366197183098594
-0.19410211267605634
-0.19454225352112678
-0.1949823943661972
-0.19542253521126762
-0.19586267605633806
-0.19630281690140847
-0.19674295774647887
-0.1971830985915493
-0.19762323943661975
-0.19806338028169015
-0.19850352112676056
-0.28301056338028174
-0.2834507042253521
-0.28389084507042256
-0.284330985915493
-0.2847711267605634
-0.2852112676056338
-0.28565140845070425
-0.2860915492957747
-0.2865316901408451
-0.2869718309859155
-0.28741197183098594
-0.28785211267605637
-0.6610915492957747
-0.6615316901408451
-0.6619718309859155
-0.662411971830986
-0.032130281690140844
-0.03257042253521127
-0.033010563380281695
-0.03345070422535212
-0.03389084507042254
-0.03433098591549296
-0.04621478873239437
-0.04665492957746479
-0.04709507042253522
-0.19190140845070425
-0.19234154929577466
-0.1927816901408451
-0.1932218309859155
-0.23327464788732397
-0.23371478873239437
-0.24031690140845072
-0.24075704225352115
-0.24119718309859156
-0.24163732394366197
-0.2420774647887324
-0.2425176056338028
-0.24295774647887328
-0.24339788732394368
-0.24383802816901412
-0.24427816901408453
-0.24471830985915494
-0.24515845070422537
-0.24559859154929578
-0.2460387323943662
-0.24647887323943662
-0.25
-0.25044014084507044
-0.25088028169014087
-0.2513204225352113
-0.25176056338028174
-0.2522007042253521
-0.25264084507042256
-0.2702464788732395
-0.28301056338028174
-0.2834507042253521
-0.28389084507042256
-0.284330985915493
-0.2847711267605634
-0.2852112676056338
-0.28565140845070425
-0.2860915492957747
-0.2865316901408451
-0.2869718309859155
-0.6610915492957747
-0.6615316901408451
-0.6619718309859155
-0.662411971830986
-0.6628521126760564
-0.03257042253521127
-0.033010563380281695
-0.03345070422535212
-0.03389084507042254
-0.03433098591549296
-0.03477112676056338
-0.035211267605633804
-0.035651408450704226
-0.04665492957746479
-0.04709507042253522
-0.04753521126760564
-0.04797535211267606
-0.05281690140845071
-0.05325704225352113
-0.053697183098591554
-0.054137323943661976
-0.0545774647887324
-0.1153169014084507
-0.11575704225352114
-0.19058098591549297
-0.19102112676056338
-0.19146126760563384
-0.19190140845070425
-0.19234154929577466
-0.1927816901408451
-0.1932218309859155
-0.19366197183098594
-0.23283450704225353
-0.23327464788732397
-0.23371478873239437
-0.23415492957746478
-0.23459507042253522
-0.23503521126760563
-0.24163732394366197
-0.2420774647887324
-0.2425176056338028
-0.24295774647887328
-0.24339788732394368
-0.24383802816901412
-0.24427816901408453
-0.24471830985915494
-0.24515845070422537
-0.24559859154929578
-0.2460387323943662
-0.24647887323943662
-0.2469190140845071
-0.2473591549295775
-0.25044014084507044
-0.25088028169014087
-0.2513204225352113
-0.25176056338028174
-0.2522007042253521
-0.25264084507042256
-0.253080985915493
-0.2535211267605634
-0.2711267605633803
-0.27156690140845074
-0.28301056338028174
-0.2834507042253521
-0.28389084507042256
-0.284330985915493
-0.2847711267605634
-0.2852112676056338
-0.28565140845070425
-0.2860915492957747
-0.2865316901408451
-0.2869718309859155
-0.28741197183098594
-0.28785211267605637
-0.6619718309859155
-0.662411971830986
-0.6628521126760564
-0.6632922535211268
-0.6637323943661972
-0.7117077464788734
-0.7161091549295775
-0.7165492957746479
-0.7169894366197184
-0.025968309859154933
-0.026408450704225355
-0.026848591549295777
-0.0272887323943662
-0.02772887323943662
-0.028169014084507043
-0.02860915492957747
-0.032130281690140844
-0.03257042253521127
-0.033010563380281695
-0.03345070422535212
-0.03389084507042254
-0.03433098591549296
-0.03477112676056338
-0.035211267605633804
-0.035651408450704226
-0.03609154929577465
-0.03653169014084507
-0.06382042253521128
-0.06426056338028169
-0.06470070422535212
-0.2394366197183099
-0.2398767605633803
-0.24031690140845072
-0.2425176056338028
-0.24295774647887328
-0.24339788732394368
-0.24383802816901412
-0.24427816901408453
-0.24471830985915494
-0.24515845070422537
-0.24559859154929578
-0.2460387323943662
-0.24647887323943662
-0.2469190140845071
-0.2473591549295775
-0.2477992957746479
-0.24823943661971834
-0.24867957746478875
-0.24911971830985916
-0.2495598591549296
-0.25
-0.25044014084507044
-0.25088028169014087
-0.2513204225352113
-0.2711267605633803
-0.27156690140845074
-0.2720070422535211
-0.27244718309859156
-0.272887323943662
-0.2733274647887324
-0.2737676056338028
-0.2742077464788733
-0.2746478873239437
-0.2750880281690141
-0.27552816901408456
-0.27596830985915494
-0.2764084507042254
-0.2768485915492958
-0.28125
-0.28169014084507044
-0.28213028169014087
-0.2825704225352113
-0.28301056338028174
-0.024207746478873242
-0.024647887323943664
-0.025088028169014086
-0.025528169014084508
-0.025968309859154933
-0.026408450704225355
-0.026848591549295777
-0.029929577464788738
-0.03036971830985916
-0.030809859154929578
-0.03125
-0.03169014084507042
-0.032130281690140844
-0.03257042253521127
-0.033010563380281695
-0.03345070422535212
-0.03389084507042254
-0.03433098591549296
-0.03477112676056338
-0.2420774647887324
-0.24427816901408453
-0.24471830985915494
-0.24559859154929578
-0.2460387323943662
-0.24647887323943662
-0.2469190140845071
-0.2473591549295775
-0.2477992957746479
-0.24823943661971834
-0.24867957746478875
-0.24911971830985916
-0.2495598591549296
-0.25
-0.009683098591549297
-0.010123239436619719
-0.010563380281690142
-0.011003521126760564
-0.011443661971830986
-0.01188380281690141
-0.012323943661971832
-0.012764084507042254
-0.013204225352112678
-0.0136443661971831
-0.014084507042253521
-0.021126760563380285
-0.021566901408450707
-0.02200704225352113
-0.02244718309859155
-0.022887323943661973
-0.026408450704225355
-0.026848591549295777
-0.0272887323943662
-0.02772887323943662
-0.028169014084507043
-0.02860915492957747
-0.02904929577464789
-0.029489436619718312
-0.029929577464788738
-0.03036971830985916
-0.030809859154929578
-0.03125
-0.03169014084507042
-0.032130281690140844
-0.03257042253521127
-0.03345070422535212
-0.03389084507042254
-0.03433098591549296
-0.03477112676056338
-0.035211267605633804
-0.040492957746478875
-0.16857394366197184
-0.16901408450704228
-0.1694542253521127
-0.1698943661971831
-0.17033450704225353
-0.17077464788732397
-0.17121478873239437
-0.1734154929577465
-0.20862676056338028
-0.20906690140845072
-0.20950704225352115
-0.20994718309859156
-0.21038732394366197
-0.21082746478873243
-0.21126760563380284
-0.21170774647887325
-0.21214788732394368
-0.2125880281690141
-0.21302816901408453
-0.21698943661971834
-0.22359154929577466
-0.2240316901408451
-0.22447183098591553
-0.2306338028169014
-0.23107394366197181
-0.23151408450704228
-0.23195422535211271
-0.2354753521126761
-0.23679577464788734
-0.23723591549295775
-0.23767605633802819
-0.2381161971830986
-0.2632042253521127
-0.2636443661971831
-0.26408450704225356
-0.26452464788732394
-0.26804577464788737
-0.26848591549295775
-0.2689260563380282
-0.2693661971830986
-0.269806338028169
-0.2702464788732395
-0.2706866197183099
-0.2711267605633803
-0.2720070422535211
-0.27244718309859156
-0.272887323943662
-0.2733274647887324
-0.2737676056338028
-0.2742077464788733
-0.2746478873239437
-0.2750880281690141
-0.27552816901408456
-0.27596830985915494
-0.2764084507042254
-0.2768485915492958
-0.2772887323943662
-0.2777288732394366
-0.3164612676056338
-0.3173415492957747
-0.31866197183098594
-0.31910211267605637
-0.31954225352112675
-0.3199823943661972
-0.3204225352112676
-0.32086267605633806
-0.3213028169014085
-0.32174295774647893
-0.3221830985915493
-0.32262323943661975
-0.3230633802816902
-0.32350352112676056
-0.323943661971831
-0.3243838028169014
-0.32482394366197187
-0.3252640845070423
-0.3257042253521127
-0.3261443661971831
-0.32658450704225356
-0.32702464788732394
-0.3274647887323944
-0.3279049295774648
-0.32834507042253525
-0.3287852112676057
-0.3292253521126761
-0.3296654929577465
-0.33010563380281693
-0.33054577464788737
-0.33098591549295775
-0.3314260563380282
-0.3318661971830986
-0.33230633802816906
-0.3327464788732395
-0.3331866197183099
-0.3336267605633803
-0.33406690140845074
-0.3345070422535211
-0.33494718309859156
-0.335387323943662
-0.3358274647887324
-0.33626760563380287
