0.03761755485893417
0.03814002089864159
0.038662486938349006
0.03918495297805643
0.03970741901776384
0.040229885057471264
0.04075235109717869
0.04493207941483803
0.045454545454545456
0.045977011494252866
0.04649947753396029
0.047021943573667714
0.04754440961337513
0.04806687565308255
0.048589341692789965
0.04911180773249739
0.04963427377220481
0.050156739811912224
0.05067920585161965
0.05120167189132706
0.05172413793103448
0.052246603970741906
0.05799373040752351
0.06948798328108673
0.07157784743991641
0.11128526645768025
0.11180773249738768
0.12591431556948798
0.1264367816091954
0.12695924764890282
0.12800417972831765
0.12852664576802508
0.1290491118077325
0.12957157784743992
0.13009404388714732
0.13061650992685475
0.13166144200626959
0.132183908045977
0.13270637408568442
0.13427377220480669
0.13479623824451412
0.13531870428422152
0.13584117032392895
0.13636363636363635
0.13688610240334378
0.1374085684430512
0.13793103448275862
0.13845350052246605
0.13897596656217345
0.13949843260188088
0.19017763845350052
0.19070010449320793
0.2784743991640543
0.27899686520376177
0.27951933124346917
0.2800417972831766
0.280564263322884
0.2810867293625914
0.28160919540229884
0.31452455590386624
0.3181818181818182
0.31870428422152564
0.31922675026123304
0.31974921630094044
0.32027168234064785
0.3218390804597701
0.3223615464994775
0.3228840125391849
0.3234064785788924
0.32549634273772204
0.3260188087774295
0.3265412748171369
0.3270637408568443
0.3275862068965517
0.3286311389759666
0.329153605015674
0.3296760710553814
0.3349007314524556
0.335423197492163
0.33594566353187044
0.33646812957157785
0.33699059561128525
0.33751306165099265
0.33803552769070006
0.3390804597701149
0.3401253918495298
0.34064785788923724
0.3620689655172414
0.3625914315569488
0.36311389759665624
0.36363636363636365
0.36415882967607105
0.36468129571577845
0.36520376175548586
0.3657262277951933
0.3662486938349007
0.3667711598746081
0.3709508881922675
0.3714733542319749
0.3719958202716823
0.3725182863113897
0.3850574712643678
0.38557993730407525
0.38610240334378265
0.38662486938349006
0.3897596656217346
0.39080459770114945
0.39132706374085685
0.39184952978056425
0.39237199582027166
0.43051201671891326
0.43625914315569486
0.43678160919540227
0.4373040752351097
0.4378265412748171
0.43834900731452453
0.43887147335423193
0.43939393939393934
0.43991640543364685
0.44043887147335425
0.44096133751306166
0.44148380355276906
0.44200626959247646
0.4425287356321839
0.4430512016718913
0.44357366771159873
0.44409613375130613
0.4446185997910136
0.445141065830721
0.4456635318704284
0.4461859979101358
0.44670846394984326
0.4472309299895507
0.4477533960292581
0.4482758620689655
0.45297805642633227
0.45350052246603967
0.4540229885057471
0.4545454545454546
0.455067920585162
0.4555903866248694
0.4561128526645768
0.4566353187042842
0.4994775339602926
0.5
0.5005224660397074
0.5010449320794148
0.5015673981191222
0.5020898641588297
0.5026123301985371
0.5031347962382445
0.5036572622779519
0.5041797283176593
0.5047021943573667
0.5052246603970741
0.5057471264367815
0.506269592476489
0.5067920585161965
0.5073145245559039
0.5078369905956113
0.5083594566353187
0.5088819226750261
0.5094043887147336
0.509926854754441
0.5104493207941484
0.5109717868338558
0.5114942528735632
0.5120167189132706
0.512539184952978
0.5130616509926854
0.5141065830721003
0.5146290491118077
0.5151515151515151
0.51619644723093
0.5167189132706375
0.5172413793103449
0.5177638453500523
0.5182863113897597
0.5632183908045977
0.5637408568443051
0.5642633228840125
0.56478578892372
0.5653082549634274
0.5658307210031348
0.6745036572622779
0.6750261233019853
0.6755485893416927
0.6760710553814001
0.6765935214211076
0.677115987460815
0.6776384535005224
0.6781609195402298
0.6786833855799373
0.6792058516196448
0.03814002089864159
0.038662486938349006
0.03918495297805643
0.03970741901776384
0.040229885057471264
0.0438871473354232
0.04806687565308255
0.04963427377220481
0.05120167189132706
0.05172413793103448
0.052246603970741906
0.052769070010449316
0.07419017763845351
0.08620689655172413
0.09979101358411703
0.10031347962382445
0.1013584117032393
0.10188087774294671
0.10240334378265412
0.10292580982236155
0.10344827586206896
0.10397074190177638
0.12173458725182863
0.12225705329153604
0.12277951933124347
0.13113897596656218
0.13166144200626959
0.132183908045977
0.13270637408568442
0.13688610240334378
0.1374085684430512
0.13793103448275862
0.14420062695924762
0.14472309299895508
0.1452455590386625
0.14576802507836992
0.14629049111807732
0.14681295715778475
0.14733542319749215
0.14785788923719956
0.14838035527690702
0.14890282131661442
0.14942528735632185
0.14994775339602925
0.15047021943573669
0.1509926854754441
0.1515151515151515
0.1875653082549634
0.18808777429467086
0.18861024033437826
0.19644723092998956
0.19696969696969696
0.19749216300940436
0.26489028213166144
0.26541274817136884
0.2659352142110763
0.30877742946708464
0.30982236154649945
0.31034482758620685
0.31086729362591436
0.31138975966562177
0.31191222570532917
0.3124346917450366
0.312957157784744
0.31347962382445144
0.31400208986415884
0.31452455590386624
0.31504702194357365
0.31556948798328105
0.3160919540229885
0.3166144200626959
0.3171368861024033
0.3176593521421107
0.3181818181818182
0.31870428422152564
0.31922675026123304
0.31974921630094044
0.32027168234064785
0.3207941483803553
0.3213166144200627
0.3218390804597701
0.3223615464994775
0.3228840125391849
0.3234064785788924
0.3239289446185998
0.3244514106583072
0.3249738766980146
0.32549634273772204
0.3260188087774295
0.3265412748171369
0.3270637408568443
0.33751306165099265
0.33803552769070006
0.3385579937304075
0.3390804597701149
0.3396029258098224
0.3401253918495298
0.34064785788923724
0.34117032392894464
0.34169278996865204
0.34221525600835945
0.34273772204806685
0.3432601880877743
0.3437826541274817
0.3443051201671891
0.3448275862068965
0.3453500522466039
0.3458725182863114
0.3463949843260188
0.34691745036572624
0.34743991640543365
0.34796238244514105
0.3484848484848485
0.3490073145245559
0.3495297805642633
0.3500522466039707
0.3505747126436782
0.3510971786833856
0.351619644723093
0.3521421107628004
0.3620689655172414
0.3625914315569488
0.36311389759665624
0.36363636363636365
0.36415882967607105
0.36468129571577845
0.36520376175548586
0.3657262277951933
0.3662486938349007
0.3667711598746081
0.3672936259143155
0.36781609195402293
0.36833855799373044
0.36886102403343785
0.36938349007314525
0.36990595611285265
0.3704284221525601
0.3709508881922675
0.3714733542319749
0.3719958202716823
0.3725182863113897
0.3730407523510972
0.3735632183908046
0.374085684430512
0.3746081504702194
0.3751306165099268
0.3756530825496343
0.3761755485893417
0.3766980146290491
0.3772204806687565
0.377742946708464
0.3782654127481714
0.3787878787878788
0.3793103448275862
0.3798328108672936
0.38035527690700105
0.38087774294670845
0.38140020898641586
0.38192267502612326
0.3824451410658307
0.3829676071055382
0.3834900731452456
0.384012539184953
0.3845350052246604
0.3850574712643678
0.38557993730407525
0.38610240334378265
0.38662486938349006
0.38714733542319746
0.3876698014629049
0.3881922675026123
0.3887147335423197
0.3892371995820271
0.3897596656217346
0.39028213166144204
0.39080459770114945
0.39132706374085685
0.39184952978056425
0.39237199582027166
0.3928944618599791
0.3934169278996865
0.3939393939393939
0.3944618599791013
0.39498432601880873
0.3955067920585162
0.3960292580982236
0.39655172413793105
0.39707419017763845
0.3975966562173459
0.40804597701149425
0.40856844305120166
0.40909090909090906
0.40961337513061646
0.4101358411703239
0.4106583072100313
0.4111807732497388
0.432601880877743
0.4331243469174504
0.4336468129571578
0.4341692789968652
0.43469174503657265
0.43521421107628006
0.43573667711598746
0.43625914315569486
0.43678160919540227
0.4373040752351097
0.4378265412748171
0.43834900731452453
0.43887147335423193
0.43939393939393934
0.43991640543364685
0.44043887147335425
0.44096133751306166
0.44148380355276906
0.44200626959247646
0.4425287356321839
0.4430512016718913
0.44357366771159873
0.44409613375130613
0.4446185997910136
0.445141065830721
0.4456635318704284
0.4461859979101358
0.44670846394984326
0.4472309299895507
0.4477533960292581
0.4482758620689655
0.44879832810867293
0.44932079414838033
0.4498432601880878
0.4503657262277952
0.4508881922675026
0.45141065830721
0.4519331243469174
0.45245559038662486
0.45297805642633227
0.45350052246603967
0.4540229885057471
0.4545454545454546
0.455067920585162
0.4555903866248694
0.4561128526645768
0.4566353187042842
0.46342737722048066
0.46394984326018807
0.4644723092998955
0.46499477533960293
0.496342737722048
0.4968652037617555
0.49738766980146293
0.49791013584117033
0.49843260188087773
0.49895506792058514
0.4994775339602926
0.5
0.5005224660397074
0.5010449320794148
0.5015673981191222
0.5020898641588297
0.5026123301985371
0.5031347962382445
0.5036572622779519
0.5041797283176593
0.5047021943573667
0.5052246603970741
0.5057471264367815
0.506269592476489
0.5067920585161965
0.5073145245559039
0.5078369905956113
0.5083594566353187
0.5088819226750261
0.5094043887147336
0.509926854754441
0.5104493207941484
0.5109717868338558
0.5114942528735632
0.5120167189132706
0.512539184952978
0.5130616509926854
0.5135841170323928
0.5141065830721003
0.5146290491118077
0.5151515151515151
0.5156739811912225
0.51619644723093
0.5167189132706375
0.5172413793103449
0.5177638453500523
0.5182863113897597
0.5188087774294671
0.5193312434691745
0.5198537095088819
0.5203761755485893
0.5208986415882967
0.5214211076280042
0.5219435736677116
0.522466039707419
0.5229885057471264
0.5235109717868338
0.5543364681295716
0.554858934169279
0.5553814002089864
0.5632183908045977
0.5637408568443051
0.5642633228840125
0.6671891327063741
0.6677115987460815
0.668234064785789
0.6687565308254964
0.6692789968652038
0.6698014629049112
0.6703239289446186
0.670846394984326
0.6713688610240335
0.6718913270637409
0.6724137931034483
0.6760710553814001
0.6765935214211076
0.677115987460815
0.6776384535005224
0.6781609195402298
0.6786833855799373
0.6792058516196448
0.6797283176593522
0.6812957157784745
0.6823406478578893
0.7330198537095088
0.7335423197492162
0.7340647857889236
0.734587251828631
0.7351097178683385
0.7356321839080459
0.7361546499477535
0.7366771159874609
0.7371995820271683
0.7377220480668757
0.7382445141065831
0.7387669801462905
0.7392894461859979
0.7398119122257053
0.7403343782654127
0.7408568443051202
0.7413793103448276
0.741901776384535
0.7424242424242424
0.7429467084639498
0.7434691745036572
0.7439916405433646
0.744514106583072
0.7450365726227794
0.745559038662487
0.9299895506792059
0.9305120167189133
0.9310344827586207
0.9315569487983281
0.9320794148380355
0.9326018808777429
0.9331243469174503
0.9336468129571577
0.9346917450365726
0.93521421107628
0.037095088819226754
0.03761755485893417
0.03814002089864159
0.038662486938349006
0.03918495297805643
0.03970741901776384
0.040229885057471264
0.04075235109717869
0.0412748171368861
0.04179728317659352
0.04231974921630094
0.042842215256008356
0.04336468129571578
0.0438871473354232
0.044409613375130615
0.04493207941483803
0.045454545454545456
0.045977011494252866
0.04649947753396029
0.047021943573667714
0.04754440961337513
0.04806687565308255
0.048589341692789965
0.04911180773249739
0.04963427377220481
0.050156739811912224
0.05067920585161965
0.05120167189132706
0.05172413793103448
0.052246603970741906
0.052769070010449316
0.05329153605015674
0.05381400208986416
0.05433646812957158
0.05485893416927899
0.06948798328108673
0.07001044932079414
0.07836990595611286
0.07889237199582026
0.07941483803552768
0.07993730407523511
0.08934169278996865
0.08986415882967606
0.09404388714733543
0.09456635318704285
0.09508881922675026
0.1180773249738767
0.11859979101358412
0.13479623824451412
0.13531870428422152
0.13584117032392895
0.13636363636363635
0.13688610240334378
0.14942528735632185
0.14994775339602925
0.15047021943573669
0.1515151515151515
0.15203761755485895
0.15256008359456635
0.15726227795193312
0.17659352142110762
0.17711598746081506
0.17763845350052246
0.20950888192267503
0.21003134796238246
0.21055381400208986
0.2142110762800418
0.23772204806687566
0.23824451410658307
0.2392894461859979
0.24033437826541273
0.24085684430512014
0.24555903866248693
0.24608150470219436
0.28213166144200624
0.3056426332288401
0.30616509926854757
0.306687565308255
0.3072100313479624
0.3077324973876698
0.3082549634273772
0.30877742946708464
0.30929989550679204
0.30982236154649945
0.31034482758620685
0.31086729362591436
0.31138975966562177
0.31191222570532917
0.3124346917450366
0.312957157784744
0.31347962382445144
0.31400208986415884
0.31452455590386624
0.31504702194357365
0.31556948798328105
0.3160919540229885
0.3166144200626959
0.3171368861024033
0.3176593521421107
0.3181818181818182
0.31870428422152564
0.31922675026123304
0.31974921630094044
0.32027168234064785
0.3207941483803553
0.3213166144200627
0.3218390804597701
0.3223615464994775
0.3228840125391849
0.3234064785788924
0.3239289446185998
0.3244514106583072
0.3249738766980146
0.32549634273772204
0.3260188087774295
0.3265412748171369
0.3270637408568443
0.3275862068965517
0.3281086729362591
0.3286311389759666
0.33751306165099265
0.33803552769070006
0.3385579937304075
0.3390804597701149
0.3396029258098224
0.3401253918495298
0.34064785788923724
0.34117032392894464
0.34169278996865204
0.34221525600835945
0.34273772204806685
0.3432601880877743
0.3437826541274817
0.3443051201671891
0.3448275862068965
0.3453500522466039
0.3458725182863114
0.3463949843260188
0.34691745036572624
0.34743991640543365
0.34796238244514105
0.3484848484848485
0.3490073145245559
0.3495297805642633
0.3500522466039707
0.3505747126436782
0.3510971786833856
0.3552769070010449
0.3557993730407524
0.3563218390804598
0.3568443051201672
0.3573667711598746
0.357889237199582
0.3657262277951933
0.3662486938349007
0.3667711598746081
0.3672936259143155
0.36781609195402293
0.36833855799373044
0.36886102403343785
0.36938349007314525
0.36990595611285265
0.3704284221525601
0.3709508881922675
0.3714733542319749
0.3719958202716823
0.3725182863113897
0.3730407523510972
0.3735632183908046
0.374085684430512
0.3746081504702194
0.3751306165099268
0.3756530825496343
0.377742946708464
0.3798328108672936
0.38035527690700105
0.38087774294670845
0.38140020898641586
0.38192267502612326
0.3824451410658307
0.3829676071055382
0.3834900731452456
0.384012539184953
0.3845350052246604
0.3850574712643678
0.38557993730407525
0.38610240334378265
0.38662486938349006
0.38714733542319746
0.3876698014629049
0.3881922675026123
0.3887147335423197
0.3892371995820271
0.3897596656217346
0.39028213166144204
0.39080459770114945
0.39132706374085685
0.39184952978056425
0.39237199582027166
0.3928944618599791
0.3934169278996865
0.3939393939393939
0.3944618599791013
0.39498432601880873
0.4049111807732497
0.4054336468129572
0.4059561128526646
0.406478578892372
0.4070010449320794
0.40752351097178685
0.40804597701149425
0.40856844305120166
0.40909090909090906
0.40961337513061646
0.4101358411703239
0.4106583072100313
0.4111807732497388
0.4252873563218391
0.4258098223615465
0.4263322884012539
0.4268547544409613
0.4273772204806688
0.4278996865203762
0.4284221525600836
0.428944618599791
0.4294670846394984
0.42998955067920586
0.43051201671891326
0.43155694879832807
0.43207941483803547
0.432601880877743
0.4331243469174504
0.4336468129571578
0.4341692789968652
0.43469174503657265
0.43521421107628006
0.43573667711598746
0.43625914315569486
0.43678160919540227
0.4373040752351097
0.4378265412748171
0.43834900731452453
0.43887147335423193
0.43939393939393934
0.43991640543364685
0.44043887147335425
0.44096133751306166
0.44148380355276906
0.44200626959247646
0.4425287356321839
0.4430512016718913
0.44357366771159873
0.44409613375130613
0.4446185997910136
0.445141065830721
0.4456635318704284
0.4461859979101358
0.44670846394984326
0.4472309299895507
0.4477533960292581
0.4482758620689655
0.44879832810867293
0.44932079414838033
0.4503657262277952
0.4508881922675026
0.4519331243469174
0.4540229885057471
0.4555903866248694
0.4561128526645768
0.4566353187042842
0.45715778474399166
0.45768025078369906
0.45820271682340646
0.45872518286311387
0.45924764890282127
0.45977011494252873
0.46029258098223613
0.4608150470219436
0.461337513061651
0.4618599791013584
0.46238244514106586
0.46290491118077326
0.46342737722048066
0.48746081504702193
0.48798328108672934
0.48850574712643674
0.48902821316614414
0.48955067920585166
0.49007314524555906
0.49059561128526646
0.49111807732497387
0.49164054336468127
0.49216300940438873
0.49268547544409613
0.49320794148380354
0.49373040752351094
0.49791013584117033
0.49843260188087773
0.49895506792058514
0.4994775339602926
0.5
0.5005224660397074
0.5010449320794148
0.5015673981191222
0.5020898641588297
0.5026123301985371
0.5031347962382445
0.5036572622779519
0.5041797283176593
0.5047021943573667
0.5052246603970741
0.5057471264367815
0.506269592476489
0.5067920585161965
0.5073145245559039
0.5078369905956113
0.5083594566353187
0.5088819226750261
0.5094043887147336
0.509926854754441
0.5104493207941484
0.5109717868338558
0.5114942528735632
0.5120167189132706
0.512539184952978
0.5130616509926854
0.5135841170323928
0.5141065830721003
0.5146290491118077
0.5151515151515151
0.5156739811912225
0.51619644723093
0.5167189132706375
0.5172413793103449
0.5177638453500523
0.5182863113897597
0.5188087774294671
0.5193312434691745
0.5198537095088819
0.5203761755485893
0.5208986415882967
0.5214211076280042
0.5219435736677116
0.522466039707419
0.5229885057471264
0.5438871473354232
0.5444096133751306
0.544932079414838
0.5454545454545454
0.5459770114942528
0.5464994775339602
0.5470219435736676
0.5475444096133751
0.5501567398119123
0.5506792058516197
0.664576802507837
0.6650992685475444
0.6656217345872518
0.6661442006269592
0.6666666666666667
0.6671891327063741
0.6677115987460815
0.668234064785789
0.6687565308254964
0.6692789968652038
0.6698014629049112
0.6703239289446186
0.670846394984326
0.6713688610240335
0.6718913270637409
0.6724137931034483
0.6729362591431557
0.6734587251828631
0.6739811912225705
0.6745036572622779
0.6750261233019853
0.6755485893416927
0.6760710553814001
0.6765935214211076
0.677115987460815
0.6776384535005224
0.6781609195402298
0.6786833855799373
0.6792058516196448
0.6797283176593522
0.6802507836990596
0.7089864158829676
0.709508881922675
0.7100313479623824
0.7105538140020898
0.7110762800417973
0.7413793103448276
0.741901776384535
0.7424242424242424
0.7429467084639498
0.7434691745036572
0.7439916405433646
0.744514106583072
0.7450365726227794
0.745559038662487
0.7460815047021944
0.7466039707419018
0.7471264367816092
0.7476489028213166
0.748171368861024
0.7486938349007314
0.7492163009404388
0.04179728317659352
0.04336468129571578
0.0438871473354232
0.044409613375130615
0.04493207941483803
0.045454545454545456
0.045977011494252866
0.04649947753396029
0.047021943573667714
0.04754440961337513
0.04806687565308255
0.048589341692789965
0.04911180773249739
0.04963427377220481
0.05433646812957158
0.05485893416927899
0.055381400208986416
0.05590386624869384
0.05642633228840125
0.056948798328108674
0.05747126436781609
0.05799373040752351
0.05851619644723093
0.05903866248693835
0.05956112852664577
0.060083594566353184
0.06060606060606061
0.06112852664576802
0.06165099268547544
0.062173458725182866
0.06269592476489028
0.0632183908045977
0.06374085684430512
0.06426332288401254
0.06478578892371996
0.06530825496342738
0.06583072100313479
0.06635318704284221
0.07053291536050156
0.07105538140020899
0.07157784743991641
0.07210031347962381
0.07314524555903866
0.07366771159874608
0.09195402298850573
0.09247648902821316
0.09299895506792058
0.093521421107628
0.09404388714733543
0.09456635318704285
0.09665621734587251
0.09717868338557993
0.09770114942528736
0.10971786833855798
0.11024033437826541
0.11076280041797283
0.11128526645768025
0.11180773249738768
0.11233019853709508
0.1128526645768025
0.11337513061650992
0.11389759665621735
0.11442006269592477
0.11494252873563218
0.1154649947753396
0.11598746081504702
0.11650992685475443
0.11703239289446186
0.11755485893416928
0.1180773249738767
0.11859979101358412
0.11912225705329153
0.11964472309299895
0.12016718913270637
0.1206896551724138
0.12121212121212122
0.12173458725182863
0.12225705329153604
0.12277951933124347
0.12330198537095088
0.1238244514106583
0.12434691745036573
0.12486938349007315
0.1264367816091954
0.12695924764890282
0.12748171368861025
0.12800417972831765
0.12852664576802508
0.1290491118077325
0.12957157784743992
0.1452455590386625
0.1677115987460815
0.16823406478578892
0.17084639498432602
0.17241379310344826
0.1729362591431557
0.17345872518286312
0.17398119122257052
0.17450365726227796
0.1755485893416928
0.1786833855799373
0.20167189132706373
0.20219435736677116
0.20480668756530823
0.20532915360501566
0.2058516196447231
0.20637408568443052
0.20689655172413793
0.20741901776384533
0.20794148380355276
0.20846394984326017
0.24399164054336467
0.24451410658307207
0.24503657262277953
0.24555903866248693
0.24608150470219436
0.24660397074190177
0.2471264367816092
0.2476489028213166
0.248171368861024
0.24869383490073146
0.24921630094043887
0.2502612330198537
0.2507836990595611
0.25757575757575757
0.258098223615465
0.28944618599791017
0.28996865203761757
0.290491118077325
0.30616509926854757
0.306687565308255
0.3072100313479624
0.3077324973876698
0.3082549634273772
0.30877742946708464
0.30929989550679204
0.30982236154649945
0.31034482758620685
0.31086729362591436
0.31138975966562177
0.31191222570532917
0.3124346917450366
0.312957157784744
0.31347962382445144
0.31400208986415884
0.31452455590386624
0.31504702194357365
0.31556948798328105
0.3160919540229885
0.3166144200626959
0.3171368861024033
0.3176593521421107
0.3181818181818182
0.31870428422152564
0.31922675026123304
0.31974921630094044
0.32027168234064785
0.3207941483803553
0.3213166144200627
0.3218390804597701
0.3223615464994775
0.3228840125391849
0.3234064785788924
0.3239289446185998
0.3244514106583072
0.3249738766980146
0.32549634273772204
0.3260188087774295
0.3265412748171369
0.3270637408568443
0.3343782654127482
0.3349007314524556
0.33751306165099265
0.33803552769070006
0.3385579937304075
0.3390804597701149
0.3396029258098224
0.3401253918495298
0.34064785788923724
0.34117032392894464
0.34169278996865204
0.34221525600835945
0.34273772204806685
0.3432601880877743
0.3437826541274817
0.3443051201671891
0.3448275862068965
0.3453500522466039
0.3458725182863114
0.3463949843260188
0.34691745036572624
0.34743991640543365
0.3484848484848485
0.3490073145245559
0.3537095088819227
0.3547544409613375
0.3552769070010449
0.3557993730407524
0.3563218390804598
0.35945663531870425
0.35997910135841166
0.3605015673981191
0.3610240334378266
0.361546499477534
0.3620689655172414
0.3625914315569488
0.36311389759665624
0.36363636363636365
0.3714733542319749
0.3719958202716823
0.3725182863113897
0.3730407523510972
0.3735632183908046
0.374085684430512
0.3746081504702194
0.3751306165099268
0.3756530825496343
0.3761755485893417
0.3766980146290491
0.3772204806687565
0.377742946708464
0.3782654127481714
0.3787878787878788
0.3793103448275862
0.3798328108672936
0.38035527690700105
0.38087774294670845
0.38140020898641586
0.38192267502612326
0.3824451410658307
0.3829676071055382
0.3834900731452456
0.384012539184953
0.3845350052246604
0.3850574712643678
0.38557993730407525
0.38610240334378265
0.38662486938349006
0.38714733542319746
0.3876698014629049
0.3881922675026123
0.3887147335423197
0.3892371995820271
0.3897596656217346
0.39028213166144204
0.39080459770114945
0.39132706374085685
0.39184952978056425
0.39237199582027166
0.3928944618599791
0.3934169278996865
0.3939393939393939
0.3944618599791013
0.432601880877743
0.4331243469174504
0.43939393939393934
0.43991640543364685
0.44043887147335425
0.44096133751306166
0.44148380355276906
0.44200626959247646
0.4425287356321839
0.4430512016718913
0.44357366771159873
0.44409613375130613
0.4446185997910136
0.445141065830721
0.4456635318704284
0.4461859979101358
0.44670846394984326
0.4472309299895507
0.4477533960292581
0.4482758620689655
0.44879832810867293
0.44932079414838033
0.4498432601880878
0.4503657262277952
0.4508881922675026
0.45141065830721
0.4519331243469174
0.45245559038662486
0.45297805642633227
0.45350052246603967
0.4540229885057471
0.4545454545454546
0.455067920585162
0.4555903866248694
0.4561128526645768
0.4566353187042842
0.45768025078369906
0.45820271682340646
0.45924764890282127
0.45977011494252873
0.46029258098223613
0.4608150470219436
0.461337513061651
0.4618599791013584
0.46290491118077326
0.46656217345872514
0.4670846394984326
0.46865203761755486
0.46917450365726227
0.4696969696969697
0.4702194357366771
0.47074190177638453
0.47126436781609193
0.47178683385579934
0.47962382445141066
0.48014629049111807
0.48066875653082547
0.4811912225705329
0.4817136886102403
0.4822361546499478
0.4827586206896552
0.4832810867293626
0.48380355276907
0.48432601880877746
0.48484848484848486
0.48537095088819227
0.48589341692789967
0.48641588296760707
0.48693834900731453
0.48746081504702193
0.48798328108672934
0.48850574712643674
0.48902821316614414
0.48955067920585166
0.4952978056426332
0.4958202716823406
0.49791013584117033
0.49843260188087773
0.49895506792058514
0.5
0.5005224660397074
0.5010449320794148
0.5015673981191222
0.5020898641588297
0.5026123301985371
0.5031347962382445
0.5036572622779519
0.5041797283176593
0.5047021943573667
0.5052246603970741
0.5057471264367815
0.506269592476489
0.5067920585161965
0.5073145245559039
0.5078369905956113
0.5083594566353187
0.5088819226750261
0.5094043887147336
0.509926854754441
0.5104493207941484
0.5109717868338558
0.5114942528735632
0.5120167189132706
0.512539184952978
0.5130616509926854
0.5135841170323928
0.5141065830721003
0.5146290491118077
0.5151515151515151
0.5156739811912225
0.51619644723093
0.5167189132706375
0.5172413793103449
0.5177638453500523
0.5182863113897597
0.5188087774294671
0.5214211076280042
0.5219435736677116
0.522466039707419
0.5229885057471264
0.5235109717868338
0.5240334378265413
0.5245559038662487
0.5250783699059561
0.5256008359456635
0.5261233019853709
0.5266457680250783
0.5271682340647857
0.5276907001044931
0.5282131661442006
0.528735632183908
0.5292580982236155
0.544932079414838
0.5454545454545454
0.5459770114942528
0.5464994775339602
0.5470219435736676
0.5475444096133751
0.5480668756530825
0.56478578892372
0.5653082549634274
0.5658307210031348
0.5663531870428422
0.5668756530825496
0.571055381400209
0.5715778474399164
0.5721003134796238
0.5726227795193313
0.731974921630094
0.7324973876698014
0.7330198537095088
0.7387669801462905
0.7392894461859979
0.7398119122257053
0.7403343782654127
0.7408568443051202
0.7413793103448276
0.741901776384535
0.7424242424242424
0.7429467084639498
0.7434691745036572
0.7439916405433646
0.744514106583072
0.7450365726227794
0.745559038662487
0.7460815047021944
0.7466039707419018
0.7471264367816092
0.7476489028213166
0.748171368861024
0.8066875653082549
0.8072100313479624
0.8077324973876698
0.8082549634273772
0.8087774294670846
0.8746081504702194
0.8751306165099269
0.8756530825496343
0.8761755485893417
0.8766980146290491
0.9367816091954023
0.9373040752351097
0.9378265412748171
0.9383490073145245
0.938871473354232
0.9393939393939394
0.9399164054336469
0.9404388714733543
0.01567398119122257
0.01619644723092999
0.03082549634273772
0.03134796238244514
0.03187042842215256
0.03239289446185998
0.032915360501567396
0.033437826541274814
0.040229885057471264
0.04075235109717869
0.04179728317659352
0.04231974921630094
0.042842215256008356
0.04336468129571578
0.0438871473354232
0.044409613375130615
0.045454545454545456
0.045977011494252866
0.04649947753396029
0.047021943573667714
0.04754440961337513
0.04806687565308255
0.04963427377220481
0.050156739811912224
0.05067920585161965
0.05120167189132706
0.052246603970741906
0.052769070010449316
0.05485893416927899
0.05642633228840125
0.06426332288401254
0.06478578892371996
0.06530825496342738
0.06583072100313479
0.06635318704284221
0.06687565308254963
0.06739811912225706
0.06792058516196448
0.06844305120167189
0.06896551724137931
0.06948798328108673
0.07105538140020899
0.07157784743991641
0.07314524555903866
0.07366771159874608
0.07419017763845351
0.07471264367816093
0.07523510971786834
0.07575757575757575
0.08516196447230931
0.08568443051201671
0.08620689655172413
0.08672936259143156
0.08725182863113898
0.0877742946708464
0.08829676071055381
0.08881922675026123
0.08934169278996865
0.09508881922675026
0.09561128526645768
0.0961337513061651
0.09665621734587251
0.09717868338557993
0.09770114942528736
0.09822361546499478
0.09874608150470218
0.09926854754440961
0.09979101358411703
0.10344827586206896
0.10919540229885057
0.10971786833855798
0.11024033437826541
0.11076280041797283
0.11128526645768025
0.11180773249738768
0.11233019853709508
0.1128526645768025
0.11337513061650992
0.11389759665621735
0.11442006269592477
0.11494252873563218
0.1154649947753396
0.11650992685475443
0.11703239289446186
0.11755485893416928
0.1180773249738767
0.11859979101358412
0.11912225705329153
0.11964472309299895
0.12016718913270637
0.1206896551724138
0.12121212121212122
0.12173458725182863
0.12225705329153604
0.12277951933124347
0.12330198537095088
0.1238244514106583
0.12434691745036573
0.132183908045977
0.14158829676071055
0.14211076280041798
0.1426332288401254
0.14315569487983282
0.14367816091954022
0.14420062695924762
0.14472309299895508
0.1452455590386625
0.14576802507836992
0.25235109717868337
0.2528735632183908
0.25339602925809823
0.25391849529780564
0.25444096133751304
0.2549634273772205
0.2554858934169279
0.2560083594566353
0.2565308254963427
0.25705329153605017
0.25757575757575757
0.258098223615465
0.30094043887147337
0.3014629049111808
0.3019853709508882
0.3025078369905956
0.303030303030303
0.3035527690700105
0.3040752351097179
0.3045977011494253
0.3051201671891327
0.3056426332288401
0.30616509926854757
0.306687565308255
0.3072100313479624
0.3077324973876698
0.3082549634273772
0.30877742946708464
0.30929989550679204
0.30982236154649945
0.31034482758620685
0.31086729362591436
0.31138975966562177
0.31191222570532917
0.3124346917450366
0.312957157784744
0.31347962382445144
0.31400208986415884
0.31452455590386624
0.31504702194357365
0.31556948798328105
0.3160919540229885
0.3166144200626959
0.3171368861024033
0.3176593521421107
0.3181818181818182
0.31870428422152564
0.31922675026123304
0.31974921630094044
0.32027168234064785
0.3207941483803553
0.3213166144200627
0.3218390804597701
0.3223615464994775
0.3228840125391849
0.3234064785788924
0.3239289446185998
0.3244514106583072
0.3249738766980146
0.32549634273772204
0.3260188087774295
0.3265412748171369
0.3270637408568443
0.3275862068965517
0.3281086729362591
0.3286311389759666
0.329153605015674
0.3296760710553814
0.3301985370950888
0.33072100313479624
0.33124346917450365
0.33176593521421105
0.3322884012539185
0.3328108672936259
0.33333333333333337
0.3338557993730408
0.3343782654127482
0.3349007314524556
0.335423197492163
0.33594566353187044
0.33646812957157785
0.33699059561128525
0.33751306165099265
0.33803552769070006
0.3385579937304075
0.3390804597701149
0.3396029258098224
0.3401253918495298
0.34064785788923724
0.34117032392894464
0.34169278996865204
0.3448275862068965
0.3458725182863114
0.3463949843260188
0.34691745036572624
0.34743991640543365
0.34796238244514105
0.3484848484848485
0.3490073145245559
0.3495297805642633
0.3521421107628004
0.3526645768025078
0.35318704284221525
0.3537095088819227
0.3542319749216301
0.3547544409613375
0.3552769070010449
0.3557993730407524
0.3563218390804598
0.36415882967607105
0.36468129571577845
0.36520376175548586
0.3657262277951933
0.3662486938349007
0.3667711598746081
0.3672936259143155
0.36781609195402293
0.36833855799373044
0.36886102403343785
0.36938349007314525
0.36990595611285265
0.3704284221525601
0.3709508881922675
0.3714733542319749
0.3719958202716823
0.3725182863113897
0.3730407523510972
0.3735632183908046
0.374085684430512
0.3746081504702194
0.3751306165099268
0.3756530825496343
0.3761755485893417
0.3766980146290491
0.3772204806687565
0.377742946708464
0.3782654127481714
0.3787878787878788
0.3793103448275862
0.3798328108672936
0.38035527690700105
0.38087774294670845
0.38140020898641586
0.38192267502612326
0.3824451410658307
0.3829676071055382
0.3834900731452456
0.384012539184953
0.3845350052246604
0.3850574712643678
0.38557993730407525
0.38610240334378265
0.38662486938349006
0.38714733542319746
0.3876698014629049
0.3881922675026123
0.3887147335423197
0.3892371995820271
0.3897596656217346
0.39028213166144204
0.39080459770114945
0.39132706374085685
0.39184952978056425
0.39237199582027166
0.3928944618599791
0.3934169278996865
0.3939393939393939
0.3944618599791013
0.39498432601880873
0.3960292580982236
0.39655172413793105
0.39707419017763845
0.40856844305120166
0.40909090909090906
0.40961337513061646
0.4101358411703239
0.4106583072100313
0.4111807732497388
0.4117032392894462
0.4122257053291536
0.41274817136886105
0.41327063740856845
0.41379310344827586
0.41431556948798326
0.41483803552769066
0.4153605015673981
0.4158829676071055
0.41640543364681293
0.41692789968652033
0.4174503657262278
0.41797283176593525
0.43207941483803547
0.432601880877743
0.4331243469174504
0.4336468129571578
0.4341692789968652
0.43521421107628006
0.43573667711598746
0.43678160919540227
0.4373040752351097
0.4378265412748171
0.43834900731452453
0.43887147335423193
0.43939393939393934
0.43991640543364685
0.44043887147335425
0.44096133751306166
0.44148380355276906
0.44200626959247646
0.4425287356321839
0.4430512016718913
0.44357366771159873
0.44409613375130613
0.4446185997910136
0.445141065830721
0.4456635318704284
0.4461859979101358
0.44670846394984326
0.4472309299895507
0.4477533960292581
0.4482758620689655
0.44879832810867293
0.44932079414838033
0.4498432601880878
0.4503657262277952
0.4508881922675026
0.45141065830721
0.4519331243469174
0.45245559038662486
0.45297805642633227
0.45350052246603967
0.4540229885057471
0.4545454545454546
0.455067920585162
0.4555903866248694
0.4561128526645768
0.4566353187042842
0.45715778474399166
0.45820271682340646
0.45924764890282127
0.46917450365726227
0.4696969696969697
0.4702194357366771
0.47074190177638453
0.47126436781609193
0.47178683385579934
0.4723092998955068
0.4728317659352142
0.4733542319749216
0.473876698014629
0.47439916405433646
0.47492163009404387
0.4754440961337513
0.47596656217345873
0.47648902821316613
0.4770114942528736
0.5005224660397074
0.5010449320794148
0.5015673981191222
0.5020898641588297
0.5026123301985371
0.5031347962382445
0.5036572622779519
0.5041797283176593
0.5047021943573667
0.5052246603970741
0.5057471264367815
0.506269592476489
0.5067920585161965
0.5073145245559039
0.5078369905956113
0.5083594566353187
0.5088819226750261
0.5094043887147336
0.509926854754441
0.5104493207941484
0.5109717868338558
0.5114942528735632
0.5120167189132706
0.512539184952978
0.5130616509926854
0.5135841170323928
0.5141065830721003
0.5146290491118077
0.5151515151515151
0.5156739811912225
0.51619644723093
0.5167189132706375
0.5172413793103449
0.5177638453500523
0.5182863113897597
0.5188087774294671
0.5193312434691745
0.634796238244514
0.6698014629049112
0.6703239289446186
0.670846394984326
0.6713688610240335
0.6718913270637409
0.6724137931034483
0.6729362591431557
0.6734587251828631
0.6739811912225705
0.6745036572622779
0.6750261233019853
0.6755485893416927
0.6760710553814001
0.6765935214211076
0.677115987460815
0.6776384535005224
0.6781609195402298
0.6786833855799373
0.6792058516196448
0.6797283176593522
0.6802507836990596
0.8014629049111808
0.8019853709508882
0.8025078369905956
0.803030303030303
0.8035527690700104
0.8040752351097178
0.8045977011494252
0.8051201671891327
0.8056426332288401
0.8061650992685475
0.017763845350052248
0.018286311389759665
0.018808777429467086
0.019331243469174503
0.01985370950888192
0.020376175548589344
0.02089864158829676
0.021421107628004178
0.0219435736677116
0.024555903866248695
0.025078369905956112
0.02560083594566353
0.026123301985370953
0.02664576802507837
0.02716823406478579
0.027690700104493208
0.028735632183908046
0.029258098223615466
0.029780564263322883
0.03396029258098224
0.034482758620689655
0.03500522466039707
0.035527690700104496
0.036050156739811906
0.037095088819226754
0.03761755485893417
0.03814002089864159
0.038662486938349006
0.03918495297805643
0.03970741901776384
0.040229885057471264
0.04075235109717869
0.0412748171368861
0.04179728317659352
0.04231974921630094
0.0438871473354232
0.044409613375130615
0.04493207941483803
0.045454545454545456
0.045977011494252866
0.04649947753396029
0.047021943573667714
0.04754440961337513
0.04806687565308255
0.048589341692789965
0.04911180773249739
0.04963427377220481
0.050156739811912224
0.05172413793103448
0.06374085684430512
0.06426332288401254
0.06635318704284221
0.06687565308254963
0.06739811912225706
0.06792058516196448
0.06844305120167189
0.06896551724137931
0.06948798328108673
0.07001044932079414
0.07053291536050156
0.07105538140020899
0.07157784743991641
0.07210031347962381
0.07262277951933124
0.07314524555903866
0.08202716823406478
0.0825496342737722
0.08307210031347963
0.08359456635318704
0.08411703239289446
0.08463949843260188
0.08516196447230931
0.08568443051201671
0.08672936259143156
0.08725182863113898
0.0877742946708464
0.08829676071055381
0.08881922675026123
0.08934169278996865
0.08986415882967606
0.0903866248693835
0.09090909090909091
0.09143155694879833
0.09299895506792058
0.093521421107628
0.09404388714733543
0.09456635318704285
0.0961337513061651
0.10031347962382445
0.10083594566353186
0.1013584117032393
0.10240334378265412
0.10292580982236155
0.10344827586206896
0.12277951933124347
0.12330198537095088
0.12539184952978055
0.12591431556948798
0.1264367816091954
0.12695924764890282
0.12748171368861025
0.12800417972831765
0.12852664576802508
0.1290491118077325
0.12957157784743992
0.13949843260188088
0.1400208986415883
0.1405433646812957
0.14106583072100312
0.14158829676071055
0.14211076280041798
0.1426332288401254
0.14315569487983282
0.14367816091954022
0.14420062695924762
0.14472309299895508
0.1452455590386625
0.14576802507836992
0.14785788923719956
0.20532915360501566
0.2413793103448276
0.241901776384535
0.24242424242424243
0.24294670846394983
0.24346917450365727
0.24399164054336467
0.24451410658307207
0.24503657262277953
0.24555903866248693
0.24608150470219436
0.24660397074190177
0.2471264367816092
0.2476489028213166
0.248171368861024
0.3056426332288401
0.30616509926854757
0.306687565308255
0.3072100313479624
0.3077324973876698
0.3082549634273772
0.30877742946708464
0.30929989550679204
0.30982236154649945
0.31034482758620685
0.31086729362591436
0.31138975966562177
0.31191222570532917
0.3124346917450366
0.312957157784744
0.31347962382445144
0.31400208986415884
0.31452455590386624
0.31504702194357365
0.31556948798328105
0.3160919540229885
0.3166144200626959
0.3171368861024033
0.3176593521421107
0.3181818181818182
0.31870428422152564
0.31922675026123304
0.31974921630094044
0.32027168234064785
0.3207941483803553
0.3213166144200627
0.3218390804597701
0.3223615464994775
0.3234064785788924
0.3244514106583072
0.3249738766980146
0.32549634273772204
0.3260188087774295
0.3265412748171369
0.3270637408568443
0.3275862068965517
0.3281086729362591
0.3286311389759666
0.329153605015674
0.3296760710553814
0.3301985370950888
0.33072100313479624
0.33124346917450365
0.33176593521421105
0.3322884012539185
0.3328108672936259
0.33333333333333337
0.3338557993730408
0.3343782654127482
0.3349007314524556
0.335423197492163
0.33594566353187044
0.3443051201671891
0.3453500522466039
0.3458725182863114
0.34691745036572624
0.3500522466039707
0.3505747126436782
0.3510971786833856
0.351619644723093
0.3521421107628004
0.35318704284221525
0.3537095088819227
0.3542319749216301
0.3547544409613375
0.3552769070010449
0.3568443051201672
0.3573667711598746
0.3672936259143155
0.36781609195402293
0.36833855799373044
0.36886102403343785
0.36938349007314525
0.36990595611285265
0.3704284221525601
0.3709508881922675
0.3714733542319749
0.3719958202716823
0.3725182863113897
0.3730407523510972
0.3735632183908046
0.374085684430512
0.3746081504702194
0.3751306165099268
0.3756530825496343
0.3761755485893417
0.3766980146290491
0.3772204806687565
0.377742946708464
0.3782654127481714
0.3787878787878788
0.3793103448275862
0.3798328108672936
0.38035527690700105
0.38087774294670845
0.38140020898641586
0.38192267502612326
0.3824451410658307
0.3829676071055382
0.3834900731452456
0.384012539184953
0.3845350052246604
0.3850574712643678
0.38557993730407525
0.38610240334378265
0.38662486938349006
0.38714733542319746
0.3876698014629049
0.3881922675026123
0.3887147335423197
0.3892371995820271
0.3897596656217346
0.39028213166144204
0.39080459770114945
0.39132706374085685
0.39184952978056425
0.39237199582027166
0.3928944618599791
0.3934169278996865
0.3939393939393939
0.3944618599791013
0.39498432601880873
0.3955067920585162
0.3960292580982236
0.39655172413793105
0.39707419017763845
0.3975966562173459
0.3981191222570533
0.3986415882967607
0.3991640543364681
0.4007314524555904
0.40752351097178685
0.4122257053291536
0.41274817136886105
0.41327063740856845
0.41379310344827586
0.41431556948798326
0.41483803552769066
0.4153605015673981
0.4158829676071055
0.41640543364681293
0.41692789968652033
0.4174503657262278
0.41797283176593525
0.41849529780564265
0.41901776384535006
0.43207941483803547
0.43521421107628006
0.43625914315569486
0.43678160919540227
0.4373040752351097
0.4378265412748171
0.43834900731452453
0.43887147335423193
0.43939393939393934
0.43991640543364685
0.44043887147335425
0.44096133751306166
0.44148380355276906
0.44200626959247646
0.4425287356321839
0.4430512016718913
0.44357366771159873
0.44409613375130613
0.4446185997910136
0.445141065830721
0.4456635318704284
0.4461859979101358
0.44670846394984326
0.4472309299895507
0.4477533960292581
0.4482758620689655
0.44879832810867293
0.44932079414838033
0.4498432601880878
0.4503657262277952
0.4508881922675026
0.45141065830721
0.4519331243469174
0.45245559038662486
0.45297805642633227
0.45350052246603967
0.4540229885057471
0.4545454545454546
0.455067920585162
0.4555903866248694
0.4561128526645768
0.4566353187042842
0.45715778474399166
0.45768025078369906
0.45820271682340646
0.45872518286311387
0.45924764890282127
0.45977011494252873
0.46029258098223613
0.4608150470219436
0.4618599791013584
0.4728317659352142
0.4952978056426332
0.496342737722048
0.4968652037617555
0.49738766980146293
0.49791013584117033
0.49843260188087773
0.49895506792058514
0.4994775339602926
0.5
0.5005224660397074
0.5010449320794148
0.5015673981191222
0.5020898641588297
0.5026123301985371
0.5031347962382445
0.5036572622779519
0.5041797283176593
0.5047021943573667
0.5052246603970741
0.5057471264367815
0.506269592476489
0.5067920585161965
0.5073145245559039
0.5078369905956113
0.5083594566353187
0.5088819226750261
0.5094043887147336
0.509926854754441
0.5104493207941484
0.5109717868338558
0.5114942528735632
0.5120167189132706
0.512539184952978
0.5130616509926854
0.5135841170323928
0.5141065830721003
0.5146290491118077
0.5151515151515151
0.5156739811912225
0.51619644723093
0.5167189132706375
0.5172413793103449
0.5177638453500523
0.5182863113897597
0.5188087774294671
0.5193312434691745
0.5198537095088819
0.5203761755485893
0.5208986415882967
0.5214211076280042
0.5219435736677116
0.522466039707419
0.5229885057471264
0.5235109717868338
0.5376175548589343
0.5381400208986417
0.5386624869383491
0.5391849529780565
0.5397074190177639
0.5402298850574713
0.5407523510971787
0.5679205851619645
0.6196447230929989
0.6201671891327063
0.6206896551724137
0.6745036572622779
0.6750261233019853
0.6755485893416927
0.6760710553814001
0.6765935214211076
0.677115987460815
0.6812957157784745
0.7424242424242424
0.7429467084639498
0.7434691745036572
0.7439916405433646
0.744514106583072
0.7450365726227794
0.745559038662487
0.7460815047021944
0.7466039707419018
0.7471264367816092
0.7476489028213166
0.748171368861024
0.7486938349007314
0.7492163009404388
0.7497387669801462
0.7502612330198536
0.020376175548589344
0.02664576802507837
0.02716823406478579
0.027690700104493208
0.028213166144200625
0.028735632183908046
0.029258098223615466
0.029780564263322883
0.030303030303030304
0.04336468129571578
0.0438871473354232
0.044409613375130615
0.04493207941483803
0.05172413793103448
0.052246603970741906
0.052769070010449316
0.05329153605015674
0.05851619644723093
0.05903866248693835
0.05956112852664577
0.06269592476489028
0.0632183908045977
0.06374085684430512
0.06426332288401254
0.06478578892371996
0.06530825496342738
0.06583072100313479
0.06635318704284221
0.06687565308254963
0.06739811912225706
0.06792058516196448
0.06844305120167189
0.06896551724137931
0.06948798328108673
0.07001044932079414
0.07053291536050156
0.07105538140020899
0.07314524555903866
0.07366771159874608
0.07419017763845351
0.07523510971786834
0.07575757575757575
0.07628004179728318
0.0768025078369906
0.07732497387669801
0.07784743991640544
0.07836990595611286
0.07941483803552768
0.08359456635318704
0.08411703239289446
0.08463949843260188
0.08516196447230931
0.08568443051201671
0.08620689655172413
0.08672936259143156
0.09979101358411703
0.10031347962382445
0.10501567398119123
0.10553814002089863
0.10606060606060605
0.10658307210031348
0.1071055381400209
0.10762800417972831
0.10815047021943575
0.10867293625914316
0.10919540229885057
0.10971786833855798
0.11024033437826541
0.11076280041797283
0.11180773249738768
0.11233019853709508
0.1128526645768025
0.11337513061650992
0.11389759665621735
0.13061650992685475
0.13113897596656218
0.13166144200626959
0.132183908045977
0.13270637408568442
0.13322884012539185
0.13375130616509925
0.13427377220480669
0.13479623824451412
0.13531870428422152
0.13584117032392895
0.13636363636363635
0.13688610240334378
0.1374085684430512
0.13793103448275862
0.13845350052246605
0.13897596656217345
0.13949843260188088
0.1400208986415883
0.1405433646812957
0.14367816091954022
0.14420062695924762
0.14472309299895508
0.1452455590386625
0.14576802507836992
0.14629049111807732
0.14681295715778475
0.14733542319749215
0.17398119122257052
0.17450365726227796
0.2502612330198537
0.2507836990595611
0.2659352142110763
0.2664576802507837
0.2669801462904911
0.2675026123301985
0.26802507836990597
0.28213166144200624
0.2826541274817137
0.3014629049111808
0.306687565308255
0.3072100313479624
0.3077324973876698
0.3082549634273772
0.30877742946708464
0.30929989550679204
0.30982236154649945
0.31034482758620685
0.31086729362591436
0.31138975966562177
0.31191222570532917
0.3124346917450366
0.312957157784744
0.31347962382445144
0.31400208986415884
0.31452455590386624
0.31504702194357365
0.31556948798328105
0.3160919540229885
0.3166144200626959
0.3171368861024033
0.3176593521421107
0.3181818181818182
0.31870428422152564
0.31922675026123304
0.31974921630094044
0.32027168234064785
0.3207941483803553
0.3213166144200627
0.33072100313479624
0.33124346917450365
0.33176593521421105
0.3322884012539185
0.3328108672936259
0.33333333333333337
0.3338557993730408
0.3343782654127482
0.3349007314524556
0.335423197492163
0.3521421107628004
0.3526645768025078
0.35318704284221525
0.3537095088819227
0.3568443051201672
0.3573667711598746
0.357889237199582
0.3719958202716823
0.3725182863113897
0.3730407523510972
0.3735632183908046
0.374085684430512
0.3746081504702194
0.3751306165099268
0.3756530825496343
0.3761755485893417
0.3766980146290491
0.3772204806687565
0.377742946708464
0.3782654127481714
0.3787878787878788
0.3793103448275862
0.3798328108672936
0.38035527690700105
0.38087774294670845
0.38140020898641586
0.38192267502612326
0.3824451410658307
0.3829676071055382
0.3834900731452456
0.384012539184953
0.3845350052246604
0.3850574712643678
0.38557993730407525
0.38610240334378265
0.38662486938349006
0.38714733542319746
0.39028213166144204
0.39080459770114945
0.39132706374085685
0.4122257053291536
0.41274817136886105
0.41327063740856845
0.41379310344827586
0.41431556948798326
0.41483803552769066
0.4153605015673981
0.4158829676071055
0.41640543364681293
0.41692789968652033
0.41849529780564265
0.4211076280041797
0.4216300940438871
0.42215256008359453
0.422675026123302
0.4237199582027168
0.4242424242424242
0.4247648902821316
0.4252873563218391
0.4258098223615465
0.4263322884012539
0.4268547544409613
0.432601880877743
0.4331243469174504
0.4336468129571578
0.4341692789968652
0.43469174503657265
0.43521421107628006
0.43573667711598746
0.43625914315569486
0.4378265412748171
0.43834900731452453
0.43887147335423193
0.43939393939393934
0.43991640543364685
0.44043887147335425
0.44096133751306166
0.44148380355276906
0.44200626959247646
0.4425287356321839
0.4430512016718913
0.44357366771159873
0.44409613375130613
0.4446185997910136
0.445141065830721
0.4456635318704284
0.4461859979101358
0.44670846394984326
0.4472309299895507
0.4477533960292581
0.4482758620689655
0.44879832810867293
0.44932079414838033
0.4498432601880878
0.4503657262277952
0.4508881922675026
0.45141065830721
0.4519331243469174
0.45245559038662486
0.45297805642633227
0.45350052246603967
0.4540229885057471
0.4545454545454546
0.455067920585162
0.4555903866248694
0.4561128526645768
0.4566353187042842
0.45715778474399166
0.45768025078369906
0.45820271682340646
0.45872518286311387
0.45924764890282127
0.45977011494252873
0.46029258098223613
0.4608150470219436
0.461337513061651
0.4618599791013584
0.46238244514106586
0.46290491118077326
0.46342737722048066
0.46394984326018807
0.46499477533960293
0.46551724137931033
0.46603970741901773
0.46656217345872514
0.47596656217345873
0.47648902821316613
0.4770114942528736
0.477533960292581
0.4780564263322884
0.4785788923719958
0.4791013584117032
0.47962382445141066
0.48014629049111807
0.48537095088819227
0.48589341692789967
0.48641588296760707
0.48693834900731453
0.48746081504702193
0.48798328108672934
0.48850574712643674
0.48902821316614414
0.48955067920585166
0.49007314524555906
0.49059561128526646
0.49111807732497387
0.4958202716823406
0.496342737722048
0.4968652037617555
0.49738766980146293
0.49791013584117033
0.49843260188087773
0.5010449320794148
0.5015673981191222
0.5020898641588297
0.5026123301985371
0.5031347962382445
0.5036572622779519
0.5041797283176593
0.5047021943573667
0.5052246603970741
0.5057471264367815
0.506269592476489
0.5067920585161965
0.5073145245559039
0.5078369905956113
0.5083594566353187
0.5088819226750261
0.5094043887147336
0.509926854754441
0.5104493207941484
0.5109717868338558
0.5114942528735632
0.5120167189132706
0.512539184952978
0.5130616509926854
0.5135841170323928
0.5141065830721003
0.5146290491118077
0.5151515151515151
0.5156739811912225
0.51619644723093
0.5167189132706375
0.5172413793103449
0.5177638453500523
0.5182863113897597
0.5188087774294671
0.5193312434691745
0.5198537095088819
0.5203761755485893
0.5208986415882967
0.5214211076280042
0.5219435736677116
0.522466039707419
0.5229885057471264
0.5235109717868338
0.5240334378265413
0.5245559038662487
0.5402298850574713
0.5407523510971787
0.5632183908045977
0.5637408568443051
0.5642633228840125
0.56478578892372
0.5653082549634274
0.5658307210031348
0.5663531870428422
0.5668756530825496
0.5673981191222571
0.5679205851619645
0.5684430512016719
0.5689655172413793
0.5694879832810867
0.5700104493207941
0.5705329153605015
0.571055381400209
0.5715778474399164
0.5721003134796238
0.5726227795193313
0.5731452455590387
0.8641588296760709
0.8646812957157786
0.865203761755486
0.8657262277951934
0.8662486938349008
0.028213166144200625
0.028735632183908046
0.03134796238244514
0.03187042842215256
0.03239289446185998
0.033437826541274814
0.03396029258098224
0.034482758620689655
0.03500522466039707
0.035527690700104496
0.036050156739811906
0.04231974921630094
0.042842215256008356
0.045454545454545456
0.045977011494252866
0.06792058516196448
0.06844305120167189
0.07419017763845351
0.07471264367816093
0.07523510971786834
0.07575757575757575
0.08359456635318704
0.08411703239289446
0.08463949843260188
0.08516196447230931
0.08568443051201671
0.08620689655172413
0.0961337513061651
0.09665621734587251
0.09822361546499478
0.09874608150470218
0.09926854754440961
0.12277951933124347
0.12539184952978055
0.12591431556948798
0.13479623824451412
0.13531870428422152
0.13584117032392895
0.13636363636363635
0.13688610240334378
0.1374085684430512
0.13793103448275862
0.13845350052246605
0.1400208986415883
0.14106583072100312
0.14158829676071055
0.14211076280041798
0.1426332288401254
0.14315569487983282
0.14367816091954022
0.14420062695924762
0.14472309299895508
0.1452455590386625
0.14576802507836992
0.19644723092998956
0.19696969696969696
0.19749216300940436
0.26541274817136884
0.2659352142110763
0.2664576802507837
0.2669801462904911
0.2675026123301985
0.26802507836990597
0.26854754440961337
0.2826541274817137
0.2831765935214211
0.28369905956112856
0.28422152560083597
0.3040752351097179
0.3045977011494253
0.3051201671891327
0.3056426332288401
0.30616509926854757
0.306687565308255
0.3072100313479624
0.3077324973876698
0.3082549634273772
0.30877742946708464
0.30929989550679204
0.30982236154649945
0.31034482758620685
0.31086729362591436
0.31138975966562177
0.31191222570532917
0.3124346917450366
0.312957157784744
0.31347962382445144
0.31400208986415884
0.31452455590386624
0.31504702194357365
0.31556948798328105
0.3160919540229885
0.3166144200626959
0.3171368861024033
0.3176593521421107
0.3181818181818182
0.31870428422152564
0.31922675026123304
0.31974921630094044
0.32027168234064785
0.3207941483803553
0.3213166144200627
0.3218390804597701
0.3223615464994775
0.3228840125391849
0.3234064785788924
0.3239289446185998
0.3244514106583072
0.3249738766980146
0.32549634273772204
0.3526645768025078
0.35318704284221525
0.3537095088819227
0.3542319749216301
0.3547544409613375
0.3552769070010449
0.3557993730407524
0.3563218390804598
0.3568443051201672
0.3573667711598746
0.357889237199582
0.3719958202716823
0.3725182863113897
0.3730407523510972
0.3735632183908046
0.374085684430512
0.3746081504702194
0.3751306165099268
0.3756530825496343
0.3761755485893417
0.3766980146290491
0.3772204806687565
0.377742946708464
0.3782654127481714
0.3787878787878788
0.3793103448275862
0.3798328108672936
0.38035527690700105
0.38087774294670845
0.38140020898641586
0.38192267502612326
0.3824451410658307
0.3829676071055382
0.3834900731452456
0.384012539184953
0.3845350052246604
0.3850574712643678
0.38557993730407525
0.38610240334378265
0.38662486938349006
0.38714733542319746
0.3876698014629049
0.3881922675026123
0.3887147335423197
0.3892371995820271
0.3897596656217346
0.39028213166144204
0.39080459770114945
0.39132706374085685
0.39184952978056425
0.39237199582027166
0.3928944618599791
0.3934169278996865
0.3939393939393939
0.4211076280041797
0.4216300940438871
0.42215256008359453
0.422675026123302
0.4231974921630094
0.4237199582027168
0.4242424242424242
0.4247648902821316
0.4252873563218391
0.4258098223615465
0.4263322884012539
0.44043887147335425
0.44096133751306166
0.44148380355276906
0.44200626959247646
0.4425287356321839
0.4430512016718913
0.44357366771159873
0.44409613375130613
0.4446185997910136
0.445141065830721
0.4456635318704284
0.4461859979101358
0.44670846394984326
0.4472309299895507
0.4477533960292581
0.4482758620689655
0.44879832810867293
0.44932079414838033
0.4498432601880878
0.4503657262277952
0.4508881922675026
0.45141065830721
0.4519331243469174
0.45245559038662486
0.45297805642633227
0.45350052246603967
0.4540229885057471
0.4545454545454546
0.455067920585162
0.4555903866248694
0.4561128526645768
0.4566353187042842
0.45715778474399166
0.45768025078369906
0.45820271682340646
0.45872518286311387
0.45924764890282127
0.45977011494252873
0.46029258098223613
0.4608150470219436
0.461337513061651
0.4618599791013584
0.46238244514106586
0.46290491118077326
0.46342737722048066
0.46394984326018807
0.4644723092998955
0.46499477533960293
0.46551724137931033
0.46603970741901773
0.46656217345872514
0.4670846394984326
0.46760710553814
0.46812957157784746
0.46865203761755486
0.46917450365726227
0.4696969696969697
0.4702194357366771
0.47074190177638453
0.47126436781609193
0.47178683385579934
0.4723092998955068
0.4728317659352142
0.4733542319749216
0.473876698014629
0.47439916405433646
0.47492163009404387
0.4958202716823406
0.496342737722048
0.4968652037617555
0.5010449320794148
0.5015673981191222
0.5020898641588297
0.5026123301985371
0.5031347962382445
0.5036572622779519
0.5041797283176593
0.5047021943573667
0.5052246603970741
0.5057471264367815
0.506269592476489
0.5067920585161965
0.5073145245559039
0.5078369905956113
0.5083594566353187
0.5088819226750261
0.5094043887147336
0.509926854754441
0.5104493207941484
0.5109717868338558
0.5114942528735632
0.5120167189132706
0.512539184952978
0.5130616509926854
0.5135841170323928
0.5156739811912225
0.51619644723093
0.5167189132706375
0.5172413793103449
0.5177638453500523
0.5606060606060606
0.561128526645768
0.5616509926854754
0.5621734587251828
0.5626959247648903
0.5632183908045977
0.5637408568443051
0.5642633228840125
0.56478578892372
0.5653082549634274
0.5658307210031348
0.5663531870428422
0.5668756530825496
0.5673981191222571
0.5679205851619645
0.5684430512016719
0.5689655172413793
0.5694879832810867
0.5700104493207941
0.5705329153605015
0.571055381400209
0.5715778474399164
0.5721003134796238
0.5726227795193313
0.5731452455590387
0.5736677115987461
0.5741901776384535
0.5747126436781609
0.5752351097178683
0.5757575757575757
0.5762800417972831
0.5768025078369905
0.577324973876698
0.5778474399164054
0.5783699059561128
0.5788923719958203
0.5794148380355277
0.5799373040752351
0.03657262277951933
0.037095088819226754
0.03761755485893417
0.03814002089864159
0.038662486938349006
0.03918495297805643
0.03970741901776384
0.04179728317659352
0.04231974921630094
0.042842215256008356
0.04336468129571578
0.0438871473354232
0.044409613375130615
0.04493207941483803
0.045454545454545456
0.05956112852664577
0.060083594566353184
0.06060606060606061
0.06112852664576802
0.06165099268547544
0.062173458725182866
0.06269592476489028
0.06374085684430512
0.06426332288401254
0.06478578892371996
0.07419017763845351
0.07471264367816093
0.07732497387669801
0.07784743991640544
0.07836990595611286
0.07889237199582026
0.07941483803552768
0.07993730407523511
0.08045977011494253
0.08098223615464994
0.08150470219435738
0.08202716823406478
0.0825496342737722
0.08307210031347963
0.08359456635318704
0.08411703239289446
0.08463949843260188
0.08516196447230931
0.08568443051201671
0.08620689655172413
0.08672936259143156
0.08829676071055381
0.08881922675026123
0.08934169278996865
0.08986415882967606
0.0903866248693835
0.093521421107628
0.10188087774294671
0.10240334378265412
0.10292580982236155
0.10344827586206896
0.10658307210031348
0.12277951933124347
0.12330198537095088
0.1238244514106583
0.12434691745036573
0.12486938349007315
0.12539184952978055
0.12591431556948798
0.13166144200626959
0.132183908045977
0.13270637408568442
0.13322884012539185
0.13375130616509925
0.13427377220480669
0.13479623824451412
0.13531870428422152
0.13584117032392895
0.13636363636363635
0.13688610240334378
0.1374085684430512
0.13793103448275862
0.1624869383490073
0.16614420062695925
0.16666666666666669
0.1671891327063741
0.1677115987460815
0.1698014629049112
0.17084639498432602
0.17136886102403343
0.17189132706374086
0.20428422152560083
0.20480668756530823
0.20741901776384533
0.20794148380355276
0.20846394984326017
0.20898641588296762
0.20950888192267503
0.21003134796238246
0.21055381400208986
0.27011494252873564
0.27063740856844304
0.27115987460815044
0.2716823406478579
0.2722048066875653
0.2727272727272727
0.2732497387669801
0.27377220480668757
0.30616509926854757
0.306687565308255
0.3072100313479624
0.3077324973876698
0.3082549634273772
0.30877742946708464
0.30929989550679204
0.30982236154649945
0.31034482758620685
0.31086729362591436
0.31138975966562177
0.31191222570532917
0.3124346917450366
0.312957157784744
0.31347962382445144
0.31400208986415884
0.31452455590386624
0.31504702194357365
0.31556948798328105
0.3160919540229885
0.3166144200626959
0.3171368861024033
0.3176593521421107
0.3181818181818182
0.31870428422152564
0.31922675026123304
0.3244514106583072
0.36415882967607105
0.36468129571577845
0.36520376175548586
0.3657262277951933
0.3662486938349007
0.3667711598746081
0.3672936259143155
0.36781609195402293
0.36833855799373044
0.36886102403343785
0.36938349007314525
0.36990595611285265
0.3704284221525601
0.3709508881922675
0.3714733542319749
0.3719958202716823
0.3725182863113897
0.3730407523510972
0.3735632183908046
0.374085684430512
0.3746081504702194
0.3751306165099268
0.3756530825496343
0.3761755485893417
0.3766980146290491
0.3772204806687565
0.377742946708464
0.3782654127481714
0.3787878787878788
0.3793103448275862
0.3798328108672936
0.38035527690700105
0.38087774294670845
0.38140020898641586
0.38192267502612326
0.3824451410658307
0.3829676071055382
0.3834900731452456
0.384012539184953
0.3845350052246604
0.3850574712643678
0.38557993730407525
0.38610240334378265
0.38662486938349006
0.38714733542319746
0.3876698014629049
0.3881922675026123
0.3887147335423197
0.3892371995820271
0.3897596656217346
0.39028213166144204
0.39080459770114945
0.39132706374085685
0.39184952978056425
0.39237199582027166
0.3928944618599791
0.3934169278996865
0.3939393939393939
0.3944618599791013
0.39498432601880873
0.3955067920585162
0.3960292580982236
0.39655172413793105
0.39707419017763845
0.3975966562173459
0.3981191222570533
0.4038662486938349
0.4043887147335423
0.4049111807732497
0.4054336468129572
0.4059561128526646
0.406478578892372
0.4070010449320794
0.40752351097178685
0.40804597701149425
0.40856844305120166
0.40909090909090906
0.40961337513061646
0.4101358411703239
0.4106583072100313
0.4111807732497388
0.4117032392894462
0.4122257053291536
0.41274817136886105
0.41327063740856845
0.41379310344827586
0.41431556948798326
0.41483803552769066
0.4153605015673981
0.4158829676071055
0.41640543364681293
0.41692789968652033
0.4174503657262278
0.41797283176593525
0.41849529780564265
0.41901776384535006
0.41954022988505746
0.4200626959247649
0.4205851619644723
0.4211076280041797
0.42215256008359453
0.43573667711598746
0.43625914315569486
0.43678160919540227
0.4373040752351097
0.4378265412748171
0.43834900731452453
0.43887147335423193
0.43991640543364685
0.44043887147335425
0.4446185997910136
0.445141065830721
0.4456635318704284
0.4461859979101358
0.44670846394984326
0.4472309299895507
0.4477533960292581
0.4482758620689655
0.44879832810867293
0.44932079414838033
0.4498432601880878
0.4503657262277952
0.4508881922675026
0.45141065830721
0.4519331243469174
0.45245559038662486
0.45297805642633227
0.45350052246603967
0.4540229885057471
0.4545454545454546
0.455067920585162
0.4555903866248694
0.5005224660397074
0.5010449320794148
0.5015673981191222
0.5020898641588297
0.5026123301985371
0.5031347962382445
0.5036572622779519
0.5041797283176593
0.5047021943573667
0.5052246603970741
0.5057471264367815
0.506269592476489
0.5067920585161965
0.5073145245559039
0.5078369905956113
0.5083594566353187
0.5088819226750261
0.5094043887147336
0.509926854754441
0.5104493207941484
0.5109717868338558
0.5114942528735632
0.5120167189132706
0.512539184952978
0.5130616509926854
0.5135841170323928
0.5141065830721003
0.5146290491118077
0.5151515151515151
0.5156739811912225
0.51619644723093
0.5167189132706375
0.5172413793103449
0.5177638453500523
0.5182863113897597
0.5188087774294671
0.5193312434691745
0.5198537095088819
0.5203761755485893
0.5208986415882967
0.5214211076280042
0.5219435736677116
0.522466039707419
0.5663531870428422
0.5668756530825496
0.5673981191222571
0.5679205851619645
0.5684430512016719
0.5689655172413793
0.5694879832810867
0.5700104493207941
0.5705329153605015
0.036050156739811906
0.03657262277951933
0.037095088819226754
0.03761755485893417
0.04231974921630094
0.042842215256008356
0.04336468129571578
0.0438871473354232
0.044409613375130615
0.045977011494252866
0.05172413793103448
0.052246603970741906
0.06112852664576802
0.06165099268547544
0.12277951933124347
0.12330198537095088
0.1238244514106583
0.12434691745036573
0.1290491118077325
0.12957157784743992
0.13009404388714732
0.13061650992685475
0.13113897596656218
0.13166144200626959
0.132183908045977
0.13270637408568442
0.13322884012539185
0.13375130616509925
0.13427377220480669
0.13479623824451412
0.13636363636363635
0.13845350052246605
0.13897596656217345
0.13949843260188088
0.1400208986415883
0.1405433646812957
0.14106583072100312
0.14158829676071055
0.14211076280041798
0.1426332288401254
0.14315569487983282
0.14367816091954022
0.14420062695924762
0.14472309299895508
0.1452455590386625
0.14576802507836992
0.14629049111807732
0.14681295715778475
0.20428422152560083
0.20480668756530823
0.20532915360501566
0.2058516196447231
0.20637408568443052
0.20689655172413793
0.20741901776384533
0.20794148380355276
0.20846394984326017
0.20898641588296762
0.20950888192267503
0.21003134796238246
0.21055381400208986
0.27063740856844304
0.27115987460815044
0.2716823406478579
0.2722048066875653
0.2727272727272727
0.374085684430512
0.3746081504702194
0.3751306165099268
0.3756530825496343
0.3761755485893417
0.3766980146290491
0.3772204806687565
0.377742946708464
0.3782654127481714
0.3787878787878788
0.3793103448275862
0.38035527690700105
0.39132706374085685
0.39184952978056425
0.4012539184952978
0.4017763845350052
0.4022988505747126
0.40282131661442006
0.40334378265412746
0.4038662486938349
0.4043887147335423
0.4049111807732497
0.4054336468129572
0.4059561128526646
0.406478578892372
0.4070010449320794
0.4472309299895507
0.4477533960292581
0.4482758620689655
0.44879832810867293
0.44932079414838033
0.4503657262277952
0.45141065830721
0.034482758620689655
0.03500522466039707
0.035527690700104496
0.036050156739811906
0.03657262277951933
0.037095088819226754
0.03761755485893417
0.03814002089864159
0.038662486938349006
0.03918495297805643
0.040229885057471264
0.04075235109717869
0.045454545454545456
0.05799373040752351
0.05851619644723093
0.11859979101358412
0.11912225705329153
0.11964472309299895
0.12016718913270637
0.1206896551724138
0.12121212121212122
0.12173458725182863
0.39184952978056425
0.39237199582027166
-0.03082549634273772
-0.03134796238244514
-0.03187042842215256
-0.03239289446185998
-0.032915360501567396
-0.033437826541274814
-0.03396029258098224
-0.034482758620689655
-0.03500522466039707
-0.035527690700104496
-0.036050156739811906
-0.03657262277951933
-0.037095088819226754
-0.03761755485893417
-0.05642633228840125
-0.056948798328108674
-0.05747126436781609
-0.06739811912225706
-0.06896551724137931
-0.06948798328108673
-0.07001044932079414
-0.11650992685475443
-0.11703239289446186
-0.11755485893416928
-0.1180773249738767
-0.11859979101358412
-0.11912225705329153
-0.11964472309299895
-0.12016718913270637
-0.1206896551724138
-0.132183908045977
-0.26489028213166144
-0.26541274817136884
-0.2659352142110763
-0.2664576802507837
-0.2669801462904911
-0.39080459770114945
-0.39132706374085685
-0.39184952978056425
-0.39237199582027166
-0.4378265412748171
-0.03187042842215256
-0.03239289446185998
-0.032915360501567396
-0.033437826541274814
-0.03396029258098224
-0.034482758620689655
-0.03500522466039707
-0.06844305120167189
-0.06896551724137931
-0.06948798328108673
-0.07001044932079414
-0.07053291536050156
-0.07105538140020899
-0.07157784743991641
-0.07941483803552768
-0.07993730407523511
-0.11598746081504702
-0.11650992685475443
-0.11703239289446186
-0.11755485893416928
-0.1180773249738767
-0.11859979101358412
-0.11912225705329153
-0.13166144200626959
-0.132183908045977
-0.13270637408568442
-0.26332288401253917
-0.2638453500522466
-0.264367816091954
-0.26489028213166144
-0.26541274817136884
-0.2659352142110763
-0.2664576802507837
-0.2669801462904911
-0.2675026123301985
-0.26802507836990597
-0.26854754440961337
-0.26907001044932083
-0.2769070010449321
-0.2774294670846395
-0.2779519331243469
-0.34796238244514105
-0.3484848484848485
-0.3490073145245559
-0.3500522466039707
-0.39132706374085685
-0.4378265412748171
-0.0632183908045977
-0.06374085684430512
-0.06426332288401254
-0.06478578892371996
-0.06530825496342738
-0.06583072100313479
-0.06635318704284221
-0.06687565308254963
-0.06739811912225706
-0.06792058516196448
-0.06844305120167189
-0.06896551724137931
-0.06948798328108673
-0.07001044932079414
-0.26332288401253917
-0.2638453500522466
-0.264367816091954
-0.26489028213166144
-0.26541274817136884
-0.2659352142110763
-0.2664576802507837
-0.2669801462904911
-0.3234064785788924
-0.3239289446185998
-0.3244514106583072
-0.3249738766980146
-0.32549634273772204
-0.3260188087774295
-0.3265412748171369
-0.3270637408568443
-0.3275862068965517
-0.3281086729362591
-0.3286311389759666
-0.329153605015674
-0.3458725182863114
-0.3463949843260188
-0.34691745036572624
-0.34743991640543365
-0.34796238244514105
-0.3484848484848485
-0.3490073145245559
-0.3495297805642633
-0.3500522466039707
-0.432601880877743
-0.4341692789968652
-0.43469174503657265
-0.43521421107628006
-0.43573667711598746
-0.060083594566353184
-0.06060606060606061
-0.06112852664576802
-0.06165099268547544
-0.062173458725182866
-0.06269592476489028
-0.0632183908045977
-0.06374085684430512
-0.06530825496342738
-0.06583072100313479
-0.08150470219435738
-0.08202716823406478
-0.0825496342737722
-0.08307210031347963
-0.08359456635318704
-0.08411703239289446
-0.08463949843260188
-0.08516196447230931
-0.08568443051201671
-0.08620689655172413
-0.08672936259143156
-0.08725182863113898
-0.0877742946708464
-0.08829676071055381
-0.09195402298850573
-0.09247648902821316
-0.09299895506792058
-0.2638453500522466
-0.264367816091954
-0.26489028213166144
-0.26541274817136884
-0.3072100313479624
-0.3077324973876698
-0.3082549634273772
-0.30877742946708464
-0.30929989550679204
-0.30982236154649945
-0.31034482758620685
-0.31086729362591436
-0.31138975966562177
-0.31191222570532917
-0.3171368861024033
-0.3176593521421107
-0.3181818181818182
-0.31870428422152564
-0.31922675026123304
-0.31974921630094044
-0.32027168234064785
-0.3207941483803553
-0.3213166144200627
-0.3218390804597701
-0.3223615464994775
-0.3228840125391849
-0.3234064785788924
-0.3239289446185998
-0.3244514106583072
-0.3249738766980146
-0.32549634273772204
-0.3260188087774295
-0.3265412748171369
-0.3270637408568443
-0.3275862068965517
-0.3281086729362591
-0.3286311389759666
-0.329153605015674
-0.3296760710553814
-0.3432601880877743
-0.3437826541274817
-0.3443051201671891
-0.3448275862068965
-0.3453500522466039
-0.3458725182863114
-0.3463949843260188
-0.34691745036572624
-0.34743991640543365
-0.34796238244514105
-0.3484848484848485
-0.3490073145245559
-0.3495297805642633
-0.3500522466039707
-0.3505747126436782
-0.39028213166144204
-0.39080459770114945
-0.39132706374085685
-0.39184952978056425
-0.39237199582027166
-0.3928944618599791
-0.3934169278996865
-0.43155694879832807
-0.44357366771159873
-0.44409613375130613
-0.4446185997910136
-0.445141065830721
-0.4456635318704284
-0.4461859979101358
-0.44670846394984326
-0.4472309299895507
-0.4477533960292581
-0.4482758620689655
-0.44879832810867293
-0.44932079414838033
-0.4498432601880878
-0.4503657262277952
-0.4508881922675026
-0.45141065830721
-0.4519331243469174
-0.45245559038662486
-0.02716823406478579
-0.027690700104493208
-0.028213166144200625
-0.028735632183908046
-0.029258098223615466
-0.029780564263322883
-0.030303030303030304
-0.03082549634273772
-0.03134796238244514
-0.03187042842215256
-0.03239289446185998
-0.032915360501567396
-0.033437826541274814
-0.03396029258098224
-0.034482758620689655
-0.03761755485893417
-0.03814002089864159
-0.038662486938349006
-0.03918495297805643
-0.03970741901776384
-0.040229885057471264
-0.04075235109717869
-0.0412748171368861
-0.05642633228840125
-0.056948798328108674
-0.05747126436781609
-0.05799373040752351
-0.05851619644723093
-0.05903866248693835
-0.05956112852664577
-0.060083594566353184
-0.06060606060606061
-0.06112852664576802
-0.06165099268547544
-0.062173458725182866
-0.06269592476489028
-0.0632183908045977
-0.06374085684430512
-0.06426332288401254
-0.06478578892371996
-0.06530825496342738
-0.06583072100313479
-0.07993730407523511
-0.11076280041797283
-0.11128526645768025
-0.11180773249738768
-0.11233019853709508
-0.1128526645768025
-0.11337513061650992
-0.11389759665621735
-0.11442006269592477
-0.11494252873563218
-0.1154649947753396
-0.248171368861024
-0.24869383490073146
-0.24921630094043887
-0.2497387669801463
-0.303030303030303
-0.3035527690700105
-0.3040752351097179
-0.3045977011494253
-0.3051201671891327
-0.3056426332288401
-0.30616509926854757
-0.306687565308255
-0.3072100313479624
-0.3077324973876698
-0.3082549634273772
-0.30877742946708464
-0.30929989550679204
-0.30982236154649945
-0.31034482758620685
-0.31086729362591436
-0.31138975966562177
-0.31191222570532917
-0.3124346917450366
-0.31347962382445144
-0.31400208986415884
-0.31452455590386624
-0.31504702194357365
-0.31556948798328105
-0.3160919540229885
-0.3166144200626959
-0.3171368861024033
-0.3176593521421107
-0.3181818181818182
-0.31870428422152564
-0.31922675026123304
-0.31974921630094044
-0.32027168234064785
-0.3207941483803553
-0.3213166144200627
-0.3218390804597701
-0.3223615464994775
-0.3228840125391849
-0.3234064785788924
-0.3239289446185998
-0.3244514106583072
-0.3249738766980146
-0.32549634273772204
-0.3260188087774295
-0.3265412748171369
-0.3270637408568443
-0.34169278996865204
-0.34221525600835945
-0.34273772204806685
-0.3432601880877743
-0.3437826541274817
-0.3443051201671891
-0.3448275862068965
-0.3453500522466039
-0.3458725182863114
-0.3463949843260188
-0.34691745036572624
-0.34743991640543365
-0.34796238244514105
-0.3484848484848485
-0.3490073145245559
-0.3897596656217346
-0.39028213166144204
-0.39080459770114945
-0.39132706374085685
-0.39184952978056425
-0.39237199582027166
-0.3928944618599791
-0.3934169278996865
-0.44670846394984326
-0.4472309299895507
-0.4482758620689655
-0.44879832810867293
-0.44932079414838033
-0.018286311389759665
-0.018808777429467086
-0.019331243469174503
-0.01985370950888192
-0.021421107628004178
-0.0219435736677116
-0.022466039707419016
-0.022988505747126433
-0.023510971786833857
-0.024033437826541274
-0.024555903866248695
-0.025078369905956112
-0.02560083594566353
-0.026123301985370953
-0.02664576802507837
-0.02716823406478579
-0.027690700104493208
-0.028213166144200625
-0.028735632183908046
-0.029258098223615466
-0.03239289446185998
-0.03500522466039707
-0.035527690700104496
-0.036050156739811906
-0.03657262277951933
-0.037095088819226754
-0.03761755485893417
-0.03814002089864159
-0.038662486938349006
-0.03918495297805643
-0.03970741901776384
-0.040229885057471264
-0.04075235109717869
-0.048589341692789965
-0.04911180773249739
-0.04963427377220481
-0.050156739811912224
-0.05067920585161965
-0.05120167189132706
-0.05172413793103448
-0.052246603970741906
-0.052769070010449316
-0.05433646812957158
-0.05485893416927899
-0.055381400208986416
-0.05590386624869384
-0.05642633228840125
-0.056948798328108674
-0.05747126436781609
-0.05799373040752351
-0.05851619644723093
-0.05903866248693835
-0.05956112852664577
-0.060083594566353184
-0.06060606060606061
-0.06112852664576802
-0.06165099268547544
-0.062173458725182866
-0.06269592476489028
-0.0632183908045977
-0.06374085684430512
-0.06426332288401254
-0.06478578892371996
-0.06530825496342738
-0.06583072100313479
-0.06635318704284221
-0.07732497387669801
-0.10815047021943575
-0.10867293625914316
-0.10919540229885057
-0.10971786833855798
-0.11024033437826541
-0.11076280041797283
-0.11128526645768025
-0.11180773249738768
-0.11233019853709508
-0.1128526645768025
-0.11337513061650992
-0.11389759665621735
-0.11442006269592477
-0.11494252873563218
-0.1154649947753396
-0.11598746081504702
-0.11650992685475443
-0.24399164054336467
-0.24451410658307207
-0.24503657262277953
-0.24555903866248693
-0.24608150470219436
-0.24660397074190177
-0.2471264367816092
-0.2476489028213166
-0.248171368861024
-0.24869383490073146
-0.24921630094043887
-0.2497387669801463
-0.2502612330198537
-0.2507836990595611
-0.25130616509926856
-0.3019853709508882
-0.3025078369905956
-0.303030303030303
-0.3035527690700105
-0.3040752351097179
-0.3045977011494253
-0.3051201671891327
-0.3056426332288401
-0.312957157784744
-0.31347962382445144
-0.31400208986415884
-0.31452455590386624
-0.31504702194357365
-0.31556948798328105
-0.3160919540229885
-0.3166144200626959
-0.3171368861024033
-0.3176593521421107
-0.3181818181818182
-0.31870428422152564
-0.31922675026123304
-0.31974921630094044
-0.32027168234064785
-0.3207941483803553
-0.3213166144200627
-0.3218390804597701
-0.3223615464994775
-0.3228840125391849
-0.3234064785788924
-0.3239289446185998
-0.34169278996865204
-0.34221525600835945
-0.34273772204806685
-0.3432601880877743
-0.3437826541274817
-0.3443051201671891
-0.3448275862068965
-0.39080459770114945
-0.39184952978056425
-0.39237199582027166
-0.3928944618599791
-0.44879832810867293
-0.46499477533960293
-0.46551724137931033
-0.018808777429467086
-0.019331243469174503
-0.01985370950888192
-0.020376175548589344
-0.02089864158829676
-0.021421107628004178
-0.0219435736677116
-0.022466039707419016
-0.022988505747126433
-0.023510971786833857
-0.024033437826541274
-0.024555903866248695
-0.025078369905956112
-0.02560083594566353
-0.026123301985370953
-0.02664576802507837
-0.02716823406478579
-0.027690700104493208
-0.028213166144200625
-0.028735632183908046
-0.029258098223615466
-0.03918495297805643
-0.03970741901776384
-0.040229885057471264
-0.04075235109717869
-0.0412748171368861
-0.04179728317659352
-0.04231974921630094
-0.042842215256008356
-0.04336468129571578
-0.0438871473354232
-0.044409613375130615
-0.04493207941483803
-0.045454545454545456
-0.045977011494252866
-0.04649947753396029
-0.047021943573667714
-0.04754440961337513
-0.04806687565308255
-0.048589341692789965
-0.04911180773249739
-0.04963427377220481
-0.050156739811912224
-0.05067920585161965
-0.05120167189132706
-0.05172413793103448
-0.052246603970741906
-0.052769070010449316
-0.05329153605015674
-0.05433646812957158
-0.05485893416927899
-0.055381400208986416
-0.05590386624869384
-0.05642633228840125
-0.056948798328108674
-0.05747126436781609
-0.05799373040752351
-0.05851619644723093
-0.06165099268547544
-0.062173458725182866
-0.06269592476489028
-0.0632183908045977
-0.06374085684430512
-0.06426332288401254
-0.06478578892371996
-0.06530825496342738
-0.07366771159874608
-0.07419017763845351
-0.07471264367816093
-0.07523510971786834
-0.07575757575757575
-0.07628004179728318
-0.0768025078369906
-0.07732497387669801
-0.07784743991640544
-0.07836990595611286
-0.10762800417972831
-0.10815047021943575
-0.10867293625914316
-0.10919540229885057
-0.10971786833855798
-0.11024033437826541
-0.11076280041797283
-0.11128526645768025
-0.11180773249738768
-0.11233019853709508
-0.1128526645768025
-0.11337513061650992
-0.11389759665621735
-0.11442006269592477
-0.11494252873563218
-0.1154649947753396
-0.11598746081504702
-0.24294670846394983
-0.24346917450365727
-0.24399164054336467
-0.24451410658307207
-0.24503657262277953
-0.24555903866248693
-0.24608150470219436
-0.24660397074190177
-0.2471264367816092
-0.2476489028213166
-0.248171368861024
-0.24869383490073146
-0.24921630094043887
-0.2497387669801463
-0.2502612330198537
-0.30094043887147337
-0.3014629049111808
-0.3019853709508882
-0.3025078369905956
-0.303030303030303
-0.3035527690700105
-0.312957157784744
-0.31347962382445144
-0.31400208986415884
-0.31452455590386624
-0.31504702194357365
-0.31556948798328105
-0.3160919540229885
-0.3166144200626959
-0.3171368861024033
-0.3176593521421107
-0.3181818181818182
-0.31870428422152564
-0.31922675026123304
-0.31974921630094044
-0.32027168234064785
-0.3207941483803553
-0.3213166144200627
-0.3218390804597701
-0.3223615464994775
-0.34117032392894464
-0.34169278996865204
-0.34221525600835945
-0.34273772204806685
-0.3432601880877743
-0.3437826541274817
-0.3443051201671891
-0.39080459770114945
-0.39132706374085685
-0.39184952978056425
-0.3928944618599791
-0.46394984326018807
-0.4644723092998955
-0.46499477533960293
-0.46551724137931033
-0.03814002089864159
-0.038662486938349006
-0.03918495297805643
-0.03970741901776384
-0.040229885057471264
-0.04075235109717869
-0.0412748171368861
-0.04179728317659352
-0.04231974921630094
-0.042842215256008356
-0.04336468129571578
-0.0438871473354232
-0.044409613375130615
-0.04493207941483803
-0.045454545454545456
-0.045977011494252866
-0.04649947753396029
-0.047021943573667714
-0.04754440961337513
-0.04806687565308255
-0.048589341692789965
-0.04911180773249739
-0.04963427377220481
-0.050156739811912224
-0.05067920585161965
-0.05120167189132706
-0.05172413793103448
-0.052246603970741906
-0.052769070010449316
-0.05329153605015674
-0.05485893416927899
-0.055381400208986416
-0.05590386624869384
-0.05642633228840125
-0.056948798328108674
-0.05747126436781609
-0.05799373040752351
-0.05851619644723093
-0.062173458725182866
-0.06269592476489028
-0.0632183908045977
-0.06374085684430512
-0.07262277951933124
-0.07314524555903866
-0.07366771159874608
-0.10553814002089863
-0.10606060606060605
-0.10658307210031348
-0.1071055381400209
-0.10762800417972831
-0.10815047021943575
-0.10867293625914316
-0.10919540229885057
-0.10971786833855798
-0.11024033437826541
-0.11076280041797283
-0.11128526645768025
-0.11180773249738768
-0.11233019853709508
-0.1128526645768025
-0.11337513061650992
-0.11389759665621735
-0.24294670846394983
-0.24346917450365727
-0.24399164054336467
-0.3124346917450366
-0.31400208986415884
-0.31452455590386624
-0.31504702194357365
-0.31556948798328105
-0.39080459770114945
-0.39132706374085685
-0.39184952978056425
-0.46342737722048066
-0.46394984326018807
-0.020376175548589344
-0.02089864158829676
-0.021421107628004178
-0.02560083594566353
-0.026123301985370953
-0.02664576802507837
-0.02716823406478579
-0.027690700104493208
-0.028213166144200625
-0.028735632183908046
-0.029258098223615466
-0.03082549634273772
-0.03134796238244514
-0.03187042842215256
-0.032915360501567396
-0.033437826541274814
-0.03396029258098224
-0.034482758620689655
-0.03500522466039707
-0.035527690700104496
-0.036050156739811906
-0.03657262277951933
-0.037095088819226754
-0.03761755485893417
-0.03814002089864159
-0.038662486938349006
-0.03918495297805643
-0.03970741901776384
-0.040229885057471264
-0.04075235109717869
-0.0412748171368861
-0.04179728317659352
-0.04231974921630094
-0.042842215256008356
-0.04336468129571578
-0.0438871473354232
-0.044409613375130615
-0.04493207941483803
-0.045454545454545456
-0.045977011494252866
-0.04649947753396029
-0.047021943573667714
-0.04754440961337513
-0.04806687565308255
-0.048589341692789965
-0.04911180773249739
-0.04963427377220481
-0.050156739811912224
-0.05067920585161965
-0.05120167189132706
-0.05485893416927899
-0.055381400208986416
-0.05590386624869384
-0.05642633228840125
-0.056948798328108674
-0.05747126436781609
-0.07628004179728318
-0.0768025078369906
-0.07732497387669801
-0.07784743991640544
-0.07836990595611286
-0.07889237199582026
-0.10292580982236155
-0.10344827586206896
-0.10397074190177638
-0.10449320794148381
-0.10501567398119123
-0.10553814002089863
-0.10606060606060605
-0.10658307210031348
-0.1071055381400209
-0.10762800417972831
-0.10815047021943575
-0.10919540229885057
-0.10971786833855798
-0.11024033437826541
-0.11076280041797283
-0.11128526645768025
-0.11180773249738768
-0.11233019853709508
-0.4456635318704284
-0.4461859979101358
-0.44670846394984326
-0.4472309299895507
-0.4477533960292581
-0.4482758620689655
-0.44879832810867293
-0.44932079414838033
-0.4498432601880878
