0.03662321539416512
0.037243947858473
0.03786468032278088
0.040968342644320296
0.041589075108628186
0.04220980757293607
0.06765983860955929
0.07572936064556177
0.07635009310986965
0.07697082557417753
0.07759155803848541
0.08193668528864059
0.08876474239602732
0.0893854748603352
0.09000620732464308
0.09062693978895096
0.09124767225325886
0.09186840471756674
0.09248913718187461
0.0931098696461825
0.09373060211049038
0.09435133457479827
0.09497206703910616
0.0968342644320298
0.10117939168218498
0.10180012414649287
0.10924891371818747
0.10986964618249535
0.12104283054003724
0.12166356300434512
0.12228429546865302
0.12476722532588454
0.12538795779019243
0.12600869025450032
0.12725015518311608
0.12787088764742396
0.12849162011173185
0.12911235257603973
0.1303538175046555
0.13097454996896338
0.1315952824332713
0.13656114214773432
0.1371818746120422
0.13780260707635011
0.138423339540658
0.13904407200496588
0.13966480446927373
0.14028553693358164
0.14090626939788953
0.1415270018621974
0.1421477343265053
0.17939168218497828
0.18001241464928616
0.18063314711359404
0.18125387957790193
0.1818746120422098
0.18249534450651772
0.1831160769708256
0.18373680943513349
0.18435754189944134
0.18497827436374922
0.1855990068280571
0.186219739292365
0.18684047175667287
0.18746120422098075
0.18808193668528866
0.18870266914959655
0.18932340161390443
0.1899441340782123
0.1905648665425202
0.19118559900682808
0.19180633147113593
0.19242706393544382
0.1930477963997517
0.1936685288640596
0.1942892613283675
0.19490999379267537
0.19553072625698326
0.19615145872129114
0.19677219118559902
0.19863438857852264
0.19925512104283052
0.19987585350713843
0.20049658597144632
0.2011173184357542
0.20173805090006208
0.20235878336436997
0.20297951582867785
0.20360024829298573
0.20422098075729364
0.20732464307883303
0.2079453755431409
0.2085661080074488
0.20918684047175667
0.20980757293606456
0.21042830540037247
0.21104903786468035
0.21415270018621974
0.21477343265052762
0.2153941651148355
0.2160148975791434
0.2166356300434513
0.25574177529484793
0.2563625077591558
0.2569832402234637
0.2576039726877716
0.25822470515207946
0.2600869025450031
0.260707635009311
0.26132836747361887
0.26194909993792675
0.26256983240223464
0.2631905648665426
0.2638112973308504
0.2644320297951583
0.26505276225946617
0.26567349472377405
0.26629422718808193
0.2669149596523898
0.2675356921166977
0.2681564245810056
0.2687771570453135
0.2693978895096214
0.271260086902545
0.2718808193668529
0.27250155183116076
0.27312228429546864
0.2737430167597765
0.2743637492240844
0.27498448168839235
0.27560521415270023
0.2762259466170081
0.276846679081316
0.2774674115456239
0.3060211049037865
0.30664183736809436
0.30726256983240224
0.3078833022967101
0.308504034761018
0.3091247672253259
0.3097454996896338
0.31036623215394166
0.31098696461824954
0.3116076970825574
0.3122284295468653
0.3128491620111732
0.3134698944754811
0.314090626939789
0.31471135940409684
0.3153320918684047
0.3159528243327126
0.3165735567970205
0.31719428926132837
0.31781502172563625
0.31843575418994413
0.319056486654252
0.31967721911855995
0.32029795158286783
0.3209186840471757
0.3215394165114836
0.3221601489757915
0.32278088144009937
0.32340161390440725
0.32402234636871513
0.324643078833023
0.33395406579764125
0.33457479826194914
0.335195530726257
0.3358162631905649
0.3364369956548728
0.34761018001241467
0.34823091247672255
0.3774053382991931
0.378026070763501
0.37926753569211674
0.3805090006207325
0.3811297330850404
0.3817504655493483
0.38237119801365616
0.382991930477964
0.38361266294227186
0.38423339540657975
0.38485412787088763
0.3854748603351955
0.3860955927995034
0.3867163252638113
0.3873370577281192
0.3879577901924271
0.388578522656735
0.38919925512104286
0.38981998758535075
0.39044072004965863
0.3910614525139665
0.3916821849782744
0.3923029174425823
0.39292364990689016
0.39354438237119804
0.3941651148355059
0.3947858472998138
0.3954065797641217
0.3960273122284296
0.3966480446927375
0.3972687771570453
0.39788950962135317
0.39851024208566105
0.399130974549969
0.39975170701427687
0.40037243947858475
0.40099317194289263
0.4016139044072005
0.4022346368715084
0.4028553693358163
0.40347610180012417
0.40409683426443205
0.40471756672873993
0.4053382991930478
0.4059590316573557
0.6194909993792675
0.6201117318435755
0.6207324643078833
0.6213531967721913
0.6219739292364991
0.622594661700807
0.6232153941651148
0.6238361266294228
0.6269397889509623
0.8504034761018002
0.8572315332091869
0.8578522656734947
0.8919925512104283
0.893854748603352
0.8944754810676598
0.8950962135319678
0.8957169459962756
0.8963376784605835
0.8969584109248915
0.02917442582247052
0.029795158286778402
0.03041589075108628
0.031036623215394167
0.03165735567970205
0.03227808814400993
0.03289882060831782
0.0335195530726257
0.037243947858473
0.03786468032278088
0.03910614525139665
0.03972687771570453
0.04034761018001242
0.040968342644320296
0.041589075108628186
0.04220980757293607
0.049037864680322785
0.04965859714463066
0.05027932960893855
0.07572936064556177
0.07635009310986965
0.07697082557417753
0.08628181253879579
0.08690254500310367
0.08752327746741155
0.08814400993171945
0.08876474239602732
0.0893854748603352
0.09062693978895096
0.09621353196772191
0.0968342644320298
0.09931719428926132
0.09993792675356922
0.10242085661080076
0.10304158907510863
0.10366232153941651
0.1042830540037244
0.10490378646803228
0.10552451893234017
0.10614525139664806
0.10676598386095593
0.10738671632526381
0.1080074487895717
0.10862818125387959
0.10924891371818747
0.1154562383612663
0.11607697082557418
0.11669770328988208
0.11731843575418996
0.11793916821849783
0.11855990068280571
0.12166356300434512
0.12228429546865302
0.1229050279329609
0.12352576039726879
0.12414649286157667
0.12476722532588454
0.12538795779019243
0.12600869025450032
0.1266294227188082
0.12725015518311608
0.12787088764742396
0.12849162011173185
0.12911235257603973
0.1297330850403476
0.1303538175046555
0.13097454996896338
0.1315952824332713
0.13221601489757914
0.13283674736188703
0.16883923029174427
0.17256362507759157
0.17318435754189945
0.17380509000620734
0.17442582247051522
0.1750465549348231
0.17566728739913098
0.1762880198634389
0.17815021725636251
0.18001241464928616
0.18063314711359404
0.18125387957790193
0.1818746120422098
0.18249534450651772
0.1831160769708256
0.18373680943513349
0.18435754189944134
0.18497827436374922
0.1855990068280571
0.186219739292365
0.18684047175667287
0.18746120422098075
0.18808193668528866
0.18870266914959655
0.18932340161390443
0.1899441340782123
0.1905648665425202
0.19118559900682808
0.19180633147113593
0.19242706393544382
0.19677219118559902
0.1973929236499069
0.1980136561142148
0.19863438857852264
0.19925512104283052
0.19987585350713843
0.20049658597144632
0.2011173184357542
0.20173805090006208
0.20235878336436997
0.20297951582867785
0.20360024829298573
0.20422098075729364
0.20484171322160152
0.2054624456859094
0.20608317815021726
0.20670391061452514
0.20732464307883303
0.21353196772191185
0.21415270018621974
0.21477343265052762
0.2153941651148355
0.2160148975791434
0.2166356300434513
0.21725636250775918
0.22718808193668533
0.22780881440099318
0.22842954686530106
0.22905027932960895
0.22967101179391683
0.2302917442582247
0.2389819987585351
0.23960273122284298
0.24084419615145874
0.24146492861576663
0.24208566108007448
0.24270639354438237
0.24332712600869025
0.24394785847299813
0.24456859093730604
0.24518932340161392
0.2458100558659218
0.2464307883302297
0.24705152079453757
0.24767225325884545
0.24829298572315334
0.24891371818746125
0.24953445065176907
0.250155183116077
0.25077591558038487
0.25139664804469275
0.25201738050900063
0.2526381129733085
0.2532588454376164
0.2538795779019243
0.25450031036623216
0.25512104283054005
0.2563625077591558
0.2569832402234637
0.2576039726877716
0.25822470515207946
0.25884543761638734
0.2594661700806952
0.2600869025450031
0.260707635009311
0.26132836747361887
0.26194909993792675
0.26256983240223464
0.2631905648665426
0.2638112973308504
0.2644320297951583
0.26505276225946617
0.26567349472377405
0.26629422718808193
0.2669149596523898
0.2675356921166977
0.2681564245810056
0.2687771570453135
0.2693978895096214
0.2700186219739293
0.27063935443823717
0.271260086902545
0.2718808193668529
0.27250155183116076
0.27312228429546864
0.2737430167597765
0.2743637492240844
0.27498448168839235
0.27560521415270023
0.2762259466170081
0.276846679081316
0.2774674115456239
0.27808814400993176
0.2917442582247052
0.29236499068901306
0.29298572315332094
0.2936064556176288
0.2942271880819367
0.2948479205462446
0.2954686530105525
0.29608938547486036
0.29671011793916824
0.2973308504034761
0.297951582867784
0.2985723153320919
0.29919304779639977
0.29981378026070765
0.30043451272501553
0.3010552451893234
0.3016759776536313
0.3022967101179392
0.30291744258224707
0.30353817504655495
0.30415890751086283
0.3047796399751707
0.3054003724394786
0.3060211049037865
0.30664183736809436
0.30726256983240224
0.3078833022967101
0.308504034761018
0.3091247672253259
0.3097454996896338
0.31036623215394166
0.31098696461824954
0.3116076970825574
0.3122284295468653
0.3128491620111732
0.3134698944754811
0.314090626939789
0.31471135940409684
0.3153320918684047
0.3159528243327126
0.3165735567970205
0.31719428926132837
0.31781502172563625
0.31843575418994413
0.319056486654252
0.31967721911855995
0.32029795158286783
0.3209186840471757
0.3215394165114836
0.3221601489757915
0.32278088144009937
0.32340161390440725
0.32402234636871513
0.324643078833023
0.32526381129733084
0.3258845437616387
0.3265052762259466
0.3271260086902545
0.32774674115456237
0.32836747361887025
0.32898820608317814
0.329608938547486
0.3302296710117939
0.3308504034761018
0.3314711359404097
0.3320918684047176
0.3327126008690255
0.33333333333333337
0.33395406579764125
0.33457479826194914
0.335195530726257
0.3358162631905649
0.3364369956548728
0.33705772811918067
0.33767846058348855
0.33829919304779643
0.3389199255121043
0.33954065797641214
0.34016139044072
0.3407821229050279
0.37306021104903786
0.37368094351334574
0.3743016759776536
0.3749224084419615
0.37554314090626945
0.37616387337057733
0.3767846058348852
0.3774053382991931
0.378026070763501
0.37864680322780886
0.37926753569211674
0.3798882681564246
0.3805090006207325
0.3811297330850404
0.3817504655493483
0.38237119801365616
0.382991930477964
0.38361266294227186
0.38423339540657975
0.38485412787088763
0.3854748603351955
0.3860955927995034
0.3867163252638113
0.3873370577281192
0.3879577901924271
0.388578522656735
0.38919925512104286
0.38981998758535075
0.39044072004965863
0.3910614525139665
0.3916821849782744
0.3923029174425823
0.39292364990689016
0.39354438237119804
0.3941651148355059
0.3947858472998138
0.3954065797641217
0.3960273122284296
0.3966480446927375
0.3972687771570453
0.39788950962135317
0.39851024208566105
0.399130974549969
0.39975170701427687
0.40037243947858475
0.40099317194289263
0.4016139044072005
0.4022346368715084
0.4028553693358163
0.40347610180012417
0.40409683426443205
0.40471756672873993
0.4053382991930478
0.4059590316573557
0.4065797641216636
0.40720049658597146
0.5065176908752328
0.5071384233395407
0.5077591558038486
0.5083798882681565
0.5090006207324643
0.5096213531967723
0.5102420856610801
0.5263811297330852
0.527001862197393
0.5276225946617008
0.5282433271260087
0.5288640595903166
0.5294847920546245
0.5623836126629423
0.5630043451272502
0.5636250775915581
0.5642458100558659
0.5648665425201739
0.5654872749844817
0.5661080074487896
0.5667287399130975
0.5673494723774054
0.5679702048417132
0.5685909373060212
0.569211669770329
0.5698324022346369
0.5704531346989449
0.5710738671632526
0.5716945996275605
0.5723153320918684
0.5729360645561763
0.5735567970204842
0.5741775294847921
0.5747982619491
0.5754189944134078
0.6207324643078833
0.6213531967721913
0.6219739292364991
0.622594661700807
0.6232153941651148
0.6238361266294228
0.6244568590937306
0.7101179391682185
0.7107386716325264
0.7113594040968343
0.8050900062073246
0.8057107386716326
0.8063314711359404
0.8441961514587214
0.8814400993171942
0.8820608317815022
0.88268156424581
0.883302296710118
0.8839230291744258
0.8845437616387337
0.8851644941030415
0.8857852265673495
0.8864059590316573
0.8870266914959652
0.8876474239602732
0.888268156424581
0.02793296089385475
0.028553693358162633
0.02917442582247052
0.03165735567970205
0.03227808814400993
0.03289882060831782
0.0335195530726257
0.03414028553693358
0.03476101800124147
0.03538175046554935
0.036002482929857235
0.03786468032278088
0.038485412787088766
0.03910614525139665
0.03972687771570453
0.04034761018001242
0.040968342644320296
0.041589075108628186
0.04220980757293607
0.042830540037243944
0.043451272501551834
0.044072004965859723
0.0446927374301676
0.04531346989447548
0.04593420235878337
0.04655493482309125
0.04717566728739914
0.04779639975170702
0.0484171322160149
0.049037864680322785
0.04965859714463066
0.05027932960893855
0.05090006207324643
0.051520794537554315
0.0521415270018622
0.05276225946617009
0.05338299193047796
0.05400372439478585
0.054624456859093735
0.05524518932340161
0.0558659217877095
0.05648665425201738
0.057107386716325266
0.05772811918063315
0.05834885164494104
0.058969584109248914
0.059590316573556804
0.060211049037864686
0.06083178150217256
0.062073246430788334
0.06269397889509622
0.0633147113594041
0.06393544382371198
0.06455617628801986
0.06517690875232775
0.06579764121663564
0.06641837368094351
0.0670391061452514
0.06952203600248294
0.07014276846679082
0.0707635009310987
0.07138423339540657
0.07200496585971447
0.07262569832402235
0.07324643078833024
0.07386716325263812
0.074487895716946
0.07510862818125388
0.07572936064556177
0.09062693978895096
0.09124767225325886
0.09186840471756674
0.09248913718187461
0.0931098696461825
0.09373060211049038
0.09435133457479827
0.10242085661080076
0.10304158907510863
0.10366232153941651
0.1042830540037244
0.10490378646803228
0.10552451893234017
0.10614525139664806
0.10676598386095593
0.10738671632526381
0.1080074487895717
0.10862818125387959
0.12166356300434512
0.12228429546865302
0.1229050279329609
0.12414649286157667
0.1266294227188082
0.12725015518311608
0.12787088764742396
0.12849162011173185
0.12911235257603973
0.13531967721911858
0.13594040968342644
0.13656114214773432
0.1371818746120422
0.13780260707635011
0.138423339540658
0.13904407200496588
0.13966480446927373
0.14028553693358164
0.14090626939788953
0.1415270018621974
0.1421477343265053
0.14276846679081315
0.14338919925512106
0.14400993171942894
0.14463066418373682
0.1452513966480447
0.1458721291123526
0.14649286157666047
0.16573556797020486
0.16635630043451274
0.18746120422098075
0.19242706393544382
0.1930477963997517
0.1936685288640596
0.1942892613283675
0.19490999379267537
0.19553072625698326
0.19615145872129114
0.19677219118559902
0.1973929236499069
0.1980136561142148
0.19863438857852264
0.19925512104283052
0.19987585350713843
0.20049658597144632
0.2011173184357542
0.20173805090006208
0.20235878336436997
0.20297951582867785
0.20360024829298573
0.20422098075729364
0.20484171322160152
0.2054624456859094
0.20608317815021726
0.20670391061452514
0.20732464307883303
0.2079453755431409
0.2085661080074488
0.20918684047175667
0.20980757293606456
0.21042830540037247
0.21104903786468035
0.21166977032898823
0.21229050279329612
0.212911235257604
0.21415270018621974
0.21477343265052762
0.2153941651148355
0.2160148975791434
0.2389819987585351
0.23960273122284298
0.24022346368715086
0.24084419615145874
0.24146492861576663
0.24208566108007448
0.24270639354438237
0.24332712600869025
0.24394785847299813
0.24456859093730604
0.24518932340161392
0.2458100558659218
0.2464307883302297
0.24705152079453757
0.24767225325884545
0.24829298572315334
0.24891371818746125
0.24953445065176907
0.250155183116077
0.2594661700806952
0.2600869025450031
0.260707635009311
0.26132836747361887
0.26194909993792675
0.26256983240223464
0.2631905648665426
0.2638112973308504
0.2644320297951583
0.26505276225946617
0.26567349472377405
0.26629422718808193
0.2669149596523898
0.2675356921166977
0.2681564245810056
0.2687771570453135
0.2830540037243948
0.2836747361887027
0.2842954686530106
0.28491620111731847
0.2861576660459342
0.2867783985102421
0.28739913097455
0.28988206083178153
0.2905027932960894
0.2911235257603973
0.2917442582247052
0.29671011793916824
0.2973308504034761
0.297951582867784
0.2985723153320919
0.29919304779639977
0.29981378026070765
0.30043451272501553
0.3010552451893234
0.3016759776536313
0.3022967101179392
0.30291744258224707
0.30353817504655495
0.30415890751086283
0.3047796399751707
0.3054003724394786
0.3060211049037865
0.30664183736809436
0.30726256983240224
0.3078833022967101
0.308504034761018
0.3091247672253259
0.3097454996896338
0.31036623215394166
0.31098696461824954
0.3116076970825574
0.3122284295468653
0.3128491620111732
0.3134698944754811
0.314090626939789
0.31471135940409684
0.3153320918684047
0.3159528243327126
0.3165735567970205
0.31719428926132837
0.31781502172563625
0.31843575418994413
0.319056486654252
0.31967721911855995
0.32029795158286783
0.3209186840471757
0.3215394165114836
0.3221601489757915
0.32278088144009937
0.32340161390440725
0.32402234636871513
0.324643078833023
0.32526381129733084
0.3258845437616387
0.3265052762259466
0.3271260086902545
0.32774674115456237
0.32836747361887025
0.32898820608317814
0.329608938547486
0.3302296710117939
0.3308504034761018
0.3314711359404097
0.3320918684047176
0.3327126008690255
0.33333333333333337
0.33395406579764125
0.33457479826194914
0.335195530726257
0.3358162631905649
0.3364369956548728
0.33705772811918067
0.33767846058348855
0.33829919304779643
0.3389199255121043
0.33954065797641214
0.34016139044072
0.3407821229050279
0.34450651769087526
0.34512725015518314
0.34885164494103044
0.3494723774053383
0.3507138423339541
0.35133457479826197
0.35195530726256985
0.3525760397268778
0.3718187461204221
0.37243947858473
0.37306021104903786
0.37368094351334574
0.3743016759776536
0.3749224084419615
0.37554314090626945
0.37616387337057733
0.3767846058348852
0.3774053382991931
0.378026070763501
0.37864680322780886
0.37926753569211674
0.3798882681564246
0.3805090006207325
0.3811297330850404
0.3817504655493483
0.38237119801365616
0.382991930477964
0.38361266294227186
0.38423339540657975
0.38485412787088763
0.3854748603351955
0.3860955927995034
0.3867163252638113
0.3873370577281192
0.3879577901924271
0.388578522656735
0.38919925512104286
0.38981998758535075
0.39044072004965863
0.3910614525139665
0.3916821849782744
0.3923029174425823
0.39292364990689016
0.39354438237119804
0.3941651148355059
0.3947858472998138
0.3954065797641217
0.3960273122284296
0.3966480446927375
0.3972687771570453
0.39788950962135317
0.39851024208566105
0.399130974549969
0.39975170701427687
0.40037243947858475
0.40099317194289263
0.4016139044072005
0.4022346368715084
0.4028553693358163
0.40347610180012417
0.40409683426443205
0.40471756672873993
0.4053382991930478
0.4059590316573557
0.4065797641216636
0.40720049658597146
0.40782122905027934
0.4084419615145873
0.40906269397889516
0.40968342644320305
0.41030415890751093
0.4109248913718188
0.4115456238361267
0.4121663563004345
0.4127870887647424
0.4134078212290503
0.41402855369335817
0.41464928615766605
0.41527001862197394
0.4158907510862818
0.4165114835505897
0.4171322160148976
0.41775294847920547
0.41837368094351335
0.41899441340782123
0.44568590937306024
0.4891371818746121
0.49348230912476726
0.49410304158907514
0.494723774053383
0.4953445065176909
0.5034140285536933
0.5040347610180013
0.5046554934823092
0.505276225946617
0.505896958410925
0.5065176908752328
0.5071384233395407
0.5077591558038486
0.5083798882681565
0.5090006207324643
0.5096213531967723
0.5102420856610801
0.510862818125388
0.5114835505896959
0.5121042830540038
0.5127250155183116
0.5133457479826194
0.5139664804469274
0.5145872129112352
0.5152079453755432
0.515828677839851
0.5201738050900062
0.5207945375543142
0.521415270018622
0.5220360024829299
0.5226567349472377
0.5232774674115457
0.5238981998758535
0.5245189323401614
0.5251396648044693
0.5257603972687772
0.5263811297330852
0.527001862197393
0.5276225946617008
0.5282433271260087
0.5288640595903166
0.5294847920546245
0.5301055245189323
0.5307262569832403
0.5313469894475481
0.531967721911856
0.5325884543761639
0.5332091868404718
0.5338299193047796
0.5344506517690876
0.5350713842333954
0.5499689633767847
0.5505896958410925
0.5512104283054005
0.5518311607697083
0.5524518932340162
0.553072625698324
0.553693358162632
0.5543140906269398
0.5549348230912478
0.5555555555555556
0.5561762880198635
0.5567970204841713
0.5574177529484792
0.5611421477343266
0.5617628801986344
0.5623836126629423
0.5636250775915581
0.5642458100558659
0.5648665425201739
0.5654872749844817
0.5661080074487896
0.5667287399130975
0.5673494723774054
0.5679702048417132
0.5685909373060212
0.569211669770329
0.5698324022346369
0.5704531346989449
0.5710738671632526
0.5716945996275605
0.5723153320918684
0.5729360645561763
0.5735567970204842
0.5741775294847921
0.5747982619491
0.5754189944134078
0.5760397268777158
0.5766604593420236
0.5772811918063315
0.5779019242706394
0.5785226567349473
0.5791433891992551
0.5797641216635631
0.5803848541278709
0.5816263190564867
0.5822470515207946
0.5828677839851025
0.5834885164494104
0.5841092489137183
0.5847299813780261
0.585350713842334
0.5859714463066419
0.5865921787709497
0.5872129112352577
0.5878336436995655
0.617628801986344
0.6182495344506518
0.6188702669149597
0.6194909993792675
0.6201117318435755
0.6207324643078833
0.6213531967721913
0.6219739292364991
0.622594661700807
0.6455617628801987
0.6468032278088145
0.6474239602731223
0.6480446927374303
0.6486654252017382
0.649286157666046
0.649906890130354
0.6505276225946617
0.6511483550589695
0.6517690875232774
0.6523898199875853
0.6530105524518932
0.6536312849162011
0.654252017380509
0.6548727498448169
0.6554934823091247
0.6561142147734327
0.6567349472377405
0.6573556797020484
0.6579764121663563
0.6585971446306642
0.659217877094972
0.65983860955928
0.6604593420235878
0.6610800744878957
0.6617008069522036
0.6623215394165115
0.6629422718808194
0.6635630043451273
0.6641837368094352
0.664804469273743
0.665425201738051
0.6660459342023588
0.7113594040968343
0.7119801365611421
0.7126008690254501
0.7132216014897579
0.7138423339540658
0.7144630664183736
0.803227808814401
0.8038485412787089
0.8044692737430168
0.02669149596523898
0.027312228429546868
0.02793296089385475
0.028553693358162633
0.02917442582247052
0.029795158286778402
0.03041589075108628
0.03414028553693358
0.037243947858473
0.03786468032278088
0.038485412787088766
0.03910614525139665
0.03972687771570453
0.04034761018001242
0.040968342644320296
0.041589075108628186
0.04220980757293607
0.042830540037243944
0.043451272501551834
0.044072004965859723
0.0446927374301676
0.04531346989447548
0.04593420235878337
0.04655493482309125
0.04717566728739914
0.04779639975170702
0.0484171322160149
0.049037864680322785
0.04965859714463066
0.05027932960893855
0.05090006207324643
0.051520794537554315
0.0521415270018622
0.05276225946617009
0.05338299193047796
0.05400372439478585
0.054624456859093735
0.05524518932340161
0.0558659217877095
0.05648665425201738
0.057107386716325266
0.05772811918063315
0.05834885164494104
0.058969584109248914
0.059590316573556804
0.060211049037864686
0.0670391061452514
0.07883302296710118
0.07945375543140906
0.08007448789571696
0.08069522036002484
0.08131595282433271
0.11049037864680322
0.11111111111111112
0.111731843575419
0.11235257603972688
0.11297330850403477
0.11359404096834266
0.11421477343265053
0.11483550589695841
0.1154562383612663
0.11607697082557418
0.11669770328988208
0.11731843575418996
0.11918063314711361
0.11980136561142149
0.12042209807572937
0.12104283054003724
0.12166356300434512
0.12228429546865302
0.1229050279329609
0.159528243327126
0.16014897579143392
0.1607697082557418
0.17442582247051522
0.1750465549348231
0.17566728739913098
0.1762880198634389
0.17690875232774678
0.17752948479205463
0.17815021725636251
0.1787709497206704
0.17939168218497828
0.18001241464928616
0.18063314711359404
0.18125387957790193
0.1818746120422098
0.18249534450651772
0.1831160769708256
0.18373680943513349
0.18435754189944134
0.18497827436374922
0.1855990068280571
0.186219739292365
0.1905648665425202
0.19180633147113593
0.19242706393544382
0.1930477963997517
0.1936685288640596
0.1942892613283675
0.19490999379267537
0.19553072625698326
0.19615145872129114
0.19677219118559902
0.1973929236499069
0.1980136561142148
0.19863438857852264
0.19925512104283052
0.19987585350713843
0.20049658597144632
0.2011173184357542
0.20173805090006208
0.20235878336436997
0.20297951582867785
0.20360024829298573
0.20422098075729364
0.20484171322160152
0.2054624456859094
0.20608317815021726
0.20670391061452514
0.20732464307883303
0.2079453755431409
0.2085661080074488
0.20918684047175667
0.20980757293606456
0.21042830540037247
0.21166977032898823
0.21229050279329612
0.212911235257604
0.22842954686530106
0.22905027932960895
0.22967101179391683
0.2302917442582247
0.2309124767225326
0.23153320918684048
0.23215394165114836
0.23339540657976415
0.23525760397268777
0.23587833643699566
0.23649906890130354
0.23711980136561142
0.2377405338299193
0.23836126629422721
0.2389819987585351
0.23960273122284298
0.24022346368715086
0.24084419615145874
0.24146492861576663
0.24208566108007448
0.24270639354438237
0.24332712600869025
0.24394785847299813
0.24456859093730604
0.24518932340161392
0.2458100558659218
0.2464307883302297
0.24705152079453757
0.24767225325884545
0.24829298572315334
0.2563625077591558
0.2569832402234637
0.2576039726877716
0.260707635009311
0.26132836747361887
0.26194909993792675
0.2644320297951583
0.26505276225946617
0.26567349472377405
0.26629422718808193
0.2687771570453135
0.2693978895096214
0.2700186219739293
0.27063935443823717
0.271260086902545
0.2718808193668529
0.27250155183116076
0.27312228429546864
0.2737430167597765
0.2743637492240844
0.27498448168839235
0.27560521415270023
0.2762259466170081
0.276846679081316
0.2774674115456239
0.27808814400993176
0.297951582867784
0.2985723153320919
0.29919304779639977
0.29981378026070765
0.30043451272501553
0.3010552451893234
0.3016759776536313
0.3022967101179392
0.30291744258224707
0.30353817504655495
0.30415890751086283
0.3047796399751707
0.3054003724394786
0.3060211049037865
0.30664183736809436
0.30726256983240224
0.3078833022967101
0.308504034761018
0.3091247672253259
0.3097454996896338
0.31036623215394166
0.31098696461824954
0.3116076970825574
0.3122284295468653
0.3128491620111732
0.3134698944754811
0.314090626939789
0.31471135940409684
0.3153320918684047
0.3159528243327126
0.3165735567970205
0.31719428926132837
0.31781502172563625
0.31843575418994413
0.319056486654252
0.31967721911855995
0.32029795158286783
0.3209186840471757
0.3215394165114836
0.3221601489757915
0.32278088144009937
0.32340161390440725
0.32402234636871513
0.324643078833023
0.32526381129733084
0.3258845437616387
0.3265052762259466
0.3271260086902545
0.32774674115456237
0.32836747361887025
0.32898820608317814
0.329608938547486
0.3302296710117939
0.3308504034761018
0.3314711359404097
0.3320918684047176
0.3327126008690255
0.33333333333333337
0.33395406579764125
0.33457479826194914
0.335195530726257
0.3358162631905649
0.3364369956548728
0.33705772811918067
0.33767846058348855
0.33829919304779643
0.3389199255121043
0.33954065797641214
0.34016139044072
0.34202358783364367
0.34264432029795155
0.3432650527622595
0.3438857852265674
0.34761018001241467
0.3507138423339541
0.35133457479826197
0.3600248292985723
0.3606455617628802
0.3637492240844196
0.36436995654872756
0.36499068901303544
0.3656114214773433
0.3662321539416512
0.3668528864059591
0.36933581626319056
0.36995654872749845
0.37057728119180633
0.3711980136561142
0.3718187461204221
0.37243947858473
0.37306021104903786
0.37368094351334574
0.3743016759776536
0.3749224084419615
0.37554314090626945
0.37616387337057733
0.3767846058348852
0.3774053382991931
0.378026070763501
0.37864680322780886
0.37926753569211674
0.3798882681564246
0.3805090006207325
0.3811297330850404
0.3817504655493483
0.38237119801365616
0.382991930477964
0.38361266294227186
0.38423339540657975
0.38485412787088763
0.3854748603351955
0.3860955927995034
0.3867163252638113
0.3873370577281192
0.3879577901924271
0.388578522656735
0.38919925512104286
0.38981998758535075
0.39044072004965863
0.3910614525139665
0.3916821849782744
0.3923029174425823
0.39292364990689016
0.39354438237119804
0.3941651148355059
0.3947858472998138
0.3954065797641217
0.3960273122284296
0.3966480446927375
0.3972687771570453
0.39788950962135317
0.39851024208566105
0.399130974549969
0.39975170701427687
0.40037243947858475
0.40099317194289263
0.4016139044072005
0.4022346368715084
0.4028553693358163
0.40347610180012417
0.40409683426443205
0.40471756672873993
0.4053382991930478
0.4059590316573557
0.4065797641216636
0.40720049658597146
0.40782122905027934
0.4084419615145873
0.40906269397889516
0.40968342644320305
0.41030415890751093
0.4109248913718188
0.4115456238361267
0.4121663563004345
0.4127870887647424
0.4134078212290503
0.41402855369335817
0.41464928615766605
0.41527001862197394
0.4158907510862818
0.4165114835505897
0.4171322160148976
0.41775294847920547
0.41837368094351335
0.41899441340782123
0.4196151458721291
0.42023587833643705
0.42085661080074493
0.4214773432650528
0.4220980757293607
0.4227188081936686
0.42333954065797647
0.42396027312228435
0.42458100558659223
0.4252017380509001
0.425822470515208
0.4264432029795158
0.4270639354438237
0.44816883923029177
0.5207945375543142
0.521415270018622
0.5276225946617008
0.5282433271260087
0.5288640595903166
0.5301055245189323
0.5307262569832403
0.5313469894475481
0.531967721911856
0.5325884543761639
0.5332091868404718
0.5338299193047796
0.5344506517690876
0.5350713842333954
0.5356921166977033
0.5363128491620112
0.5369335816263191
0.537554314090627
0.5381750465549349
0.5387957790192428
0.5394165114835506
0.5400372439478586
0.5406579764121664
0.5567970204841713
0.5574177529484792
0.5580384854127871
0.5586592178770949
0.5592799503414029
0.5599006828057107
0.5605214152700186
0.5611421477343266
0.5617628801986344
0.5623836126629423
0.5630043451272502
0.5636250775915581
0.5642458100558659
0.5648665425201739
0.5654872749844817
0.5661080074487896
0.5667287399130975
0.5673494723774054
0.5679702048417132
0.5685909373060212
0.569211669770329
0.5698324022346369
0.5704531346989449
0.5710738671632526
0.5716945996275605
0.5723153320918684
0.5729360645561763
0.6635630043451273
0.6641837368094352
0.664804469273743
0.665425201738051
0.6660459342023588
0.6666666666666667
0.7318435754189945
0.7324643078833024
0.7330850403476102
0.7337057728119182
0.734326505276226
0.7349472377405339
0.7355679702048418
0.7361887026691497
0.7368094351334574
0.7374301675977654
0.7380509000620732
0.7386716325263811
0.739292364990689
0.7442582247051521
0.74487895716946
0.7454996896337679
0.7461204220980757
0.7467411545623837
0.7473618870266915
0.7479826194909994
0.7486033519553073
0.7492240844196152
0.749844816883923
0.750465549348231
0.7510862818125389
0.7517070142768467
0.7523277467411547
0.7529484792054625
0.7535692116697704
0.7541899441340782
0.7548106765983862
0.755431409062694
0.756052141527002
0.7566728739913098
0.7572936064556177
0.7995034140285537
0.8007448789571695
0.8168839230291746
0.8175046554934824
0.8181253879577903
0.03786468032278088
0.038485412787088766
0.03910614525139665
0.03972687771570453
0.04034761018001242
0.042830540037243944
0.043451272501551834
0.044072004965859723
0.0446927374301676
0.04531346989447548
0.04593420235878337
0.04655493482309125
0.04717566728739914
0.04779639975170702
0.0484171322160149
0.049037864680322785
0.04965859714463066
0.05027932960893855
0.05090006207324643
0.051520794537554315
0.0521415270018622
0.05276225946617009
0.05400372439478585
0.054624456859093735
0.05524518932340161
0.0558659217877095
0.05648665425201738
0.057107386716325266
0.05772811918063315
0.05834885164494104
0.058969584109248914
0.059590316573556804
0.060211049037864686
0.06083178150217256
0.06145251396648045
0.062073246430788334
0.06765983860955929
0.06828057107386716
0.06890130353817506
0.06952203600248294
0.07324643078833024
0.08752327746741155
0.08814400993171945
0.08876474239602732
0.0893854748603352
0.09000620732464308
0.09062693978895096
0.09124767225325886
0.09186840471756674
0.09248913718187461
0.0931098696461825
0.09373060211049038
0.09435133457479827
0.09497206703910616
0.11731843575418996
0.11793916821849783
0.11855990068280571
0.11918063314711361
0.11980136561142149
0.12042209807572937
0.1762880198634389
0.17690875232774678
0.17752948479205463
0.17815021725636251
0.1787709497206704
0.18063314711359404
0.18125387957790193
0.1818746120422098
0.18249534450651772
0.1831160769708256
0.18373680943513349
0.18435754189944134
0.18497827436374922
0.1855990068280571
0.186219739292365
0.18684047175667287
0.18746120422098075
0.18808193668528866
0.18870266914959655
0.18932340161390443
0.1899441340782123
0.1905648665425202
0.19118559900682808
0.19180633147113593
0.19242706393544382
0.1930477963997517
0.1936685288640596
0.1942892613283675
0.19490999379267537
0.19553072625698326
0.19615145872129114
0.19677219118559902
0.1973929236499069
0.1980136561142148
0.19863438857852264
0.19925512104283052
0.19987585350713843
0.20049658597144632
0.2011173184357542
0.20173805090006208
0.20235878336436997
0.20297951582867785
0.20360024829298573
0.20422098075729364
0.20484171322160152
0.2054624456859094
0.20608317815021726
0.20670391061452514
0.20732464307883303
0.2079453755431409
0.2085661080074488
0.20918684047175667
0.21725636250775918
0.22098075729360644
0.22160148975791433
0.2377405338299193
0.23836126629422721
0.2389819987585351
0.23960273122284298
0.24022346368715086
0.24084419615145874
0.24146492861576663
0.24208566108007448
0.24270639354438237
0.24332712600869025
0.24394785847299813
0.24456859093730604
0.24518932340161392
0.2458100558659218
0.2464307883302297
0.24705152079453757
0.24767225325884545
0.24829298572315334
0.24891371818746125
0.24953445065176907
0.250155183116077
0.25077591558038487
0.25139664804469275
0.25201738050900063
0.2526381129733085
0.2532588454376164
0.2538795779019243
0.25450031036623216
0.25512104283054005
0.25574177529484793
0.2563625077591558
0.2569832402234637
0.27498448168839235
0.27560521415270023
0.3016759776536313
0.3022967101179392
0.30291744258224707
0.30353817504655495
0.30415890751086283
0.3047796399751707
0.3054003724394786
0.3060211049037865
0.30664183736809436
0.30726256983240224
0.3078833022967101
0.308504034761018
0.3091247672253259
0.3097454996896338
0.31036623215394166
0.31098696461824954
0.3116076970825574
0.3122284295468653
0.3128491620111732
0.3134698944754811
0.314090626939789
0.31471135940409684
0.3153320918684047
0.3159528243327126
0.3165735567970205
0.31719428926132837
0.31781502172563625
0.31843575418994413
0.319056486654252
0.31967721911855995
0.32029795158286783
0.3209186840471757
0.3215394165114836
0.3221601489757915
0.32278088144009937
0.32340161390440725
0.32402234636871513
0.324643078833023
0.32526381129733084
0.3258845437616387
0.3265052762259466
0.3271260086902545
0.32774674115456237
0.32836747361887025
0.32898820608317814
0.329608938547486
0.3302296710117939
0.3308504034761018
0.3314711359404097
0.3320918684047176
0.3327126008690255
0.33333333333333337
0.33395406579764125
0.3358162631905649
0.33705772811918067
0.33767846058348855
0.33829919304779643
0.3389199255121043
0.33954065797641214
0.34016139044072
0.3407821229050279
0.3438857852265674
0.34450651769087526
0.3668528864059591
0.36747361887026697
0.36809435133457485
0.3687150837988827
0.36933581626319056
0.36995654872749845
0.37057728119180633
0.3711980136561142
0.3718187461204221
0.37243947858473
0.37306021104903786
0.37368094351334574
0.3743016759776536
0.3749224084419615
0.37554314090626945
0.37616387337057733
0.3767846058348852
0.3774053382991931
0.378026070763501
0.37864680322780886
0.37926753569211674
0.3798882681564246
0.3805090006207325
0.3811297330850404
0.3817504655493483
0.38237119801365616
0.382991930477964
0.38361266294227186
0.38423339540657975
0.38485412787088763
0.3854748603351955
0.3860955927995034
0.3867163252638113
0.3873370577281192
0.3879577901924271
0.388578522656735
0.38919925512104286
0.38981998758535075
0.39044072004965863
0.3910614525139665
0.3916821849782744
0.3923029174425823
0.39292364990689016
0.39354438237119804
0.3941651148355059
0.3947858472998138
0.3954065797641217
0.3960273122284296
0.3966480446927375
0.3972687771570453
0.39788950962135317
0.39851024208566105
0.399130974549969
0.39975170701427687
0.40037243947858475
0.40099317194289263
0.4016139044072005
0.4022346368715084
0.4028553693358163
0.40347610180012417
0.40409683426443205
0.40471756672873993
0.4053382991930478
0.4059590316573557
0.4065797641216636
0.40720049658597146
0.40782122905027934
0.4084419615145873
0.40906269397889516
0.40968342644320305
0.41030415890751093
0.4109248913718188
0.4115456238361267
0.4121663563004345
0.4127870887647424
0.4134078212290503
0.41402855369335817
0.41464928615766605
0.41527001862197394
0.4158907510862818
0.4165114835505897
0.4171322160148976
0.41775294847920547
0.41837368094351335
0.41899441340782123
0.4196151458721291
0.42023587833643705
0.42085661080074493
0.4214773432650528
0.4220980757293607
0.4227188081936686
0.42333954065797647
0.42396027312228435
0.42458100558659223
0.4252017380509001
0.425822470515208
0.4264432029795158
0.4270639354438237
0.4276846679081316
0.42830540037243947
0.4605834885164494
0.4612042209807573
0.4618249534450652
0.46244568590937307
0.48975791433891996
0.49037864680322785
0.49099937926753573
0.4916201117318436
0.4922408441961515
0.4953445065176909
0.4959652389819988
0.4965859714463067
0.49720670391061456
0.4978274363749225
0.49844816883923027
0.5431409062693979
0.5437616387337058
0.5443823711980137
0.5450031036623215
0.5456238361266295
0.5462445685909373
0.5468653010552452
0.547486033519553
0.548106765983861
0.5487274984481688
0.5512104283054005
0.5524518932340162
0.553072625698324
0.553693358162632
0.5543140906269398
0.5636250775915581
0.5642458100558659
0.5648665425201739
0.5654872749844817
0.5661080074487896
0.5667287399130975
0.5673494723774054
0.5679702048417132
0.5685909373060212
0.569211669770329
0.5698324022346369
0.5704531346989449
0.5710738671632526
0.5716945996275605
0.5723153320918684
0.5729360645561763
0.5735567970204842
0.5741775294847921
0.5747982619491
0.5754189944134078
0.5760397268777158
0.5766604593420236
0.5772811918063315
0.5779019242706394
0.5785226567349473
0.5791433891992551
0.5797641216635631
0.5803848541278709
0.5810055865921788
0.5816263190564867
0.5822470515207946
0.5828677839851025
0.5834885164494104
0.5841092489137183
0.5847299813780261
0.585350713842334
0.5859714463066419
0.5865921787709497
0.5872129112352577
0.5878336436995655
0.5884543761638734
0.5890751086281812
0.5896958410924892
0.590316573556797
0.590937306021105
0.5915580384854128
0.5921787709497207
0.5927995034140285
0.5934202358783365
0.5940409683426444
0.5946617008069522
0.5952824332712602
0.595903165735568
0.596523898199876
0.5971446306641838
0.5977653631284917
0.5983860955927995
0.5990068280571075
0.5996275605214153
0.6002482929857231
0.6008690254500311
0.6014897579143389
0.6021104903786468
0.6027312228429547
0.6033519553072626
0.6039726877715704
0.6045934202358784
0.6052141527001862
0.6058348851644941
0.6064556176288021
0.6070763500931099
0.633147113594041
0.6343885785226567
0.6350093109869647
0.6356300434512725
0.6362507759155804
0.6368715083798883
0.6374922408441962
0.638112973308504
0.638733705772812
0.6393544382371199
0.6399751707014277
0.6405959031657357
0.6412166356300435
0.6418373680943514
0.6424581005586593
0.6430788330229672
0.643699565487275
0.644320297951583
0.6449410304158908
0.6461824953445066
0.6468032278088145
0.6474239602731223
0.6486654252017382
0.649286157666046
0.649906890130354
0.6548727498448169
0.6554934823091247
0.6561142147734327
0.6567349472377405
0.6573556797020484
0.6579764121663563
0.6585971446306642
0.659217877094972
0.65983860955928
0.6604593420235878
0.6610800744878957
0.6617008069522036
0.6623215394165115
0.6629422718808194
0.6635630043451273
0.6691495965238983
0.6697703289882061
0.670391061452514
0.6710117939168219
0.6716325263811298
0.6722532588454377
0.6728739913097456
0.6734947237740535
0.6741154562383613
0.6747361887026693
0.6753569211669771
0.675977653631285
0.6765983860955929
0.6772191185599008
0.6778398510242086
0.6784605834885166
0.6790813159528243
0.6797020484171322
0.68032278088144
0.7790192427063936
0.7796399751707015
0.04034761018001242
0.040968342644320296
0.041589075108628186
0.04220980757293607
0.042830540037243944
0.043451272501551834
0.044072004965859723
0.0446927374301676
0.04531346989447548
0.04593420235878337
0.04655493482309125
0.04717566728739914
0.04779639975170702
0.0484171322160149
0.049037864680322785
0.04965859714463066
0.05027932960893855
0.05090006207324643
0.051520794537554315
0.0521415270018622
0.05276225946617009
0.05338299193047796
0.05400372439478585
0.054624456859093735
0.05524518932340161
0.0558659217877095
0.05648665425201738
0.057107386716325266
0.05772811918063315
0.05834885164494104
0.058969584109248914
0.06765983860955929
0.06828057107386716
0.06890130353817506
0.08504034761018
0.08566108007448789
0.08628181253879579
0.08690254500310367
0.08752327746741155
0.08814400993171945
0.08876474239602732
0.0893854748603352
0.09000620732464308
0.09062693978895096
0.09124767225325886
0.09186840471756674
0.09248913718187461
0.0931098696461825
0.09373060211049038
0.09435133457479827
0.09497206703910616
0.09559279950341404
0.10180012414649287
0.10242085661080076
0.10304158907510863
0.10366232153941651
0.1042830540037244
0.10490378646803228
0.10552451893234017
0.10924891371818747
0.10986964618249535
0.11049037864680322
0.11111111111111112
0.111731843575419
0.11235257603972688
0.11297330850403477
0.11359404096834266
0.11421477343265053
0.11483550589695841
0.1154562383612663
0.11607697082557418
0.1707014276846679
0.17132216014897578
0.1719428926132837
0.17256362507759157
0.17318435754189945
0.17380509000620734
0.17442582247051522
0.1750465549348231
0.17566728739913098
0.1762880198634389
0.17690875232774678
0.17752948479205463
0.17815021725636251
0.1787709497206704
0.17939168218497828
0.18001241464928616
0.18063314711359404
0.18125387957790193
0.1818746120422098
0.18249534450651772
0.1831160769708256
0.18373680943513349
0.18435754189944134
0.18497827436374922
0.1855990068280571
0.186219739292365
0.18684047175667287
0.18746120422098075
0.18808193668528866
0.18870266914959655
0.18932340161390443
0.1899441340782123
0.1905648665425202
0.19118559900682808
0.19180633147113593
0.19242706393544382
0.1930477963997517
0.1936685288640596
0.1942892613283675
0.19490999379267537
0.19553072625698326
0.19615145872129114
0.19677219118559902
0.1973929236499069
0.1980136561142148
0.19863438857852264
0.19925512104283052
0.19987585350713843
0.20049658597144632
0.2011173184357542
0.20173805090006208
0.20235878336436997
0.20297951582867785
0.20360024829298573
0.20422098075729364
0.20484171322160152
0.2054624456859094
0.20608317815021726
0.20670391061452514
0.2085661080074488
0.20918684047175667
0.20980757293606456
0.21042830540037247
0.21104903786468035
0.23277467411545627
0.23339540657976415
0.23401613904407204
0.23463687150837992
0.23525760397268777
0.23587833643699566
0.23649906890130354
0.23711980136561142
0.2377405338299193
0.23836126629422721
0.2389819987585351
0.23960273122284298
0.24022346368715086
0.24084419615145874
0.24146492861576663
0.24208566108007448
0.24270639354438237
0.24332712600869025
0.24394785847299813
0.24456859093730604
0.24518932340161392
0.2458100558659218
0.30291744258224707
0.30353817504655495
0.30415890751086283
0.3047796399751707
0.3054003724394786
0.3060211049037865
0.30664183736809436
0.30726256983240224
0.3078833022967101
0.308504034761018
0.3091247672253259
0.3097454996896338
0.31036623215394166
0.31098696461824954
0.3116076970825574
0.3122284295468653
0.3128491620111732
0.3134698944754811
0.314090626939789
0.31471135940409684
0.3153320918684047
0.3159528243327126
0.3165735567970205
0.31719428926132837
0.31781502172563625
0.31843575418994413
0.319056486654252
0.31967721911855995
0.32029795158286783
0.3209186840471757
0.3215394165114836
0.3221601489757915
0.32278088144009937
0.32340161390440725
0.32402234636871513
0.324643078833023
0.32526381129733084
0.3258845437616387
0.3265052762259466
0.3271260086902545
0.32774674115456237
0.32836747361887025
0.32898820608317814
0.329608938547486
0.3302296710117939
0.3308504034761018
0.34202358783364367
0.3438857852265674
0.34450651769087526
0.34512725015518314
0.345747982619491
0.37554314090626945
0.37616387337057733
0.3767846058348852
0.3774053382991931
0.378026070763501
0.37864680322780886
0.37926753569211674
0.3798882681564246
0.3805090006207325
0.3811297330850404
0.3817504655493483
0.38237119801365616
0.382991930477964
0.38361266294227186
0.38423339540657975
0.38485412787088763
0.3854748603351955
0.3860955927995034
0.3867163252638113
0.3873370577281192
0.3879577901924271
0.388578522656735
0.38919925512104286
0.38981998758535075
0.39044072004965863
0.3910614525139665
0.3916821849782744
0.3923029174425823
0.39292364990689016
0.39354438237119804
0.3941651148355059
0.3947858472998138
0.3954065797641217
0.3960273122284296
0.3966480446927375
0.3972687771570453
0.39788950962135317
0.39851024208566105
0.399130974549969
0.39975170701427687
0.40037243947858475
0.40099317194289263
0.4016139044072005
0.4022346368715084
0.4028553693358163
0.40347610180012417
0.40409683426443205
0.40471756672873993
0.4053382991930478
0.4059590316573557
0.4065797641216636
0.4158907510862818
0.41775294847920547
0.41837368094351335
0.41899441340782123
0.4196151458721291
0.42085661080074493
0.4220980757293607
0.4394785847299814
0.4438237119801366
0.4444444444444445
0.44506517690875236
0.44568590937306024
0.4463066418373681
0.446927374301676
0.4475481067659839
0.44816883923029177
0.44878957169459965
0.44941030415890754
0.4500310366232154
0.4506517690875233
0.4512725015518312
0.45189323401613907
0.45251396648044695
0.4531346989447549
0.5450031036623215
0.5456238361266295
0.5462445685909373
0.5468653010552452
0.547486033519553
0.548106765983861
0.5487274984481688
0.5493482309124768
0.5499689633767847
0.5505896958410925
0.5512104283054005
0.5822470515207946
0.5828677839851025
0.5834885164494104
0.5841092489137183
0.5847299813780261
0.585350713842334
0.5859714463066419
0.5865921787709497
0.5872129112352577
0.5878336436995655
0.5884543761638734
0.5890751086281812
0.5896958410924892
0.590316573556797
0.590937306021105
0.5915580384854128
0.5921787709497207
0.5927995034140285
0.5934202358783365
0.5940409683426444
0.5946617008069522
0.5952824332712602
0.595903165735568
0.596523898199876
0.5971446306641838
0.5977653631284917
0.5983860955927995
0.5990068280571075
0.5996275605214153
0.6002482929857231
0.6008690254500311
0.6014897579143389
0.6021104903786468
0.6027312228429547
0.6033519553072626
0.6039726877715704
0.6045934202358784
0.6052141527001862
0.6058348851644941
0.6064556176288021
0.6070763500931099
0.6076970825574178
0.6083178150217257
0.6089385474860336
0.6095592799503414
0.6101800124146494
0.6108007448789572
0.6114214773432651
0.612042209807573
0.6126629422718809
0.6132836747361887
0.6139044072004967
0.6145251396648045
0.6151458721291123
0.6157666045934203
0.6163873370577281
0.617008069522036
0.617628801986344
0.6182495344506518
0.6188702669149597
0.6194909993792675
0.6201117318435755
0.6207324643078833
0.6213531967721913
0.6219739292364991
0.622594661700807
0.6232153941651148
0.6238361266294228
0.6244568590937306
0.6250775915580385
0.6256983240223464
0.6263190564866543
0.6269397889509623
0.6275605214152701
0.628181253879578
0.6288019863438857
0.6294227188081937
0.6300434512725016
0.6306641837368094
0.6312849162011174
0.6319056486654252
0.6325263811297331
0.633147113594041
0.6337678460583489
0.6343885785226567
0.6350093109869647
0.6356300434512725
0.6362507759155804
0.6455617628801987
0.6461824953445066
0.6468032278088145
0.6474239602731223
0.6480446927374303
0.6486654252017382
0.649286157666046
0.6561142147734327
0.6567349472377405
0.6573556797020484
0.6579764121663563
0.6585971446306642
0.65983860955928
0.6604593420235878
0.6610800744878957
0.6617008069522036
0.6623215394165115
0.6629422718808194
0.6635630043451273
0.6641837368094352
0.664804469273743
0.665425201738051
0.6660459342023588
0.6666666666666667
0.6672873991309746
0.6679081315952825
0.6685288640595903
0.6691495965238983
0.6697703289882061
0.670391061452514
0.6710117939168219
0.6716325263811298
0.6722532588454377
0.6728739913097456
0.6734947237740535
0.6741154562383613
0.6747361887026693
0.6753569211669771
0.675977653631285
0.6765983860955929
0.6772191185599008
0.6778398510242086
0.6784605834885166
0.6790813159528243
0.6797020484171322
0.68032278088144
0.6821849782743638
0.03786468032278088
0.04034761018001242
0.040968342644320296
0.041589075108628186
0.04220980757293607
0.04655493482309125
0.04717566728739914
0.04779639975170702
0.0484171322160149
0.049037864680322785
0.05027932960893855
0.054624456859093735
0.05524518932340161
0.0558659217877095
0.05648665425201738
0.057107386716325266
0.05772811918063315
0.05834885164494104
0.058969584109248914
0.059590316573556804
0.060211049037864686
0.06083178150217256
0.06145251396648045
0.062073246430788334
0.06269397889509622
0.0633147113594041
0.06393544382371198
0.06455617628801986
0.06517690875232775
0.06579764121663564
0.06765983860955929
0.06828057107386716
0.06890130353817506
0.06952203600248294
0.08131595282433271
0.08193668528864059
0.08255741775294848
0.08317815021725637
0.08379888268156425
0.08441961514587214
0.08566108007448789
0.0893854748603352
0.09000620732464308
0.09062693978895096
0.09124767225325886
0.09186840471756674
0.1762880198634389
0.17690875232774678
0.17752948479205463
0.17815021725636251
0.1787709497206704
0.17939168218497828
0.18001241464928616
0.18063314711359404
0.18125387957790193
0.1818746120422098
0.18249534450651772
0.1831160769708256
0.18373680943513349
0.18435754189944134
0.18497827436374922
0.1855990068280571
0.186219739292365
0.18684047175667287
0.18746120422098075
0.18808193668528866
0.18870266914959655
0.18932340161390443
0.1899441340782123
0.1905648665425202
0.19118559900682808
0.19180633147113593
0.19242706393544382
0.1930477963997517
0.1936685288640596
0.1942892613283675
0.19490999379267537
0.19553072625698326
0.19615145872129114
0.19677219118559902
0.1973929236499069
0.1980136561142148
0.19863438857852264
0.19925512104283052
0.19987585350713843
0.20049658597144632
0.2011173184357542
0.20173805090006208
0.20235878336436997
0.20608317815021726
0.20670391061452514
0.20732464307883303
0.2079453755431409
0.2085661080074488
0.20918684047175667
0.20980757293606456
0.21042830540037247
0.21104903786468035
0.21166977032898823
0.2166356300434513
0.23960273122284298
0.24518932340161392
0.2458100558659218
0.30664183736809436
0.30726256983240224
0.3078833022967101
0.308504034761018
0.3091247672253259
0.3097454996896338
0.31036623215394166
0.31098696461824954
0.3116076970825574
0.3122284295468653
0.3128491620111732
0.3134698944754811
0.314090626939789
0.31471135940409684
0.3153320918684047
0.3159528243327126
0.3165735567970205
0.31719428926132837
0.31781502172563625
0.31843575418994413
0.319056486654252
0.31967721911855995
0.32029795158286783
0.3209186840471757
0.3215394165114836
0.3221601489757915
0.32278088144009937
0.32340161390440725
0.32402234636871513
0.324643078833023
0.32526381129733084
0.3258845437616387
0.3265052762259466
0.3271260086902545
0.32774674115456237
0.32836747361887025
0.32898820608317814
0.329608938547486
0.3302296710117939
0.3308504034761018
0.3314711359404097
0.33333333333333337
0.3414028553693358
0.34202358783364367
0.34264432029795155
0.3432650527622595
0.3438857852265674
0.34450651769087526
0.34512725015518314
0.345747982619491
0.3463687150837989
0.35133457479826197
0.35630043451272503
0.3569211669770329
0.3600248292985723
0.37368094351334574
0.3743016759776536
0.3749224084419615
0.37554314090626945
0.37616387337057733
0.3767846058348852
0.3774053382991931
0.378026070763501
0.37864680322780886
0.37926753569211674
0.3798882681564246
0.3805090006207325
0.3811297330850404
0.3817504655493483
0.38237119801365616
0.382991930477964
0.38361266294227186
0.38423339540657975
0.38485412787088763
0.3854748603351955
0.3860955927995034
0.3867163252638113
0.3873370577281192
0.3879577901924271
0.388578522656735
0.38919925512104286
0.38981998758535075
0.39044072004965863
0.3910614525139665
0.3916821849782744
0.3923029174425823
0.39292364990689016
0.39354438237119804
0.3941651148355059
0.3947858472998138
0.3954065797641217
0.3960273122284296
0.3966480446927375
0.3972687771570453
0.39788950962135317
0.39851024208566105
0.399130974549969
0.39975170701427687
0.40037243947858475
0.40099317194289263
0.4016139044072005
0.4022346368715084
0.4028553693358163
0.40347610180012417
0.40409683426443205
0.40471756672873993
0.4053382991930478
0.665425201738051
0.6660459342023588
0.6666666666666667
0.6672873991309746
0.6679081315952825
0.6685288640595903
0.6691495965238983
0.6697703289882061
0.670391061452514
0.6753569211669771
0.04655493482309125
0.04779639975170702
0.0484171322160149
0.049037864680322785
0.04965859714463066
0.05027932960893855
0.05090006207324643
0.051520794537554315
0.0521415270018622
0.05276225946617009
0.05338299193047796
0.05400372439478585
0.054624456859093735
0.05524518932340161
0.0558659217877095
0.05648665425201738
0.057107386716325266
0.05772811918063315
0.05834885164494104
0.058969584109248914
0.059590316573556804
0.060211049037864686
0.06083178150217256
0.06145251396648045
0.062073246430788334
0.06269397889509622
0.0633147113594041
0.06393544382371198
0.06455617628801986
0.06517690875232775
0.07324643078833024
0.08379888268156425
0.08441961514587214
0.08504034761018
0.10180012414649287
0.10242085661080076
0.11421477343265053
0.11483550589695841
0.1154562383612663
0.18808193668528866
0.18870266914959655
0.1930477963997517
0.1936685288640596
0.1942892613283675
0.19490999379267537
0.19553072625698326
0.1973929236499069
0.1980136561142148
0.19863438857852264
0.19925512104283052
0.19987585350713843
0.20422098075729364
0.20484171322160152
0.2054624456859094
0.20670391061452514
0.20732464307883303
0.2079453755431409
0.2085661080074488
0.20918684047175667
0.20980757293606456
0.21042830540037247
0.21104903786468035
0.26505276225946617
0.26567349472377405
0.26629422718808193
0.2669149596523898
0.2675356921166977
0.2681564245810056
0.2687771570453135
0.2693978895096214
0.2700186219739293
0.27063935443823717
0.271260086902545
0.2718808193668529
0.27250155183116076
0.27312228429546864
0.2737430167597765
0.2743637492240844
0.27498448168839235
0.27560521415270023
0.2762259466170081
0.276846679081316
0.2774674115456239
0.27808814400993176
0.27932960893854747
0.27995034140285535
0.2805710738671633
0.2811918063314712
0.28181253879577906
0.28243327126008694
0.2830540037243948
0.2836747361887027
0.31967721911855995
0.3209186840471757
0.3581626319056487
0.35878336436995656
0.38361266294227186
0.38485412787088763
0.3854748603351955
0.3860955927995034
0.3867163252638113
0.3873370577281192
0.3879577901924271
0.388578522656735
0.38919925512104286
0.38981998758535075
0.39044072004965863
0.3910614525139665
0.3916821849782744
0.3923029174425823
0.39292364990689016
0.39354438237119804
0.3941651148355059
0.3947858472998138
0.3954065797641217
0.3960273122284296
0.3966480446927375
0.3972687771570453
0.39788950962135317
0.39851024208566105
0.399130974549969
0.39975170701427687
0.40037243947858475
0.40099317194289263
0.4016139044072005
0.4022346368715084
0.4028553693358163
0.40347610180012417
0.40409683426443205
0.40471756672873993
0.4053382991930478
0.4059590316573557
0.04779639975170702
0.049037864680322785
0.04965859714463066
0.05027932960893855
0.05090006207324643
0.051520794537554315
0.0521415270018622
0.05338299193047796
0.05400372439478585
0.054624456859093735
0.0558659217877095
0.05648665425201738
0.057107386716325266
0.05772811918063315
0.05834885164494104
0.059590316573556804
0.060211049037864686
0.06083178150217256
0.06145251396648045
0.062073246430788334
0.06269397889509622
0.0633147113594041
0.06393544382371198
0.06455617628801986
0.1005586592178771
0.10180012414649287
0.10242085661080076
0.10738671632526381
0.1080074487895717
0.10862818125387959
0.10924891371818747
0.10986964618249535
0.11049037864680322
0.11111111111111112
0.111731843575419
0.11235257603972688
0.1936685288640596
0.1942892613283675
0.19490999379267537
0.19553072625698326
0.19615145872129114
0.19677219118559902
0.1973929236499069
0.1980136561142148
0.19863438857852264
0.19925512104283052
0.19987585350713843
0.20049658597144632
0.2011173184357542
0.20173805090006208
0.20918684047175667
0.20980757293606456
0.2600869025450031
0.260707635009311
0.26194909993792675
0.26256983240223464
0.2693978895096214
0.2700186219739293
0.27063935443823717
0.271260086902545
0.2718808193668529
0.27312228429546864
0.2737430167597765
0.2743637492240844
0.27498448168839235
0.27560521415270023
0.2762259466170081
0.276846679081316
0.2774674115456239
0.32029795158286783
0.382991930477964
0.38361266294227186
0.38485412787088763
0.3854748603351955
0.3860955927995034
0.3867163252638113
0.3873370577281192
0.3879577901924271
0.388578522656735
0.38919925512104286
0.38981998758535075
0.39044072004965863
0.3910614525139665
0.3916821849782744
0.3923029174425823
0.39292364990689016
0.39354438237119804
0.3941651148355059
0.3947858472998138
0.3954065797641217
0.3960273122284296
0.3966480446927375
0.3972687771570453
0.39788950962135317
0.39851024208566105
0.399130974549969
0.39975170701427687
0.40037243947858475
0.40099317194289263
0.4016139044072005
0.4022346368715084
0.4028553693358163
0.40347610180012417
0.40409683426443205
0.40471756672873993
0.04779639975170702
0.0484171322160149
0.049037864680322785
0.04965859714463066
0.05027932960893855
0.05090006207324643
0.0521415270018622
0.05276225946617009
0.05338299193047796
0.05400372439478585
0.05524518932340161
0.05648665425201738
0.057107386716325266
0.05772811918063315
0.05834885164494104
0.058969584109248914
0.059590316573556804
0.060211049037864686
0.06083178150217256
0.06145251396648045
0.062073246430788334
0.06269397889509622
0.0633147113594041
0.06393544382371198
0.09993792675356922
0.1005586592178771
0.10117939168218498
0.10180012414649287
0.10242085661080076
0.10304158907510863
0.10614525139664806
0.10676598386095593
0.10738671632526381
0.1080074487895717
0.10862818125387959
0.10986964618249535
0.11049037864680322
0.11111111111111112
0.1930477963997517
0.1936685288640596
0.1942892613283675
0.19490999379267537
0.19553072625698326
0.19615145872129114
0.19677219118559902
0.1973929236499069
0.1980136561142148
0.19863438857852264
0.19925512104283052
0.19987585350713843
0.20049658597144632
0.2011173184357542
0.20173805090006208
0.20360024829298573
0.2594661700806952
0.2600869025450031
0.32029795158286783
0.3215394165114836
0.38423339540657975
0.38485412787088763
0.3854748603351955
0.3867163252638113
0.3873370577281192
0.3879577901924271
0.388578522656735
0.38919925512104286
0.38981998758535075
0.39044072004965863
0.3910614525139665
0.3916821849782744
0.3923029174425823
0.39292364990689016
0.39354438237119804
0.3941651148355059
0.3947858472998138
0.3954065797641217
0.3960273122284296
0.3966480446927375
0.3972687771570453
0.39788950962135317
0.39851024208566105
0.399130974549969
0.39975170701427687
0.40037243947858475
0.40099317194289263
0.4016139044072005
0.4022346368715084
0.4028553693358163
0.40347610180012417
0.40409683426443205
0.40471756672873993
0.4053382991930478
0.0446927374301676
0.04531346989447548
0.04593420235878337
0.04655493482309125
0.05027932960893855
0.05090006207324643
0.051520794537554315
0.0521415270018622
0.05276225946617009
0.05338299193047796
0.05400372439478585
0.054624456859093735
0.0558659217877095
0.05648665425201738
0.057107386716325266
0.05772811918063315
0.05834885164494104
0.058969584109248914
0.059590316573556804
0.060211049037864686
0.09559279950341404
0.09621353196772191
0.0968342644320298
0.09745499689633769
0.09807572936064557
0.09869646182495345
0.09931719428926132
0.09993792675356922
0.1005586592178771
0.10117939168218498
0.10180012414649287
0.10242085661080076
0.10304158907510863
0.10366232153941651
0.1042830540037244
0.10490378646803228
0.10552451893234017
0.10614525139664806
0.10676598386095593
0.10738671632526381
0.1080074487895717
0.3873370577281192
0.3879577901924271
0.388578522656735
0.38981998758535075
0.3947858472998138
0.3954065797641217
0.3966480446927375
0.3972687771570453
0.39788950962135317
0.39851024208566105
0.399130974549969
0.39975170701427687
0.40409683426443205
-0.04034761018001242
-0.040968342644320296
-0.041589075108628186
-0.04220980757293607
-0.042830540037243944
-0.043451272501551834
-0.044072004965859723
-0.0446927374301676
-0.04531346989447548
-0.04593420235878337
-0.04655493482309125
-0.04717566728739914
-0.04779639975170702
-0.0484171322160149
-0.049037864680322785
-0.04965859714463066
-0.05027932960893855
-0.05090006207324643
-0.05338299193047796
-0.05400372439478585
-0.054624456859093735
-0.05524518932340161
-0.0558659217877095
-0.05648665425201738
-0.057107386716325266
-0.05772811918063315
-0.05834885164494104
-0.058969584109248914
-0.059590316573556804
-0.08441961514587214
-0.08504034761018
-0.08566108007448789
-0.08628181253879579
-0.09559279950341404
-0.09621353196772191
-0.0968342644320298
-0.09745499689633769
-0.11111111111111112
-0.38423339540657975
-0.38485412787088763
-0.3854748603351955
-0.3860955927995034
-0.3867163252638113
-0.3873370577281192
-0.3879577901924271
-0.388578522656735
-0.38919925512104286
-0.38981998758535075
-0.39044072004965863
-0.3910614525139665
-0.3916821849782744
-0.3923029174425823
-0.39292364990689016
-0.39354438237119804
-0.3947858472998138
-0.3954065797641217
-0.3960273122284296
-0.3966480446927375
-0.3972687771570453
-0.39788950962135317
-0.39851024208566105
-0.399130974549969
-0.39975170701427687
-0.40037243947858475
-0.40099317194289263
-0.4016139044072005
-0.4028553693358163
-0.40347610180012417
-0.03414028553693358
-0.03476101800124147
-0.03538175046554935
-0.036002482929857235
-0.03662321539416512
-0.037243947858473
-0.03786468032278088
-0.038485412787088766
-0.03910614525139665
-0.03972687771570453
-0.04034761018001242
-0.040968342644320296
-0.041589075108628186
-0.04220980757293607
-0.042830540037243944
-0.043451272501551834
-0.044072004965859723
-0.0446927374301676
-0.04531346989447548
-0.05027932960893855
-0.05090006207324643
-0.05276225946617009
-0.05338299193047796
-0.05400372439478585
-0.054624456859093735
-0.05524518932340161
-0.0558659217877095
-0.05648665425201738
-0.057107386716325266
-0.05772811918063315
-0.08441961514587214
-0.08504034761018
-0.3873370577281192
-0.388578522656735
-0.38919925512104286
-0.38981998758535075
-0.39044072004965863
-0.39292364990689016
-0.3954065797641217
-0.3960273122284296
-0.3966480446927375
-0.39788950962135317
-0.39851024208566105
-0.399130974549969
-0.4016139044072005
-0.4022346368715084
-0.018001241464928618
-0.0186219739292365
-0.019242706393544383
-0.019863438857852266
-0.020484171322160148
-0.021104903786468034
-0.021725636250775917
-0.0223463687150838
-0.022967101179391686
-0.02358783364369957
-0.02420856610800745
-0.02482929857231533
-0.025450031036623216
-0.0260707635009311
-0.02669149596523898
-0.027312228429546868
-0.02793296089385475
-0.028553693358162633
-0.02917442582247052
-0.029795158286778402
-0.03041589075108628
-0.031036623215394167
-0.03165735567970205
-0.03227808814400993
-0.03289882060831782
-0.0335195530726257
-0.03414028553693358
-0.03476101800124147
-0.03538175046554935
-0.036002482929857235
-0.03662321539416512
-0.037243947858473
-0.0521415270018622
-0.05276225946617009
-0.05338299193047796
-0.05400372439478585
-0.01675977653631285
-0.017380509000620735
-0.018001241464928618
-0.0186219739292365
-0.019242706393544383
-0.019863438857852266
-0.020484171322160148
-0.021104903786468034
-0.021725636250775917
-0.0223463687150838
-0.022967101179391686
-0.02358783364369957
-0.02420856610800745
-0.02482929857231533
-0.025450031036623216
-0.0260707635009311
-0.02669149596523898
-0.027312228429546868
-0.02793296089385475
-0.028553693358162633
-0.02917442582247052
-0.029795158286778402
-0.03041589075108628
-0.031036623215394167
-0.0335195530726257
-0.03414028553693358
-0.03476101800124147
-0.03538175046554935
-0.036002482929857235
-0.03662321539416512
-0.037243947858473
-0.03786468032278088
-0.038485412787088766
-0.03910614525139665
-0.03972687771570453
-0.04034761018001242
-0.040968342644320296
-0.041589075108628186
-0.04220980757293607
-0.042830540037243944
-0.043451272501551834
-0.044072004965859723
-0.0446927374301676
-0.04531346989447548
-0.04593420235878337
-0.38361266294227186
-0.38423339540657975
-0.38485412787088763
-0.3854748603351955
-0.3867163252638113
-0.3873370577281192
-0.3879577901924271
-0.388578522656735
-0.38919925512104286
-0.38981998758535075
-0.39044072004965863
-0.3910614525139665
-0.3916821849782744
-0.3923029174425823
-0.39292364990689016
-0.39354438237119804
-0.3941651148355059
-0.3947858472998138
-0.3954065797641217
-0.3960273122284296
-0.3966480446927375
-0.3972687771570453
-0.39788950962135317
-0.39851024208566105
-0.399130974549969
-0.39975170701427687
-0.40037243947858475
-0.40099317194289263
-0.4016139044072005
-0.4022346368715084
-0.4028553693358163
-0.40347610180012417
-0.40409683426443205
-0.017380509000620735
-0.018001241464928618
-0.0186219739292365
-0.019242706393544383
-0.019863438857852266
-0.020484171322160148
-0.021104903786468034
-0.021725636250775917
-0.0223463687150838
-0.022967101179391686
-0.02358783364369957
-0.02420856610800745
-0.02482929857231533
-0.025450031036623216
-0.0260707635009311
-0.02669149596523898
-0.027312228429546868
-0.02793296089385475
-0.028553693358162633
-0.02917442582247052
-0.029795158286778402
-0.03041589075108628
-0.031036623215394167
-0.03165735567970205
-0.03227808814400993
-0.03289882060831782
-0.0335195530726257
-0.03414028553693358
-0.03476101800124147
-0.03538175046554935
-0.036002482929857235
-0.03662321539416512
-0.037243947858473
-0.03786468032278088
-0.038485412787088766
-0.03910614525139665
-0.03972687771570453
-0.04034761018001242
-0.040968342644320296
-0.041589075108628186
-0.04220980757293607
-0.042830540037243944
-0.043451272501551834
-0.044072004965859723
-0.0446927374301676
-0.04531346989447548
-0.04593420235878337
-0.04655493482309125
-0.06269397889509622
-0.0633147113594041
-0.06393544382371198
-0.06455617628801986
-0.06517690875232775
-0.06579764121663564
-0.06641837368094351
-0.06765983860955929
-0.06828057107386716
-0.06890130353817506
-0.3867163252638113
-0.3873370577281192
-0.3879577901924271
-0.388578522656735
-0.38919925512104286
-0.38981998758535075
-0.39044072004965863
-0.3910614525139665
-0.3916821849782744
-0.3923029174425823
-0.39354438237119804
-0.3947858472998138
-0.3954065797641217
-0.3960273122284296
-0.3966480446927375
-0.3972687771570453
-0.39788950962135317
-0.39851024208566105
-0.399130974549969
-0.39975170701427687
-0.40037243947858475
-0.40099317194289263
-0.4016139044072005
-0.4022346368715084
-0.4028553693358163
-0.40347610180012417
-0.40471756672873993
-0.004965859714463066
-0.00558659217877095
-0.0062073246430788325
-0.006828057107386717
-0.0074487895716946004
-0.008069522036002483
-0.008690254500310367
-0.00931098696461825
-0.009931719428926133
-0.010552451893234017
-0.0111731843575419
-0.011793916821849784
-0.012414649286157665
-0.014276846679081317
-0.0186219739292365
-0.019242706393544383
-0.019863438857852266
-0.020484171322160148
-0.021104903786468034
-0.021725636250775917
-0.0223463687150838
-0.022967101179391686
-0.02358783364369957
-0.02420856610800745
-0.02482929857231533
-0.025450031036623216
-0.0260707635009311
-0.02669149596523898
-0.027312228429546868
-0.02793296089385475
-0.028553693358162633
-0.02917442582247052
-0.029795158286778402
-0.03041589075108628
-0.031036623215394167
-0.03165735567970205
-0.03227808814400993
-0.03289882060831782
-0.0335195530726257
-0.03414028553693358
-0.03476101800124147
-0.03538175046554935
-0.036002482929857235
-0.03662321539416512
-0.037243947858473
-0.03786468032278088
-0.038485412787088766
-0.03910614525139665
-0.03972687771570453
-0.04034761018001242
-0.040968342644320296
-0.041589075108628186
-0.04220980757293607
-0.042830540037243944
-0.043451272501551834
-0.044072004965859723
-0.0446927374301676
-0.04531346989447548
-0.04593420235878337
-0.04655493482309125
-0.04717566728739914
-0.04779639975170702
-0.0484171322160149
-0.049037864680322785
-0.062073246430788334
-0.06269397889509622
-0.0633147113594041
-0.06393544382371198
-0.06455617628801986
-0.06517690875232775
-0.07200496585971447
-0.07262569832402235
-0.07324643078833024
-0.07386716325263812
-0.24829298572315334
-0.24891371818746125
-0.24953445065176907
-0.250155183116077
-0.25077591558038487
-0.25139664804469275
-0.25201738050900063
-0.2526381129733085
-0.2532588454376164
-0.2538795779019243
-0.25450031036623216
-0.25512104283054005
-0.25574177529484793
-0.2563625077591558
-0.2569832402234637
-0.2576039726877716
-0.25822470515207946
-0.25884543761638734
-0.2594661700806952
-0.2600869025450031
-0.260707635009311
-0.26132836747361887
-0.26194909993792675
-0.26256983240223464
-0.2631905648665426
-0.2638112973308504
-0.2644320297951583
-0.26505276225946617
-0.26567349472377405
-0.38485412787088763
-0.3860955927995034
-0.3867163252638113
-0.3873370577281192
-0.3879577901924271
-0.388578522656735
-0.38919925512104286
-0.38981998758535075
-0.39044072004965863
-0.3910614525139665
-0.3916821849782744
-0.3923029174425823
-0.39292364990689016
-0.39354438237119804
-0.3941651148355059
-0.3954065797641217
-0.3960273122284296
-0.3966480446927375
-0.3972687771570453
-0.39788950962135317
-0.39851024208566105
-0.399130974549969
-0.39975170701427687
-0.40037243947858475
-0.40099317194289263
-0.4016139044072005
-0.4022346368715084
-0.4028553693358163
-0.40347610180012417
-0.40409683426443205
-0.40471756672873993
-0.01303538175046555
-0.013656114214773434
-0.014276846679081317
-0.014897579143389201
-0.015518311607697084
-0.016139044072004966
-0.01675977653631285
-0.017380509000620735
-0.02358783364369957
-0.02420856610800745
-0.02482929857231533
-0.025450031036623216
-0.0260707635009311
-0.02669149596523898
-0.027312228429546868
-0.02793296089385475
-0.028553693358162633
-0.02917442582247052
-0.029795158286778402
-0.03041589075108628
-0.031036623215394167
-0.03165735567970205
-0.03227808814400993
-0.03289882060831782
-0.0335195530726257
-0.03414028553693358
-0.03476101800124147
-0.03538175046554935
-0.036002482929857235
-0.03662321539416512
-0.037243947858473
-0.03786468032278088
-0.038485412787088766
-0.03910614525139665
-0.03972687771570453
-0.04034761018001242
-0.040968342644320296
-0.041589075108628186
-0.04220980757293607
-0.042830540037243944
-0.043451272501551834
-0.044072004965859723
-0.0446927374301676
-0.04531346989447548
-0.04593420235878337
-0.04655493482309125
-0.04717566728739914
-0.04779639975170702
-0.07945375543140906
-0.08007448789571696
-0.08069522036002484
-0.08131595282433271
-0.08193668528864059
-0.08255741775294848
-0.08317815021725637
-0.08379888268156425
-0.08441961514587214
-0.08504034761018
-0.08566108007448789
-0.08628181253879579
-0.08690254500310367
-0.08752327746741155
-0.11607697082557418
-0.11669770328988208
-0.11731843575418996
-0.11793916821849783
-0.24270639354438237
-0.24332712600869025
-0.24394785847299813
-0.24456859093730604
-0.24518932340161392
-0.2458100558659218
-0.2464307883302297
-0.24705152079453757
-0.24767225325884545
-0.24829298572315334
-0.24891371818746125
-0.24953445065176907
-0.250155183116077
-0.25077591558038487
-0.25139664804469275
-0.25201738050900063
-0.2526381129733085
-0.2532588454376164
-0.2538795779019243
-0.25450031036623216
-0.25574177529484793
-0.2563625077591558
-0.2569832402234637
-0.2576039726877716
-0.25822470515207946
-0.25884543761638734
-0.2594661700806952
-0.2600869025450031
-0.260707635009311
-0.26132836747361887
-0.26194909993792675
-0.26256983240223464
-0.2631905648665426
-0.2638112973308504
-0.2644320297951583
-0.3867163252638113
-0.3873370577281192
-0.3879577901924271
-0.388578522656735
-0.38919925512104286
-0.38981998758535075
-0.39044072004965863
-0.3910614525139665
-0.3916821849782744
-0.3923029174425823
-0.39292364990689016
-0.39354438237119804
-0.3941651148355059
-0.3960273122284296
-0.3966480446927375
-0.3972687771570453
-0.39788950962135317
-0.39851024208566105
-0.399130974549969
-0.39975170701427687
-0.40037243947858475
-0.40099317194289263
-0.4016139044072005
-0.4022346368715084
-0.4028553693358163
-0.028553693358162633
-0.02917442582247052
-0.029795158286778402
-0.03041589075108628
-0.031036623215394167
-0.03165735567970205
-0.03227808814400993
-0.03289882060831782
-0.0335195530726257
-0.03414028553693358
-0.03476101800124147
-0.03538175046554935
-0.036002482929857235
-0.03662321539416512
-0.037243947858473
-0.03786468032278088
-0.038485412787088766
-0.03910614525139665
-0.03972687771570453
-0.04034761018001242
-0.040968342644320296
-0.041589075108628186
-0.04220980757293607
-0.042830540037243944
-0.043451272501551834
-0.07883302296710118
-0.07945375543140906
-0.08007448789571696
-0.08069522036002484
-0.08131595282433271
-0.08193668528864059
-0.19118559900682808
-0.19242706393544382
-0.1930477963997517
-0.1936685288640596
-0.1942892613283675
-0.19490999379267537
-0.2389819987585351
-0.24891371818746125
-0.24953445065176907
-0.250155183116077
-0.25077591558038487
-0.25139664804469275
-0.25201738050900063
-0.2526381129733085
-0.2532588454376164
-0.2538795779019243
-0.25450031036623216
-0.25512104283054005
-0.25574177529484793
-0.2563625077591558
-0.2569832402234637
-0.2576039726877716
-0.25822470515207946
-0.25884543761638734
-0.3867163252638113
-0.3873370577281192
-0.3879577901924271
-0.388578522656735
-0.38919925512104286
-0.38981998758535075
-0.39044072004965863
-0.3910614525139665
-0.39354438237119804
-0.3941651148355059
-0.3954065797641217
-0.3960273122284296
-0.3966480446927375
-0.3972687771570453
-0.39788950962135317
-0.39851024208566105
-0.399130974549969
-0.39975170701427687
-0.40037243947858475
-0.4016139044072005
-0.4028553693358163
-0.40347610180012417
-0.027312228429546868
-0.02793296089385475
-0.028553693358162633
-0.02917442582247052
-0.029795158286778402
-0.03041589075108628
-0.03227808814400993
-0.03289882060831782
-0.0335195530726257
-0.03414028553693358
-0.03538175046554935
-0.036002482929857235
-0.03662321539416512
-0.037243947858473
-0.03786468032278088
-0.038485412787088766
-0.03910614525139665
-0.03972687771570453
-0.04034761018001242
-0.040968342644320296
-0.041589075108628186
-0.04220980757293607
-0.09497206703910616
-0.09559279950341404
-0.09621353196772191
-0.0968342644320298
-0.09745499689633769
-0.09807572936064557
-0.09869646182495345
-0.09931719428926132
-0.09993792675356922
-0.11111111111111112
-0.17442582247051522
-0.1750465549348231
-0.17566728739913098
-0.1762880198634389
-0.19242706393544382
-0.1930477963997517
-0.1936685288640596
-0.1942892613283675
-0.19490999379267537
-0.19553072625698326
-0.19615145872129114
-0.19677219118559902
-0.1973929236499069
-0.2011173184357542
-0.20173805090006208
-0.20235878336436997
-0.20297951582867785
-0.388578522656735
-0.38919925512104286
-0.3966480446927375
-0.39851024208566105
