0.03378817413905133
0.03573749187784275
0.036387264457439894
0.037037037037037035
0.037686809616634176
0.0396361273554256
0.04028589993502274
0.04093567251461988
0.04158544509421702
0.04223521767381416
0.042884990253411304
0.043534762833008445
0.044184535412605586
0.04483430799220273
0.04548408057179987
0.050032488628979854
0.050682261208577
0.051332033788174136
0.05198180636777128
0.052631578947368425
0.05588044184535412
0.05653021442495127
0.06042884990253412
0.06107862248213125
0.06302794022092267
0.06367771280051981
0.06432748538011696
0.0649772579597141
0.06627680311890838
0.07017543859649122
0.07602339181286549
0.1442495126705653
0.14489928525016244
0.14554905782975958
0.19233268356075373
0.19298245614035087
0.193632228719948
0.19428200129954515
0.19493177387914232
0.1955815464587394
0.19623131903833657
0.1968810916179337
0.19753086419753085
0.198180636777128
0.19883040935672516
0.19948018193632225
0.20012995451591942
0.20077972709551656
0.2014294996751137
0.20207927225471084
0.202729044834308
0.2033788174139051
0.20402858999350226
0.2917478882391163
0.29239766081871343
0.30864197530864196
0.3092917478882391
0.30994152046783624
0.3105912930474334
0.3112410656270305
0.34827810266406756
0.34892787524366464
0.34957764782326184
0.350227420402859
0.3508771929824561
0.35152696556205326
0.35217673814165035
0.35282651072124754
0.3534762833008447
0.3541260558804418
0.35477582846003897
0.35542560103963616
0.35607537361923325
0.35672514619883033
0.35737491877842753
0.35802469135802467
0.3586744639376218
0.35932423651721895
0.35997400909681604
0.36062378167641324
0.3612735542560104
0.3619233268356075
0.36257309941520466
0.36322287199480185
0.36387264457439894
0.364522417153996
0.3651721897335932
0.36582196231319036
0.4236517218973359
0.42430149447693305
0.4249512670565302
0.4256010396361273
0.4262508122157245
0.4269005847953216
0.42755035737491875
0.4282001299545159
0.4288499025341131
0.4294996751137102
0.43014944769330726
0.43079922027290446
0.4314489928525016
0.43209876543209874
0.4327485380116959
0.43339831059129297
0.43404808317089016
0.4346978557504873
0.43534762833008445
0.4957764782326185
0.4964262508122157
0.49707602339181284
0.49772579597141
0.03573749187784275
0.036387264457439894
0.037037037037037035
0.037686809616634176
0.03833658219623132
0.03898635477582846
0.0396361273554256
0.04028589993502274
0.04093567251461988
0.04158544509421702
0.04613385315139701
0.04678362573099415
0.04743339831059129
0.04808317089018843
0.050032488628979854
0.0539311241065627
0.057179987004548405
0.057829759584145546
0.058479532163742694
0.05912930474333983
0.05977907732293697
0.06042884990253412
0.06107862248213125
0.06172839506172839
0.06237816764132554
0.06302794022092267
0.06367771280051981
0.06432748538011696
0.0649772579597141
0.06562703053931124
0.06887589343729694
0.14230019493177387
0.1442495126705653
0.14554905782975958
0.14619883040935672
0.17024041585445093
0.17089018843404807
0.17153996101364521
0.1877842755035737
0.18843404808317088
0.18908382066276802
0.2124756335282651
0.21442495126705655
0.21507472384665363
0.2157244964262508
0.23001949317738793
0.2365172189733593
0.2962962962962963
0.2969460688758934
0.29759584145549056
0.2982456140350877
0.29889538661468484
0.299545159194282
0.3001949317738791
0.30084470435347627
0.3014944769330734
0.30214424951267055
0.3027940220922677
0.30344379467186483
0.34632878492527613
0.3469785575048733
0.34762833008447047
0.34827810266406756
0.34957764782326184
0.350227420402859
0.3508771929824561
0.35152696556205326
0.35217673814165035
0.35282651072124754
0.3534762833008447
0.3541260558804418
0.35477582846003897
0.35542560103963616
0.35607537361923325
0.35672514619883033
0.35737491877842753
0.35802469135802467
0.3586744639376218
0.35932423651721895
0.35997400909681604
0.36062378167641324
0.3612735542560104
0.36257309941520466
0.36322287199480185
0.36387264457439894
0.364522417153996
0.4106562703053931
0.41130604288499023
0.41195581546458737
0.4126055880441845
0.4191033138401559
0.41975308641975306
0.4204028589993502
0.4210526315789474
0.4217024041585445
0.42235217673814157
0.42300194931773877
0.4236517218973359
0.42430149447693305
0.4249512670565302
0.4256010396361273
0.4262508122157245
0.4269005847953216
0.42755035737491875
0.4282001299545159
0.4288499025341131
0.4294996751137102
0.43014944769330726
0.43079922027290446
0.4314489928525016
0.43209876543209874
0.4327485380116959
0.43339831059129297
0.43404808317089016
0.4346978557504873
0.43534762833008445
0.4359974009096816
0.4366471734892788
0.43729694606887587
0.43794671864847295
0.43859649122807015
0.4392462638076673
0.43989603638726443
0.4405458089668616
0.44119558154645866
0.44184535412605586
0.442495126705653
0.44314489928525014
0.4437946718648473
0.4444444444444445
0.44509421702404156
0.44574398960363865
0.44639376218323584
0.447043534762833
0.4476933073424301
0.44834307992202727
0.44899285250162435
0.44964262508122155
0.4502923976608187
0.45094217024041583
0.4951267056530214
0.4957764782326185
0.4964262508122157
0.49707602339181284
0.49772579597141
0.4983755685510071
0.4990253411306043
0.4996751137102014
0.5003248862897985
0.6088369070825211
0.6094866796621182
0.6101364522417154
0.6140350877192982
0.6146848602988954
0.7985705003248862
0.7992202729044834
0.7998700454840806
0.8005198180636777
0.8011695906432749
0.801819363222872
0.802469135802469
0.8031189083820662
0.8037686809616634
0.8044184535412606
0.8050682261208576
0.8057179987004548
0.806367771280052
0.8128654970760234
0.8135152696556204
0.8141650422352176
0.8148148148148148
0.815464587394412
0.036387264457439894
0.037037037037037035
0.037686809616634176
0.03833658219623132
0.03898635477582846
0.0396361273554256
0.04028589993502274
0.04093567251461988
0.04158544509421702
0.04223521767381416
0.042884990253411304
0.043534762833008445
0.04808317089018843
0.04873294346978558
0.04938271604938271
0.050682261208577
0.051332033788174136
0.05198180636777128
0.052631578947368425
0.05328135152696556
0.0539311241065627
0.05458089668615985
0.05523066926575698
0.05653021442495127
0.057179987004548405
0.057829759584145546
0.058479532163742694
0.05912930474333983
0.05977907732293697
0.06172839506172839
0.06237816764132554
0.06302794022092267
0.06367771280051981
0.06432748538011696
0.0649772579597141
0.06562703053931124
0.0682261208576998
0.06887589343729694
0.12930474333983105
0.1299545159194282
0.13060428849902533
0.13125406107862247
0.13190383365821962
0.13450292397660818
0.1364522417153996
0.13840155945419103
0.13905133203378817
0.1397011046133853
0.14359974009096815
0.1442495126705653
0.14489928525016244
0.14619883040935672
0.14684860298895386
0.22547108512020791
0.22612085769980508
0.22677063027940217
0.22742040285899934
0.22807017543859648
0.22871994801819362
0.22936972059779076
0.23001949317738793
0.23066926575698504
0.23131903833658218
0.23196881091617932
0.23261858349577647
0.2332683560753736
0.2345679012345679
0.2677063027940221
0.2683560753736192
0.3047433398310591
0.30539311241065625
0.3060428849902534
0.30669265756985054
0.3073424301494477
0.3157894736842105
0.31643924626380765
0.3398310591293048
0.34048083170890187
0.34113060428849895
0.34178037686809615
0.3424301494476933
0.34502923976608185
0.345679012345679
0.34632878492527613
0.3469785575048733
0.34762833008447047
0.34827810266406756
0.34892787524366464
0.34957764782326184
0.350227420402859
0.3508771929824561
0.35152696556205326
0.35217673814165035
0.35282651072124754
0.3534762833008447
0.3541260558804418
0.35477582846003897
0.35542560103963616
0.35607537361923325
0.35672514619883033
0.35737491877842753
0.35802469135802467
0.3586744639376218
0.35932423651721895
0.35997400909681604
0.36062378167641324
0.3612735542560104
0.3619233268356075
0.36257309941520466
0.36322287199480185
0.36387264457439894
0.364522417153996
0.3651721897335932
0.36582196231319036
0.3664717348927875
0.36712150747238464
0.36777128005198173
0.3684210526315789
0.36907082521117607
0.3697205977907732
0.37037037037037035
0.37102014294996755
0.37166991552956463
0.3723196881091617
0.41195581546458737
0.4126055880441845
0.4132553606237817
0.4139051332033788
0.4145549057829759
0.4152046783625731
0.4158544509421702
0.41650422352176736
0.4171539961013645
0.4178037686809616
0.4184535412605588
0.4191033138401559
0.41975308641975306
0.4204028589993502
0.4210526315789474
0.4217024041585445
0.42235217673814157
0.42300194931773877
0.4236517218973359
0.42430149447693305
0.4249512670565302
0.4256010396361273
0.4262508122157245
0.4269005847953216
0.42755035737491875
0.4282001299545159
0.4288499025341131
0.4294996751137102
0.43014944769330726
0.43079922027290446
0.4314489928525016
0.43209876543209874
0.4327485380116959
0.43339831059129297
0.43404808317089016
0.4346978557504873
0.43534762833008445
0.4359974009096816
0.4366471734892788
0.43729694606887587
0.43794671864847295
0.43859649122807015
0.4392462638076673
0.43989603638726443
0.4405458089668616
0.44119558154645866
0.44184535412605586
0.442495126705653
0.44314489928525014
0.4437946718648473
0.4444444444444445
0.44509421702404156
0.44574398960363865
0.44639376218323584
0.447043534762833
0.4476933073424301
0.44834307992202727
0.44899285250162435
0.44964262508122155
0.4502923976608187
0.45094217024041583
0.45159194282001297
0.45224171539961017
0.45289148797920725
0.45354126055880434
0.45419103313840153
0.4548408057179987
0.47173489278752434
0.4723846653671214
0.4730344379467186
0.47368421052631576
0.4743339831059129
0.47498375568551005
0.47563352826510724
0.4762833008447043
0.47693307342430147
0.4775828460038986
0.49317738791423
0.49382716049382713
0.49447693307342433
0.4951267056530214
0.49772579597141
0.4983755685510071
0.4990253411306043
0.4996751137102014
0.571799870045484
0.5724496426250812
0.5841455490578298
0.5847953216374269
0.5854450942170241
0.5860948667966212
0.5867446393762183
0.5873944119558154
0.6088369070825211
0.6094866796621182
0.6101364522417154
0.7855750487329435
0.7862248213125406
0.7868745938921377
0.7875243664717348
0.7888239116309292
0.7894736842105262
0.7901234567901234
0.7907732293697206
0.7914230019493177
0.7920727745289148
0.792722547108512
0.7933723196881091
0.7940220922677063
0.7946718648473035
0.7953216374269007
0.7959714100064976
0.7966211825860948
0.797270955165692
0.797920727745289
0.7985705003248862
0.7992202729044834
0.7998700454840806
0.8005198180636777
0.8044184535412606
0.8050682261208576
0.8057179987004548
0.806367771280052
0.8070175438596491
0.8076673164392462
0.8083170890188434
0.8089668615984404
0.8096166341780376
0.8148148148148148
0.815464587394412
0.022092267706302793
0.022742040285899934
0.029889538661468484
0.030539311241065625
0.03118908382066277
0.03183885640025991
0.03248862897985705
0.03313840155945419
0.03378817413905133
0.03443794671864847
0.03508771929824561
0.036387264457439894
0.037037037037037035
0.037686809616634176
0.03833658219623132
0.03898635477582846
0.0396361273554256
0.04028589993502274
0.04093567251461988
0.04158544509421702
0.04223521767381416
0.042884990253411304
0.043534762833008445
0.044184535412605586
0.04483430799220273
0.04548408057179987
0.04613385315139701
0.04808317089018843
0.04873294346978558
0.04938271604938271
0.050032488628979854
0.052631578947368425
0.05328135152696556
0.0539311241065627
0.05458089668615985
0.06432748538011696
0.0649772579597141
0.06562703053931124
0.06627680311890838
0.06692657569850552
0.07082521117608837
0.0714749837556855
0.07797270955165692
0.07862248213125406
0.0792722547108512
0.07992202729044834
0.08057179987004548
0.08187134502923976
0.0825211176088369
0.08317089018843404
0.08382066276803118
0.09226770630279402
0.09291747888239116
0.10006497725795971
0.10071474983755685
0.101364522417154
0.10201429499675113
0.10331384015594543
0.10396361273554255
0.12150747238466536
0.1254061078622482
0.12605588044184535
0.13125406107862247
0.13190383365821962
0.13255360623781676
0.1397011046133853
0.14035087719298245
0.1410006497725796
0.14165042235217673
0.14230019493177387
0.142949967511371
0.14359974009096815
0.1442495126705653
0.14489928525016244
0.14619883040935672
0.14684860298895386
0.147498375568551
0.14814814814814814
0.1877842755035737
0.18843404808317088
0.19103313840155947
0.19168291098115656
0.19233268356075373
0.19298245614035087
0.193632228719948
0.19428200129954515
0.19493177387914232
0.1955815464587394
0.19623131903833657
0.1968810916179337
0.19753086419753085
0.198180636777128
0.19883040935672516
0.19948018193632225
0.20012995451591942
0.20077972709551656
0.2014294996751137
0.20207927225471084
0.202729044834308
0.2033788174139051
0.20402858999350226
0.2046783625730994
0.20532813515269654
0.20597790773229369
0.20662768031189085
0.20727745289148794
0.2079272254710851
0.20857699805068225
0.2092267706302794
0.20987654320987653
0.2105263157894737
0.21117608836907079
0.21182586094866795
0.2124756335282651
0.21312540610786224
0.21377517868745938
0.21442495126705655
0.21507472384665363
0.2157244964262508
0.22677063027940217
0.22742040285899934
0.22807017543859648
0.22871994801819362
0.22936972059779076
0.23001949317738793
0.23066926575698504
0.23131903833658218
0.23196881091617932
0.23261858349577647
0.2332683560753736
0.23391812865497078
0.25016244314489927
0.25601039636127354
0.2566601689408707
0.2573099415204678
0.25795971410006496
0.2709551656920078
0.2716049382716049
0.27225471085120206
0.2729044834307992
0.27355425601039635
0.27810266406757633
0.2787524366471735
0.2794022092267706
0.28005198180636776
0.2807017543859649
0.28135152696556204
0.2820012995451592
0.28914879792072773
0.28979857050032487
0.290448343079922
0.3027940220922677
0.30344379467186483
0.32293697205977906
0.3235867446393762
0.32423651721897334
0.3248862897985705
0.3281351526965562
0.33658219623131896
0.33723196881091616
0.3378817413905133
0.33853151397011044
0.3391812865497076
0.3398310591293048
0.34048083170890187
0.34113060428849895
0.34178037686809615
0.3424301494476933
0.34307992202729043
0.34372969460688757
0.34437946718648466
0.34502923976608185
0.345679012345679
0.34632878492527613
0.3469785575048733
0.34762833008447047
0.34827810266406756
0.34892787524366464
0.34957764782326184
0.350227420402859
0.3508771929824561
0.35152696556205326
0.35217673814165035
0.35282651072124754
0.3534762833008447
0.3541260558804418
0.35477582846003897
0.35542560103963616
0.35607537361923325
0.35672514619883033
0.35737491877842753
0.35802469135802467
0.3586744639376218
0.35932423651721895
0.35997400909681604
0.36062378167641324
0.3612735542560104
0.3619233268356075
0.36257309941520466
0.36322287199480185
0.36387264457439894
0.364522417153996
0.3651721897335932
0.3664717348927875
0.36712150747238464
0.36777128005198173
0.3684210526315789
0.36907082521117607
0.3697205977907732
0.37037037037037035
0.37102014294996755
0.4015594541910331
0.42235217673814157
0.42300194931773877
0.4236517218973359
0.42430149447693305
0.4249512670565302
0.4256010396361273
0.4262508122157245
0.4269005847953216
0.42755035737491875
0.4282001299545159
0.4288499025341131
0.4294996751137102
0.43014944769330726
0.43079922027290446
0.4314489928525016
0.43209876543209874
0.4327485380116959
0.43339831059129297
0.43404808317089016
0.4346978557504873
0.43534762833008445
0.4359974009096816
0.4366471734892788
0.43729694606887587
0.43794671864847295
0.43859649122807015
0.4392462638076673
0.43989603638726443
0.4405458089668616
0.44119558154645866
0.44184535412605586
0.442495126705653
0.44314489928525014
0.4437946718648473
0.4444444444444445
0.44509421702404156
0.44574398960363865
0.44639376218323584
0.447043534762833
0.4476933073424301
0.44834307992202727
0.44899285250162435
0.44964262508122155
0.4502923976608187
0.45094217024041583
0.45159194282001297
0.45224171539961017
0.4548408057179987
0.4853801169590643
0.5126705653021442
0.5133203378817414
0.5139701104613384
0.5146198830409356
0.5152696556205328
0.5159194282001299
0.5165692007797271
0.5172189733593242
0.5698505523066927
0.5705003248862898
0.571150097465887
0.571799870045484
0.5724496426250812
0.5730994152046783
0.5737491877842754
0.5743989603638726
0.5750487329434697
0.5756985055230669
0.576348278102664
0.5769980506822612
0.5776478232618584
0.5782975958414555
0.5789473684210527
0.5795971410006497
0.5802469135802469
0.580896686159844
0.5815464587394411
0.5821962313190383
0.5828460038986354
0.5834957764782326
0.5841455490578298
0.5847953216374269
0.5854450942170241
0.5860948667966212
0.5867446393762183
0.5873944119558154
0.5880441845354125
0.5886939571150097
0.5893437296946068
0.007147498375568551
0.0077972709551656924
0.009096816114359974
0.009746588693957114
0.010396361273554255
0.011046133853151396
0.011695906432748537
0.028589993502274202
0.029239766081871347
0.029889538661468484
0.030539311241065625
0.03118908382066277
0.03183885640025991
0.03248862897985705
0.03313840155945419
0.03378817413905133
0.03443794671864847
0.03508771929824561
0.03573749187784275
0.036387264457439894
0.037037037037037035
0.037686809616634176
0.03833658219623132
0.03898635477582846
0.0396361273554256
0.04028589993502274
0.04093567251461988
0.04158544509421702
0.04223521767381416
0.042884990253411304
0.043534762833008445
0.044184535412605586
0.04483430799220273
0.04548408057179987
0.04613385315139701
0.04678362573099415
0.04743339831059129
0.04808317089018843
0.04873294346978558
0.04938271604938271
0.050032488628979854
0.05198180636777128
0.052631578947368425
0.05328135152696556
0.0539311241065627
0.05458089668615985
0.05523066926575698
0.05588044184535412
0.07407407407407407
0.07472384665367121
0.07537361923326835
0.07602339181286549
0.07667316439246263
0.07732293697205977
0.07797270955165692
0.07862248213125406
0.0792722547108512
0.07992202729044834
0.08057179987004548
0.08122157244964262
0.09096816114359974
0.09161793372319688
0.09226770630279402
0.09291747888239116
0.0935672514619883
0.09421702404158544
0.09486679662118258
0.09811565951916829
0.09876543209876543
0.09941520467836258
0.10006497725795971
0.10071474983755685
0.101364522417154
0.10201429499675113
0.10266406757634827
0.10331384015594543
0.10396361273554255
0.1046133853151397
0.10526315789473685
0.10591293047433398
0.10656270305393112
0.10721247563352827
0.11500974658869396
0.11565951916829109
0.11630929174788823
0.11695906432748539
0.11760883690708251
0.12150747238466536
0.1221572449642625
0.1332033788174139
0.15789473684210525
0.1585445094217024
0.18323586744639375
0.18388564002599087
0.18453541260558803
0.18518518518518517
0.18583495776478232
0.18648473034437946
0.1871345029239766
0.1877842755035737
0.18843404808317088
0.18908382066276802
0.18973359324236516
0.1903833658219623
0.19103313840155947
0.19168291098115656
0.19233268356075373
0.19298245614035087
0.193632228719948
0.19428200129954515
0.19493177387914232
0.1955815464587394
0.19623131903833657
0.1968810916179337
0.19753086419753085
0.198180636777128
0.19883040935672516
0.19948018193632225
0.20012995451591942
0.20077972709551656
0.2014294996751137
0.20207927225471084
0.202729044834308
0.2033788174139051
0.20402858999350226
0.2046783625730994
0.20532813515269654
0.20597790773229369
0.20662768031189085
0.20727745289148794
0.20857699805068225
0.2092267706302794
0.20987654320987653
0.2105263157894737
0.21117608836907079
0.21702404158544508
0.21767381416504222
0.2183235867446394
0.21897335932423648
0.21962313190383365
0.22612085769980508
0.22677063027940217
0.22742040285899934
0.22807017543859648
0.22871994801819362
0.22936972059779076
0.23001949317738793
0.23066926575698504
0.23131903833658218
0.23196881091617932
0.23261858349577647
0.24171539961013647
0.24236517218973358
0.24301494476933072
0.24366471734892786
0.2456140350877193
0.294996751137102
0.29564652371669914
0.2962962962962963
0.2969460688758934
0.29759584145549056
0.3014944769330734
0.30214424951267055
0.3027940220922677
0.30344379467186483
0.30409356725146197
0.3047433398310591
0.30669265756985054
0.3092917478882391
0.30994152046783624
0.3105912930474334
0.3112410656270305
0.31513970110461337
0.3157894736842105
0.34178037686809615
0.3424301494476933
0.34307992202729043
0.34372969460688757
0.34437946718648466
0.34502923976608185
0.345679012345679
0.34632878492527613
0.3469785575048733
0.34762833008447047
0.34827810266406756
0.34892787524366464
0.34957764782326184
0.350227420402859
0.3508771929824561
0.35152696556205326
0.35217673814165035
0.35282651072124754
0.3534762833008447
0.3541260558804418
0.35477582846003897
0.35542560103963616
0.35607537361923325
0.35672514619883033
0.35737491877842753
0.35802469135802467
0.3586744639376218
0.35932423651721895
0.35997400909681604
0.36062378167641324
0.3612735542560104
0.3619233268356075
0.36257309941520466
0.36322287199480185
0.36387264457439894
0.364522417153996
0.3651721897335932
0.36582196231319036
0.3664717348927875
0.36712150747238464
0.36777128005198173
0.3684210526315789
0.36907082521117607
0.3697205977907732
0.37037037037037035
0.37102014294996755
0.37166991552956463
0.3723196881091617
0.3729694606887589
0.37881741390513324
0.3794671864847303
0.38011695906432746
0.3807667316439246
0.405458089668616
0.4061078622482131
0.4067576348278102
0.4074074074074074
0.4093567251461988
0.410006497725796
0.4106562703053931
0.41130604288499023
0.41195581546458737
0.4126055880441845
0.4236517218973359
0.42430149447693305
0.4249512670565302
0.4256010396361273
0.4262508122157245
0.4269005847953216
0.42755035737491875
0.4282001299545159
0.4288499025341131
0.4294996751137102
0.43014944769330726
0.43079922027290446
0.4314489928525016
0.43209876543209874
0.4327485380116959
0.43339831059129297
0.43404808317089016
0.4346978557504873
0.43534762833008445
0.4359974009096816
0.4366471734892788
0.43729694606887587
0.43794671864847295
0.43859649122807015
0.4392462638076673
0.43989603638726443
0.4405458089668616
0.44119558154645866
0.44184535412605586
0.5146198830409356
0.5152696556205328
0.5159194282001299
0.5666016894087069
0.567251461988304
0.5679012345679012
0.5685510071474983
0.5692007797270955
0.5698505523066927
0.5705003248862898
0.571150097465887
0.571799870045484
0.5724496426250812
0.5750487329434697
0.5756985055230669
0.576348278102664
0.5769980506822612
0.5776478232618584
0.5782975958414555
0.5789473684210527
0.5795971410006497
0.5802469135802469
0.580896686159844
0.5815464587394411
0.5821962313190383
0.5828460038986354
0.5834957764782326
0.5841455490578298
0.6705653021442495
0.6712150747238466
0.6718648473034438
0.672514619883041
0.6731643924626379
0.6738141650422351
0.9597141000649773
0.000649772579597141
0.001299545159194282
0.009746588693957114
0.010396361273554255
0.011046133853151396
0.011695906432748537
0.014944769330734242
0.018843404808317088
0.01949317738791423
0.02014294996751137
0.02079272254710851
0.021442495126705652
0.022092267706302793
0.022742040285899934
0.023391812865497075
0.024041585445094216
0.024691358024691357
0.0253411306042885
0.02599090318388564
0.02664067576348278
0.028589993502274202
0.029239766081871347
0.029889538661468484
0.030539311241065625
0.03118908382066277
0.03183885640025991
0.03248862897985705
0.03313840155945419
0.03378817413905133
0.03443794671864847
0.03508771929824561
0.03573749187784275
0.036387264457439894
0.037037037037037035
0.037686809616634176
0.03833658219623132
0.03898635477582846
0.0396361273554256
0.04028589993502274
0.04093567251461988
0.04158544509421702
0.04223521767381416
0.042884990253411304
0.043534762833008445
0.044184535412605586
0.04483430799220273
0.04548408057179987
0.04613385315139701
0.04678362573099415
0.04743339831059129
0.04808317089018843
0.05198180636777128
0.052631578947368425
0.05328135152696556
0.0539311241065627
0.058479532163742694
0.05912930474333983
0.05977907732293697
0.06042884990253412
0.06432748538011696
0.0649772579597141
0.06562703053931124
0.07017543859649122
0.07082521117608837
0.0714749837556855
0.07212475633528265
0.07472384665367121
0.07537361923326835
0.07602339181286549
0.07667316439246263
0.07732293697205977
0.07797270955165692
0.07862248213125406
0.0792722547108512
0.08057179987004548
0.08122157244964262
0.08187134502923976
0.08382066276803118
0.08447043534762833
0.08512020792722547
0.08576998050682261
0.08641975308641975
0.096816114359974
0.09746588693957116
0.09811565951916829
0.09876543209876543
0.09941520467836258
0.10006497725795971
0.101364522417154
0.10201429499675113
0.10266406757634827
0.10331384015594543
0.10396361273554255
0.1046133853151397
0.10526315789473685
0.10591293047433398
0.10656270305393112
0.10721247563352827
0.1078622482131254
0.10851202079272254
0.1091617933723197
0.10981156595191682
0.11046133853151396
0.11111111111111112
0.11176088369070825
0.11241065627030539
0.11306042884990254
0.11371020142949967
0.11435997400909681
0.11500974658869396
0.11825860948667966
0.11890838206627681
0.11955815464587394
0.12020792722547108
0.12085769980506823
0.12150747238466536
0.1221572449642625
0.12280701754385966
0.12345679012345678
0.1254061078622482
0.12605588044184535
0.1267056530214425
0.12735542560103963
0.12800519818063677
0.1286549707602339
0.12930474333983105
0.1332033788174139
0.13385315139701104
0.13450292397660818
0.14684860298895386
0.147498375568551
0.14814814814814814
0.14879792072774528
0.14944769330734242
0.15009746588693956
0.1507472384665367
0.15139701104613384
0.15269655620532813
0.16764132553606237
0.16829109811565948
0.1825860948667966
0.18323586744639375
0.18388564002599087
0.18453541260558803
0.18518518518518517
0.18583495776478232
0.18648473034437946
0.19168291098115656
0.19233268356075373
0.19298245614035087
0.193632228719948
0.19428200129954515
0.19493177387914232
0.1955815464587394
0.19623131903833657
0.202729044834308
0.2033788174139051
0.20402858999350226
0.2046783625730994
0.20532813515269654
0.20597790773229369
0.20662768031189085
0.20727745289148794
0.2079272254710851
0.20857699805068225
0.2092267706302794
0.21117608836907079
0.21182586094866795
0.2124756335282651
0.21312540610786224
0.21377517868745938
0.21442495126705655
0.21507472384665363
0.2157244964262508
0.21637426900584794
0.21702404158544508
0.21767381416504222
0.2183235867446394
0.21897335932423648
0.21962313190383365
0.2202729044834308
0.22092267706302793
0.22157244964262507
0.22222222222222224
0.22287199480181932
0.2235217673814165
0.22417153996101363
0.22482131254061077
0.22547108512020791
0.22612085769980508
0.22677063027940217
0.22742040285899934
0.22807017543859648
0.22871994801819362
0.22936972059779076
0.23001949317738793
0.26900584795321636
0.27030539311241064
0.28654970760233917
0.2871994801819363
0.28784925276153345
0.2884990253411306
0.3001949317738791
0.30084470435347627
0.3014944769330734
0.3047433398310591
0.30539311241065625
0.3060428849902534
0.3183885640025991
0.3190383365821962
0.31968810916179335
0.3313840155945419
0.33333333333333326
0.33398310591293046
0.3346328784925276
0.33723196881091616
0.3378817413905133
0.33853151397011044
0.3391812865497076
0.3398310591293048
0.34048083170890187
0.34307992202729043
0.34372969460688757
0.34437946718648466
0.34502923976608185
0.345679012345679
0.34632878492527613
0.3469785575048733
0.34762833008447047
0.34827810266406756
0.34892787524366464
0.34957764782326184
0.350227420402859
0.3508771929824561
0.35152696556205326
0.35217673814165035
0.35282651072124754
0.3534762833008447
0.3541260558804418
0.35477582846003897
0.35542560103963616
0.35607537361923325
0.35672514619883033
0.35737491877842753
0.35802469135802467
0.3586744639376218
0.35932423651721895
0.35997400909681604
0.36062378167641324
0.3612735542560104
0.3619233268356075
0.36257309941520466
0.36322287199480185
0.36387264457439894
0.364522417153996
0.3664717348927875
0.36712150747238464
0.36777128005198173
0.3684210526315789
0.36907082521117607
0.3697205977907732
0.37037037037037035
0.37102014294996755
0.37166991552956463
0.3723196881091617
0.3794671864847303
0.4126055880441845
0.4132553606237817
0.4139051332033788
0.4145549057829759
0.4152046783625731
0.4158544509421702
0.41650422352176736
0.4171539961013645
0.4178037686809616
0.4184535412605588
0.4191033138401559
0.41975308641975306
0.4204028589993502
0.4210526315789474
0.4217024041585445
0.42235217673814157
0.4236517218973359
0.42430149447693305
0.4249512670565302
0.4256010396361273
0.4269005847953216
0.42755035737491875
0.4288499025341131
0.4957764782326185
0.4964262508122157
0.49707602339181284
0.49772579597141
0.4983755685510071
0.4990253411306043
0.4996751137102014
0.5003248862897985
0.5009746588693957
0.5016244314489928
0.50227420402859
0.5029239766081871
0.5035737491877842
0.5042235217673814
0.5048732943469785
0.5055230669265757
0.5061728395061728
0.50682261208577
0.5074723846653671
0.5081221572449642
0.5087719298245614
0.5094217024041585
0.5769980506822612
0.5776478232618584
0.5782975958414555
0.5789473684210527
0.5795971410006497
0.5802469135802469
0.580896686159844
0.5821962313190383
0.5847953216374269
0.5854450942170241
0.5860948667966212
0.5867446393762183
0.5873944119558154
0.5880441845354125
0.5886939571150097
0.5912930474333983
0.6029889538661468
0.6036387264457439
0.6718648473034438
0.672514619883041
0.6731643924626379
0.9701104613385314
0.018193632228719947
0.018843404808317088
0.01949317738791423
0.02079272254710851
0.021442495126705652
0.0253411306042885
0.02599090318388564
0.02664067576348278
0.027290448343079924
0.02794022092267706
0.028589993502274202
0.029239766081871347
0.029889538661468484
0.030539311241065625
0.03118908382066277
0.03183885640025991
0.03248862897985705
0.03313840155945419
0.03378817413905133
0.03443794671864847
0.03508771929824561
0.03573749187784275
0.036387264457439894
0.037037037037037035
0.037686809616634176
0.03833658219623132
0.03898635477582846
0.0396361273554256
0.04028589993502274
0.04548408057179987
0.04613385315139701
0.04678362573099415
0.04743339831059129
0.04808317089018843
0.04873294346978558
0.051332033788174136
0.05198180636777128
0.05458089668615985
0.06367771280051981
0.06432748538011696
0.0649772579597141
0.06562703053931124
0.06627680311890838
0.06692657569850552
0.06757634827810266
0.0682261208576998
0.07667316439246263
0.10266406757634827
0.10331384015594543
0.10396361273554255
0.1046133853151397
0.10526315789473685
0.10591293047433398
0.10656270305393112
0.10721247563352827
0.12085769980506823
0.12150747238466536
0.1221572449642625
0.12280701754385966
0.12345679012345678
0.12410656270305392
0.12475633528265108
0.1254061078622482
0.12605588044184535
0.1267056530214425
0.12735542560103963
0.12800519818063677
0.1286549707602339
0.12930474333983105
0.1299545159194282
0.13060428849902533
0.13125406107862247
0.13190383365821962
0.13255360623781676
0.1332033788174139
0.13385315139701104
0.14489928525016244
0.14554905782975958
0.14619883040935672
0.14684860298895386
0.147498375568551
0.14814814814814814
0.14879792072774528
0.17608836907082517
0.17673814165042234
0.17738791423001948
0.17803768680961662
0.17868745938921377
0.1793372319688109
0.17998700454840802
0.1806367771280052
0.18128654970760233
0.18193632228719947
0.19233268356075373
0.19298245614035087
0.193632228719948
0.19428200129954515
0.19493177387914232
0.1955815464587394
0.2183235867446394
0.21897335932423648
0.21962313190383365
0.2202729044834308
0.22092267706302793
0.22157244964262507
0.22222222222222224
0.22287199480181932
0.2235217673814165
0.22417153996101363
0.22612085769980508
0.25146198830409355
0.2521117608836907
0.25276153346328784
0.253411306042885
0.2540610786224821
0.25471085120207926
0.2553606237816764
0.2644574398960364
0.2651072124756335
0.26575698505523065
0.2664067576348278
0.26705653021442494
0.2677063027940221
0.2683560753736192
0.26900584795321636
0.27030539311241064
0.27225471085120206
0.2729044834307992
0.27355425601039635
0.2742040285899935
0.27485380116959063
0.27550357374918777
0.2761533463287849
0.27680311890838205
0.2774528914879792
0.27810266406757633
0.2787524366471735
0.2794022092267706
0.28005198180636776
0.2807017543859649
0.28135152696556204
0.2820012995451592
0.2826510721247563
0.28330084470435346
0.2839506172839506
0.28460038986354774
0.2852501624431449
0.285899935022742
0.28654970760233917
0.2871994801819363
0.28784925276153345
0.2884990253411306
0.28914879792072773
0.28979857050032487
0.290448343079922
0.29109811565951915
0.2917478882391163
0.2930474333983106
0.34502923976608185
0.345679012345679
0.34632878492527613
0.3469785575048733
0.34762833008447047
0.34827810266406756
0.34892787524366464
0.34957764782326184
0.350227420402859
0.3508771929824561
0.35152696556205326
0.35217673814165035
0.35282651072124754
0.3534762833008447
0.3541260558804418
0.35477582846003897
0.35542560103963616
0.35607537361923325
0.35672514619883033
0.35737491877842753
0.35802469135802467
0.3586744639376218
0.35932423651721895
0.35997400909681604
0.36062378167641324
0.3612735542560104
0.3619233268356075
0.36257309941520466
0.36322287199480185
0.36387264457439894
0.364522417153996
0.3651721897335932
0.36582196231319036
0.3664717348927875
0.36712150747238464
0.36777128005198173
0.3684210526315789
0.36907082521117607
0.3697205977907732
0.37037037037037035
0.37102014294996755
0.37166991552956463
0.37361923326835605
0.3742690058479532
0.37491877842755034
0.3755685510071474
0.3762183235867446
0.37686809616634176
0.3775178687459389
0.37816764132553604
0.37881741390513324
0.4178037686809616
0.4184535412605588
0.4191033138401559
0.41975308641975306
0.4204028589993502
0.4210526315789474
0.4217024041585445
0.42235217673814157
0.42300194931773877
0.4236517218973359
0.42430149447693305
0.4249512670565302
0.44574398960363865
0.44639376218323584
0.447043534762833
0.4476933073424301
0.44834307992202727
0.44899285250162435
0.44964262508122155
0.4502923976608187
0.48148148148148145
0.4821312540610786
0.48278102664067574
0.48343079922027293
0.48408057179987
0.4912280701754386
0.4918778427550357
0.49252761533463285
0.49317738791423
0.49382716049382713
0.49447693307342433
0.4951267056530214
0.4957764782326185
0.4964262508122157
0.49707602339181284
0.49772579597141
0.4983755685510071
0.4990253411306043
0.4996751137102014
0.5003248862897985
0.5009746588693957
0.5016244314489928
0.50227420402859
0.5029239766081871
0.5035737491877842
0.5042235217673814
0.5048732943469785
0.5055230669265757
0.5061728395061728
0.50682261208577
0.5074723846653671
0.5081221572449642
0.5087719298245614
0.5094217024041585
0.5100714749837557
0.5107212475633528
0.5113710201429499
0.5120207927225471
0.5126705653021442
0.5386614684860299
0.539311241065627
0.5399610136452242
0.5406107862248213
0.5653021442495126
0.5659519168291097
0.5666016894087069
0.567251461988304
0.5679012345679012
0.5685510071474983
0.5692007797270955
0.5698505523066927
0.5705003248862898
0.571150097465887
0.571799870045484
0.5750487329434697
0.5756985055230669
0.576348278102664
0.5769980506822612
0.5776478232618584
0.5782975958414555
0.5789473684210527
0.5795971410006497
0.5802469135802469
0.580896686159844
0.5815464587394411
0.5821962313190383
0.5828460038986354
0.5834957764782326
0.5841455490578298
0.5847953216374269
0.5854450942170241
0.5860948667966212
0.5867446393762183
0.9590643274853801
0.9597141000649773
0.9603638726445742
0.9610136452241714
0.9616634178037686
0.9675113710201428
0.96816114359974
0.9688109161793372
0.9694606887589343
0.9701104613385314
0.9707602339181286
0.9714100064977257
0.02794022092267706
0.028589993502274202
0.029239766081871347
0.029889538661468484
0.030539311241065625
0.03118908382066277
0.03183885640025991
0.03248862897985705
0.03313840155945419
0.03378817413905133
0.03443794671864847
0.03508771929824561
0.03573749187784275
0.036387264457439894
0.037037037037037035
0.037686809616634176
0.03833658219623132
0.03898635477582846
0.0396361273554256
0.04158544509421702
0.042884990253411304
0.058479532163742694
0.05912930474333983
0.06302794022092267
0.06367771280051981
0.06432748538011696
0.0649772579597141
0.07082521117608837
0.0714749837556855
0.07212475633528265
0.07407407407407407
0.07472384665367121
0.07537361923326835
0.07602339181286549
0.10201429499675113
0.10266406757634827
0.10331384015594543
0.10396361273554255
0.1046133853151397
0.10526315789473685
0.10591293047433398
0.10656270305393112
0.10721247563352827
0.1078622482131254
0.10851202079272254
0.1091617933723197
0.10981156595191682
0.11046133853151396
0.11111111111111112
0.11176088369070825
0.11241065627030539
0.11306042884990254
0.11371020142949967
0.11435997400909681
0.11500974658869396
0.11695906432748539
0.11760883690708251
0.11825860948667966
0.11890838206627681
0.11955815464587394
0.12020792722547108
0.12085769980506823
0.12150747238466536
0.1221572449642625
0.12280701754385966
0.1267056530214425
0.12735542560103963
0.12800519818063677
0.1286549707602339
0.12930474333983105
0.1299545159194282
0.13060428849902533
0.13255360623781676
0.1332033788174139
0.13385315139701104
0.17738791423001948
0.17803768680961662
0.17868745938921377
0.1793372319688109
0.17998700454840802
0.1806367771280052
0.18128654970760233
0.1825860948667966
0.19168291098115656
0.19233268356075373
0.19298245614035087
0.193632228719948
0.19428200129954515
0.19493177387914232
0.1955815464587394
0.2079272254710851
0.20857699805068225
0.2092267706302794
0.21117608836907079
0.21182586094866795
0.2124756335282651
0.21442495126705655
0.21507472384665363
0.2157244964262508
0.21637426900584794
0.21702404158544508
0.21767381416504222
0.2183235867446394
0.21897335932423648
0.21962313190383365
0.2202729044834308
0.22092267706302793
0.22157244964262507
0.25795971410006496
0.2586094866796621
0.25925925925925924
0.2599090318388564
0.2605588044184535
0.26120857699805067
0.2618583495776478
0.27485380116959063
0.27550357374918777
0.2761533463287849
0.27680311890838205
0.2774528914879792
0.27810266406757633
0.2787524366471735
0.2794022092267706
0.28005198180636776
0.2807017543859649
0.28135152696556204
0.2820012995451592
0.2826510721247563
0.28330084470435346
0.2839506172839506
0.32748538011695905
0.3281351526965562
0.3359324236517219
0.33658219623131896
0.33723196881091616
0.3378817413905133
0.33853151397011044
0.3391812865497076
0.3398310591293048
0.34048083170890187
0.34113060428849895
0.34178037686809615
0.3424301494476933
0.34307992202729043
0.34372969460688757
0.34437946718648466
0.34502923976608185
0.345679012345679
0.34632878492527613
0.3469785575048733
0.34762833008447047
0.34827810266406756
0.34892787524366464
0.34957764782326184
0.350227420402859
0.3508771929824561
0.35152696556205326
0.35217673814165035
0.35282651072124754
0.3534762833008447
0.3541260558804418
0.35477582846003897
0.35542560103963616
0.35607537361923325
0.35672514619883033
0.35737491877842753
0.35802469135802467
0.3586744639376218
0.35932423651721895
0.35997400909681604
0.36062378167641324
0.3612735542560104
0.3619233268356075
0.36257309941520466
0.36322287199480185
0.36387264457439894
0.364522417153996
0.3651721897335932
0.36582196231319036
0.3664717348927875
0.36712150747238464
0.36777128005198173
0.3684210526315789
0.36907082521117607
0.3697205977907732
0.37037037037037035
0.37102014294996755
0.37166991552956463
0.3723196881091617
0.3729694606887589
0.37361923326835605
0.3742690058479532
0.37491877842755034
0.3755685510071474
0.3762183235867446
0.37686809616634176
0.3775178687459389
0.3807667316439246
0.38141650422352175
0.42430149447693305
0.4249512670565302
0.4256010396361273
0.4262508122157245
0.42755035737491875
0.4366471734892788
0.47563352826510724
0.4879792072774528
0.48862897985705
0.48927875243664715
0.4899285250162443
0.49057829759584143
0.49447693307342433
0.4951267056530214
0.4957764782326185
0.4964262508122157
0.49707602339181284
0.49772579597141
0.4983755685510071
0.4990253411306043
0.4996751137102014
0.5003248862897985
0.5009746588693957
0.5016244314489928
0.50227420402859
0.5029239766081871
0.5035737491877842
0.5042235217673814
0.5048732943469785
0.5055230669265757
0.5061728395061728
0.50682261208577
0.5074723846653671
0.5081221572449642
0.5087719298245614
0.5782975958414555
0.005847953216374269
0.017543859649122806
0.01949317738791423
0.02014294996751137
0.02079272254710851
0.021442495126705652
0.022092267706302793
0.022742040285899934
0.023391812865497075
0.024041585445094216
0.024691358024691357
0.0253411306042885
0.02599090318388564
0.02664067576348278
0.027290448343079924
0.02794022092267706
0.028589993502274202
0.029239766081871347
0.029889538661468484
0.030539311241065625
0.03118908382066277
0.03183885640025991
0.03248862897985705
0.03313840155945419
0.03378817413905133
0.03443794671864847
0.03508771929824561
0.03573749187784275
0.036387264457439894
0.037037037037037035
0.037686809616634176
0.03833658219623132
0.03898635477582846
0.0396361273554256
0.04028589993502274
0.04093567251461988
0.04158544509421702
0.04223521767381416
0.042884990253411304
0.043534762833008445
0.044184535412605586
0.04483430799220273
0.04548408057179987
0.04613385315139701
0.04678362573099415
0.04743339831059129
0.04808317089018843
0.04873294346978558
0.04938271604938271
0.050032488628979854
0.050682261208577
0.06107862248213125
0.06172839506172839
0.06237816764132554
0.06302794022092267
0.06367771280051981
0.06432748538011696
0.0649772579597141
0.06562703053931124
0.06627680311890838
0.06692657569850552
0.06757634827810266
0.0682261208576998
0.06887589343729694
0.06952566601689408
0.07017543859649122
0.07082521117608837
0.0714749837556855
0.07212475633528265
0.07277452891487979
0.07342430149447693
0.07407407407407407
0.07472384665367121
0.07537361923326835
0.07602339181286549
0.07667316439246263
0.08447043534762833
0.08512020792722547
0.08576998050682261
0.08641975308641975
0.09161793372319688
0.09226770630279402
0.09291747888239116
0.0935672514619883
0.09421702404158544
0.09486679662118258
0.09551656920077974
0.09616634178037686
0.096816114359974
0.09746588693957116
0.09811565951916829
0.09876543209876543
0.09941520467836258
0.10006497725795971
0.10071474983755685
0.101364522417154
0.10201429499675113
0.10266406757634827
0.10331384015594543
0.10396361273554255
0.1046133853151397
0.10526315789473685
0.10591293047433398
0.10656270305393112
0.10721247563352827
0.1078622482131254
0.10851202079272254
0.1091617933723197
0.10981156595191682
0.11046133853151396
0.11111111111111112
0.11176088369070825
0.11241065627030539
0.11306042884990254
0.11371020142949967
0.11435997400909681
0.11500974658869396
0.11565951916829109
0.11630929174788823
0.11695906432748539
0.11760883690708251
0.11825860948667966
0.11890838206627681
0.11955815464587394
0.12020792722547108
0.12085769980506823
0.12150747238466536
0.1221572449642625
0.12280701754385966
0.12345679012345678
0.12410656270305392
0.12475633528265108
0.1254061078622482
0.12605588044184535
0.1267056530214425
0.12735542560103963
0.142949967511371
0.14359974009096815
0.1442495126705653
0.16699155295646523
0.16764132553606237
0.16829109811565948
0.16894087069525665
0.1695906432748538
0.17024041585445093
0.17089018843404807
0.17478882391163092
0.17543859649122806
0.18843404808317088
0.18908382066276802
0.18973359324236516
0.1903833658219623
0.19103313840155947
0.19168291098115656
0.19233268356075373
0.19298245614035087
0.20597790773229369
0.20727745289148794
0.2079272254710851
0.20857699805068225
0.23521767381416503
0.2365172189733593
0.2664067576348278
0.26705653021442494
0.2677063027940221
0.2683560753736192
0.26900584795321636
0.2716049382716049
0.27225471085120206
0.2729044834307992
0.27355425601039635
0.2742040285899935
0.2787524366471735
0.2794022092267706
0.28005198180636776
0.2807017543859649
0.28135152696556204
0.2820012995451592
0.2826510721247563
0.28330084470435346
0.2839506172839506
0.28460038986354774
0.2871994801819363
0.28784925276153345
0.2884990253411306
0.29564652371669914
0.29759584145549056
0.2982456140350877
0.29889538661468484
0.299545159194282
0.3001949317738791
0.30084470435347627
0.3014944769330734
0.30214424951267055
0.3027940220922677
0.30344379467186483
0.30409356725146197
0.3047433398310591
0.3060428849902534
0.30669265756985054
0.3073424301494477
0.33853151397011044
0.3391812865497076
0.3398310591293048
0.34048083170890187
0.34113060428849895
0.34178037686809615
0.3424301494476933
0.34307992202729043
0.34372969460688757
0.34437946718648466
0.34502923976608185
0.345679012345679
0.34632878492527613
0.3469785575048733
0.34762833008447047
0.34827810266406756
0.34892787524366464
0.34957764782326184
0.350227420402859
0.3508771929824561
0.35152696556205326
0.35217673814165035
0.35282651072124754
0.3534762833008447
0.3541260558804418
0.35477582846003897
0.35542560103963616
0.35607537361923325
0.35672514619883033
0.35737491877842753
0.35802469135802467
0.3586744639376218
0.35932423651721895
0.35997400909681604
0.36062378167641324
0.3612735542560104
0.3619233268356075
0.36257309941520466
0.36322287199480185
0.36387264457439894
0.364522417153996
0.3651721897335932
0.36582196231319036
0.3664717348927875
0.36712150747238464
0.36777128005198173
0.3684210526315789
0.37037037037037035
0.3775178687459389
0.37816764132553604
0.3794671864847303
0.38011695906432746
0.3807667316439246
0.38141650422352175
0.38206627680311894
0.38271604938271603
0.3833658219623131
0.3840155945419103
0.38466536712150745
0.410006497725796
0.4106562703053931
0.41130604288499023
0.41195581546458737
0.4126055880441845
0.4152046783625731
0.4158544509421702
0.41650422352176736
0.4171539961013645
0.4178037686809616
0.4184535412605588
0.4314489928525016
0.43404808317089016
0.4346978557504873
0.43534762833008445
0.4359974009096816
0.4366471734892788
0.43729694606887587
0.43794671864847295
0.43859649122807015
0.4392462638076673
0.43989603638726443
0.4405458089668616
0.44119558154645866
0.44184535412605586
0.442495126705653
0.44314489928525014
0.4437946718648473
0.4444444444444445
0.44509421702404156
0.44574398960363865
0.44639376218323584
0.447043534762833
0.4476933073424301
0.44834307992202727
0.44899285250162435
0.44964262508122155
0.4502923976608187
0.45094217024041583
0.45159194282001297
0.45224171539961017
0.45289148797920725
0.47108512020792725
0.47173489278752434
0.4723846653671214
0.4730344379467186
0.47368421052631576
0.4743339831059129
0.47498375568551005
0.48343079922027293
0.48408057179987
0.48473034437946716
0.5035737491877842
0.5042235217673814
0.5048732943469785
0.5055230669265757
0.5061728395061728
0.50682261208577
0.5074723846653671
0.018843404808317088
0.01949317738791423
0.021442495126705652
0.022092267706302793
0.022742040285899934
0.02599090318388564
0.029239766081871347
0.029889538661468484
0.030539311241065625
0.03118908382066277
0.03248862897985705
0.03313840155945419
0.03378817413905133
0.03443794671864847
0.03508771929824561
0.03573749187784275
0.036387264457439894
0.037037037037037035
0.037686809616634176
0.03833658219623132
0.03898635477582846
0.0396361273554256
0.04028589993502274
0.04093567251461988
0.04158544509421702
0.04223521767381416
0.042884990253411304
0.043534762833008445
0.044184535412605586
0.04483430799220273
0.04548408057179987
0.04613385315139701
0.04678362573099415
0.04743339831059129
0.04808317089018843
0.04873294346978558
0.04938271604938271
0.050032488628979854
0.050682261208577
0.051332033788174136
0.05198180636777128
0.052631578947368425
0.05328135152696556
0.0539311241065627
0.05458089668615985
0.05523066926575698
0.05653021442495127
0.057179987004548405
0.057829759584145546
0.058479532163742694
0.05912930474333983
0.06107862248213125
0.06172839506172839
0.06237816764132554
0.06302794022092267
0.06367771280051981
0.06432748538011696
0.0649772579597141
0.06562703053931124
0.06627680311890838
0.06692657569850552
0.06757634827810266
0.0714749837556855
0.07212475633528265
0.07277452891487979
0.07342430149447693
0.07407407407407407
0.07472384665367121
0.07537361923326835
0.07667316439246263
0.07732293697205977
0.07797270955165692
0.07992202729044834
0.08057179987004548
0.08122157244964262
0.08187134502923976
0.0825211176088369
0.08317089018843404
0.08901884340480831
0.08966861598440545
0.09746588693957116
0.12475633528265108
0.1254061078622482
0.12605588044184535
0.1267056530214425
0.12735542560103963
0.12800519818063677
0.1286549707602339
0.12930474333983105
0.13255360623781676
0.1332033788174139
0.13385315139701104
0.13450292397660818
0.13515269655620532
0.13580246913580246
0.1364522417153996
0.13710201429499674
0.13775178687459388
0.13840155945419103
0.13905133203378817
0.1397011046133853
0.14035087719298245
0.1410006497725796
0.14165042235217673
0.14230019493177387
0.142949967511371
0.14359974009096815
0.1442495126705653
0.14489928525016244
0.14554905782975958
0.14619883040935672
0.14684860298895386
0.147498375568551
0.14814814814814814
0.14879792072774528
0.14944769330734242
0.15009746588693956
0.1507472384665367
0.1663417803768681
0.16764132553606237
0.16829109811565948
0.1695906432748538
0.17024041585445093
0.17089018843404807
0.17153996101364521
0.17218973359324233
0.1728395061728395
0.17348927875243664
0.17413905133203378
0.17478882391163092
0.17543859649122806
0.193632228719948
0.19428200129954515
0.19493177387914232
0.1955815464587394
0.19623131903833657
0.1968810916179337
0.19753086419753085
0.198180636777128
0.19883040935672516
0.21117608836907079
0.21182586094866795
0.2124756335282651
0.21312540610786224
0.21377517868745938
0.21442495126705655
0.21507472384665363
0.2157244964262508
0.21637426900584794
0.21702404158544508
0.21767381416504222
0.2183235867446394
0.21897335932423648
0.21962313190383365
0.2202729044834308
0.22092267706302793
0.22157244964262507
0.22222222222222224
0.22287199480181932
0.2235217673814165
0.22417153996101363
0.22482131254061077
0.22547108512020791
0.22742040285899934
0.26575698505523065
0.2664067576348278
0.26705653021442494
0.2677063027940221
0.2683560753736192
0.2729044834307992
0.27355425601039635
0.2742040285899935
0.27485380116959063
0.27550357374918777
0.2761533463287849
0.27680311890838205
0.2774528914879792
0.27810266406757633
0.2787524366471735
0.2794022092267706
0.28005198180636776
0.2807017543859649
0.34048083170890187
0.34113060428849895
0.34178037686809615
0.3424301494476933
0.34307992202729043
0.34372969460688757
0.34437946718648466
0.34502923976608185
0.345679012345679
0.34632878492527613
0.3469785575048733
0.34762833008447047
0.34827810266406756
0.34892787524366464
0.34957764782326184
0.350227420402859
0.3508771929824561
0.35152696556205326
0.35217673814165035
0.35282651072124754
0.3534762833008447
0.3541260558804418
0.35477582846003897
0.35542560103963616
0.35607537361923325
0.35672514619883033
0.35737491877842753
0.35802469135802467
0.3586744639376218
0.35932423651721895
0.35997400909681604
0.36062378167641324
0.3612735542560104
0.3619233268356075
0.36257309941520466
0.36322287199480185
0.36387264457439894
0.364522417153996
0.3651721897335932
0.36582196231319036
0.3684210526315789
0.36907082521117607
0.3697205977907732
0.37686809616634176
0.3775178687459389
0.37816764132553604
0.37881741390513324
0.3794671864847303
0.38011695906432746
0.3807667316439246
0.38141650422352175
0.38206627680311894
0.38271604938271603
0.3833658219623131
0.3840155945419103
0.3905133203378817
0.5029239766081871
0.5035737491877842
0.5042235217673814
0.5048732943469785
0.5055230669265757
0.5061728395061728
0.50682261208577
0.5081221572449642
0.5094217024041585
0.5100714749837557
0.5107212475633528
0.5113710201429499
0.5120207927225471
0.5126705653021442
0.5133203378817414
0.5139701104613384
0.5146198830409356
0.5152696556205328
0.5159194282001299
0.5165692007797271
0.5172189733593242
0.5178687459389214
0.5185185185185185
0.5191682910981156
0.5198180636777128
0.5204678362573099
0.521117608836907
0.5217673814165041
0.5224171539961013
0.5250162443144899
0.5256660168940871
0.8674463937621831
0.8680961663417803
0.8687459389213775
0.9486679662118258
0.9493177387914229
0.9506172839506173
0.9512670565302145
0.9519168291098115
0.9525666016894087
0.9538661468486029
0.9545159194282
0.9551656920077972
0.9558154645873943
0.9902534113060428
0.99090318388564
0.015594541910331385
0.016244314489928524
0.022092267706302793
0.022742040285899934
0.023391812865497075
0.024041585445094216
0.024691358024691357
0.0253411306042885
0.029889538661468484
0.030539311241065625
0.03118908382066277
0.03248862897985705
0.03313840155945419
0.03378817413905133
0.03443794671864847
0.03508771929824561
0.03573749187784275
0.04158544509421702
0.04223521767381416
0.042884990253411304
0.043534762833008445
0.044184535412605586
0.04483430799220273
0.04548408057179987
0.04613385315139701
0.04678362573099415
0.04743339831059129
0.04808317089018843
0.04873294346978558
0.04938271604938271
0.050032488628979854
0.050682261208577
0.051332033788174136
0.05653021442495127
0.057179987004548405
0.057829759584145546
0.058479532163742694
0.05912930474333983
0.05977907732293697
0.06042884990253412
0.06107862248213125
0.06172839506172839
0.06237816764132554
0.13840155945419103
0.13905133203378817
0.17868745938921377
0.1793372319688109
0.17998700454840802
0.1806367771280052
0.18128654970760233
0.18193632228719947
0.345679012345679
0.34632878492527613
0.3469785575048733
0.34827810266406756
0.34892787524366464
0.34957764782326184
0.350227420402859
0.3508771929824561
0.35152696556205326
0.35217673814165035
0.35282651072124754
0.3534762833008447
0.3541260558804418
0.35477582846003897
0.35542560103963616
0.35607537361923325
0.35672514619883033
0.35737491877842753
0.35802469135802467
0.3586744639376218
0.35932423651721895
0.35997400909681604
0.3612735542560104
0.3729694606887589
0.37361923326835605
0.3742690058479532
0.37491877842755034
0.3755685510071474
0.3762183235867446
0.37686809616634176
0.3775178687459389
0.37816764132553604
-0.02014294996751137
-0.02079272254710851
-0.021442495126705652
-0.022092267706302793
-0.022742040285899934
-0.023391812865497075
-0.029889538661468484
-0.030539311241065625
-0.03118908382066277
-0.03183885640025991
-0.03248862897985705
-0.03313840155945419
-0.03378817413905133
-0.03443794671864847
-0.03508771929824561
-0.03833658219623132
-0.03898635477582846
-0.0396361273554256
-0.04028589993502274
-0.04093567251461988
-0.04158544509421702
-0.04223521767381416
-0.042884990253411304
-0.043534762833008445
-0.044184535412605586
-0.04483430799220273
-0.04548408057179987
-0.04613385315139701
-0.04678362573099415
-0.04743339831059129
-0.04808317089018843
-0.04873294346978558
-0.04938271604938271
-0.050032488628979854
-0.05523066926575698
-0.05588044184535412
-0.05653021442495127
-0.057179987004548405
-0.057829759584145546
-0.058479532163742694
-0.05912930474333983
-0.05977907732293697
-0.06042884990253412
-0.06107862248213125
-0.17868745938921377
-0.34437946718648466
-0.34632878492527613
-0.3469785575048733
-0.34762833008447047
-0.34827810266406756
-0.34892787524366464
-0.34957764782326184
-0.3508771929824561
-0.35152696556205326
-0.35217673814165035
-0.35282651072124754
-0.3534762833008447
-0.3541260558804418
-0.35477582846003897
-0.35542560103963616
-0.35607537361923325
-0.35672514619883033
-0.35737491877842753
-0.35802469135802467
-0.3586744639376218
-0.35932423651721895
-0.35997400909681604
-0.3755685510071474
-0.005847953216374269
-0.00649772579597141
-0.007147498375568551
-0.008447043534762833
-0.009096816114359974
-0.009746588693957114
-0.010396361273554255
-0.011046133853151396
-0.012345679012345678
-0.01299545159194282
-0.013645224171539962
-0.028589993502274202
-0.029239766081871347
-0.029889538661468484
-0.030539311241065625
-0.03118908382066277
-0.03183885640025991
-0.03248862897985705
-0.03313840155945419
-0.03378817413905133
-0.03443794671864847
-0.03508771929824561
-0.03573749187784275
-0.036387264457439894
-0.037037037037037035
-0.037686809616634176
-0.03833658219623132
-0.03898635477582846
-0.0396361273554256
-0.05328135152696556
-0.0539311241065627
-0.05458089668615985
-0.05523066926575698
-0.05588044184535412
-0.05653021442495127
-0.057179987004548405
-0.057829759584145546
-0.058479532163742694
-0.06692657569850552
-0.06757634827810266
-0.08447043534762833
-0.08512020792722547
-0.08576998050682261
-0.08641975308641975
-0.08706952566601689
-0.0903183885640026
-0.09096816114359974
-0.09161793372319688
-0.09226770630279402
-0.09291747888239116
-0.0935672514619883
-0.09421702404158544
-0.09486679662118258
-0.09551656920077974
-0.09616634178037686
-0.096816114359974
-0.09746588693957116
-0.09811565951916829
-0.09876543209876543
-0.09941520467836258
-0.10006497725795971
-0.10071474983755685
-0.101364522417154
-0.10201429499675113
-0.10266406757634827
-0.10331384015594543
-0.10396361273554255
-0.1046133853151397
-0.10526315789473685
-0.10591293047433398
-0.10656270305393112
-0.10721247563352827
-0.1078622482131254
-0.10851202079272254
-0.1091617933723197
-0.10981156595191682
-0.11046133853151396
-0.11111111111111112
-0.11176088369070825
-0.18518518518518517
-0.18583495776478232
-0.18648473034437946
-0.1871345029239766
-0.1877842755035737
-0.1903833658219623
-0.19103313840155947
-0.19168291098115656
-0.3424301494476933
-0.34307992202729043
-0.34372969460688757
-0.34437946718648466
-0.34502923976608185
-0.345679012345679
-0.34632878492527613
-0.3469785575048733
-0.34762833008447047
-0.34827810266406756
-0.34892787524366464
-0.34957764782326184
-0.350227420402859
-0.3508771929824561
-0.35152696556205326
-0.35217673814165035
-0.35282651072124754
-0.3534762833008447
-0.3541260558804418
-0.35477582846003897
-0.35542560103963616
-0.35607537361923325
-0.35672514619883033
-0.35737491877842753
-0.35802469135802467
-0.3586744639376218
-0.35932423651721895
-0.35997400909681604
-0.36062378167641324
-0.3612735542560104
-0.3619233268356075
-0.36257309941520466
-0.36322287199480185
-0.36387264457439894
-0.364522417153996
-0.3651721897335932
-0.36582196231319036
-0.3664717348927875
-0.36712150747238464
-0.36777128005198173
-0.3684210526315789
-0.36907082521117607
-0.3697205977907732
-0.37037037037037035
-0.37102014294996755
-0.37166991552956463
-0.3723196881091617
-0.3729694606887589
-0.37361923326835605
-0.3742690058479532
-0.37491877842755034
-0.3755685510071474
-0.009096816114359974
-0.009746588693957114
-0.021442495126705652
-0.022092267706302793
-0.022742040285899934
-0.023391812865497075
-0.024041585445094216
-0.024691358024691357
-0.0253411306042885
-0.02599090318388564
-0.02664067576348278
-0.027290448343079924
-0.02794022092267706
-0.028589993502274202
-0.029239766081871347
-0.029889538661468484
-0.030539311241065625
-0.03118908382066277
-0.03183885640025991
-0.03248862897985705
-0.03378817413905133
-0.03443794671864847
-0.037686809616634176
-0.03833658219623132
-0.03898635477582846
-0.04613385315139701
-0.04678362573099415
-0.04743339831059129
-0.04808317089018843
-0.04873294346978558
-0.04938271604938271
-0.050032488628979854
-0.050682261208577
-0.051332033788174136
-0.05198180636777128
-0.052631578947368425
-0.05328135152696556
-0.0539311241065627
-0.05458089668615985
-0.05523066926575698
-0.05588044184535412
-0.05653021442495127
-0.057179987004548405
-0.08706952566601689
-0.08771929824561403
-0.08836907082521117
-0.08901884340480831
-0.08966861598440545
-0.0903183885640026
-0.09096816114359974
-0.09161793372319688
-0.09226770630279402
-0.09291747888239116
-0.0935672514619883
-0.09421702404158544
-0.09486679662118258
-0.09551656920077974
-0.09616634178037686
-0.096816114359974
-0.09746588693957116
-0.09811565951916829
-0.09876543209876543
-0.09941520467836258
-0.10006497725795971
-0.10071474983755685
-0.101364522417154
-0.10201429499675113
-0.10266406757634827
-0.10331384015594543
-0.10396361273554255
-0.1046133853151397
-0.10526315789473685
-0.10591293047433398
-0.10656270305393112
-0.10721247563352827
-0.1078622482131254
-0.10851202079272254
-0.1091617933723197
-0.10981156595191682
-0.11046133853151396
-0.11111111111111112
-0.11176088369070825
-0.11241065627030539
-0.11306042884990254
-0.11371020142949967
-0.17998700454840802
-0.1806367771280052
-0.18128654970760233
-0.18193632228719947
-0.1825860948667966
-0.18323586744639375
-0.18388564002599087
-0.18453541260558803
-0.18518518518518517
-0.18583495776478232
-0.18648473034437946
-0.1871345029239766
-0.1877842755035737
-0.18843404808317088
-0.18908382066276802
-0.18973359324236516
-0.1903833658219623
-0.19103313840155947
-0.19233268356075373
-0.26575698505523065
-0.2664067576348278
-0.26705653021442494
-0.2677063027940221
-0.2683560753736192
-0.26900584795321636
-0.2696556205328135
-0.27030539311241064
-0.2709551656920078
-0.3378817413905133
-0.33853151397011044
-0.3391812865497076
-0.3398310591293048
-0.34048083170890187
-0.34113060428849895
-0.34178037686809615
-0.3424301494476933
-0.34307992202729043
-0.34372969460688757
-0.34437946718648466
-0.34502923976608185
-0.345679012345679
-0.34632878492527613
-0.3469785575048733
-0.34762833008447047
-0.34827810266406756
-0.34892787524366464
-0.34957764782326184
-0.350227420402859
-0.3508771929824561
-0.35152696556205326
-0.35217673814165035
-0.35282651072124754
-0.3534762833008447
-0.3541260558804418
-0.35477582846003897
-0.35542560103963616
-0.35607537361923325
-0.35672514619883033
-0.35737491877842753
-0.35802469135802467
-0.3586744639376218
-0.35932423651721895
-0.35997400909681604
-0.36062378167641324
-0.3612735542560104
-0.3619233268356075
-0.36257309941520466
-0.36322287199480185
-0.36387264457439894
-0.364522417153996
-0.3651721897335932
-0.36582196231319036
-0.3664717348927875
-0.36712150747238464
-0.36777128005198173
-0.3684210526315789
-0.36907082521117607
-0.3697205977907732
-0.37037037037037035
-0.37102014294996755
-0.37166991552956463
-0.3723196881091617
-0.3729694606887589
-0.37361923326835605
-0.000649772579597141
-0.001299545159194282
-0.02079272254710851
-0.021442495126705652
-0.022092267706302793
-0.022742040285899934
-0.023391812865497075
-0.024041585445094216
-0.024691358024691357
-0.0253411306042885
-0.02599090318388564
-0.02664067576348278
-0.027290448343079924
-0.02794022092267706
-0.028589993502274202
-0.029239766081871347
-0.029889538661468484
-0.030539311241065625
-0.03118908382066277
-0.03183885640025991
-0.03248862897985705
-0.03313840155945419
-0.03378817413905133
-0.03443794671864847
-0.03508771929824561
-0.03573749187784275
-0.036387264457439894
-0.037037037037037035
-0.037686809616634176
-0.03833658219623132
-0.03898635477582846
-0.0396361273554256
-0.04028589993502274
-0.04093567251461988
-0.04158544509421702
-0.04223521767381416
-0.042884990253411304
-0.043534762833008445
-0.044184535412605586
-0.04483430799220273
-0.04548408057179987
-0.04613385315139701
-0.04678362573099415
-0.04743339831059129
-0.04808317089018843
-0.04873294346978558
-0.04938271604938271
-0.050032488628979854
-0.050682261208577
-0.051332033788174136
-0.05198180636777128
-0.052631578947368425
-0.05328135152696556
-0.0539311241065627
-0.05458089668615985
-0.05523066926575698
-0.05588044184535412
-0.05653021442495127
-0.057179987004548405
-0.09161793372319688
-0.09226770630279402
-0.09291747888239116
-0.0935672514619883
-0.09421702404158544
-0.09486679662118258
-0.09551656920077974
-0.09616634178037686
-0.096816114359974
-0.09746588693957116
-0.09811565951916829
-0.09876543209876543
-0.09941520467836258
-0.10006497725795971
-0.10071474983755685
-0.101364522417154
-0.10201429499675113
-0.10266406757634827
-0.10526315789473685
-0.10591293047433398
-0.10656270305393112
-0.10721247563352827
-0.1078622482131254
-0.10851202079272254
-0.1091617933723197
-0.10981156595191682
-0.11046133853151396
-0.11111111111111112
-0.11176088369070825
-0.11241065627030539
-0.11306042884990254
-0.11371020142949967
-0.11435997400909681
-0.11500974658869396
-0.11565951916829109
-0.11630929174788823
-0.11695906432748539
-0.11890838206627681
-0.11955815464587394
-0.12020792722547108
-0.12085769980506823
-0.12150747238466536
-0.1221572449642625
-0.17738791423001948
-0.17803768680961662
-0.17868745938921377
-0.1793372319688109
-0.17998700454840802
-0.1806367771280052
-0.18128654970760233
-0.18193632228719947
-0.1825860948667966
-0.18323586744639375
-0.18388564002599087
-0.18453541260558803
-0.18518518518518517
-0.18583495776478232
-0.18648473034437946
-0.1871345029239766
-0.1877842755035737
-0.18843404808317088
-0.2631578947368421
-0.26380766731643923
-0.2644574398960364
-0.2651072124756335
-0.26575698505523065
-0.2664067576348278
-0.26705653021442494
-0.2677063027940221
-0.2683560753736192
-0.26900584795321636
-0.2696556205328135
-0.27030539311241064
-0.2709551656920078
-0.2716049382716049
-0.27225471085120206
-0.2729044834307992
-0.27355425601039635
-0.2742040285899935
-0.27485380116959063
-0.27550357374918777
-0.2761533463287849
-0.27680311890838205
-0.2774528914879792
-0.27810266406757633
-0.2787524366471735
-0.2794022092267706
-0.28005198180636776
-0.2807017543859649
-0.33203378817413903
-0.3326835607537362
-0.33333333333333326
-0.33398310591293046
-0.3346328784925276
-0.33528265107212474
-0.3359324236517219
-0.33658219623131896
-0.33723196881091616
-0.3378817413905133
-0.33853151397011044
-0.3391812865497076
-0.3398310591293048
-0.34048083170890187
-0.34113060428849895
-0.34178037686809615
-0.3424301494476933
-0.34307992202729043
-0.34372969460688757
-0.34437946718648466
-0.34502923976608185
-0.345679012345679
-0.34632878492527613
-0.3469785575048733
-0.34762833008447047
-0.34827810266406756
-0.34892787524366464
-0.34957764782326184
-0.350227420402859
-0.3508771929824561
-0.35152696556205326
-0.35217673814165035
-0.35282651072124754
-0.3534762833008447
-0.3541260558804418
-0.35477582846003897
-0.35542560103963616
-0.35607537361923325
-0.35672514619883033
-0.35737491877842753
-0.35802469135802467
-0.3586744639376218
-0.35932423651721895
-0.35997400909681604
-0.36062378167641324
-0.3612735542560104
-0.3619233268356075
-0.36257309941520466
-0.36322287199480185
-0.36387264457439894
-0.364522417153996
-0.3651721897335932
-0.36582196231319036
-0.3664717348927875
-0.36712150747238464
-0.36777128005198173
-0.3684210526315789
-0.36907082521117607
-0.3697205977907732
-0.37037037037037035
-0.37102014294996755
-0.37166991552956463
-0.3723196881091617
-0.46328784925276156
-0.46393762183235865
-0.46458739441195573
-0.46523716699155293
-0.46588693957115007
-0.4665367121507472
-0.46718648473034435
-0.016894087069525665
-0.017543859649122806
-0.018193632228719947
-0.018843404808317088
-0.01949317738791423
-0.02014294996751137
-0.02079272254710851
-0.021442495126705652
-0.022092267706302793
-0.022742040285899934
-0.023391812865497075
-0.024041585445094216
-0.024691358024691357
-0.0253411306042885
-0.02599090318388564
-0.02664067576348278
-0.027290448343079924
-0.02794022092267706
-0.028589993502274202
-0.029239766081871347
-0.029889538661468484
-0.030539311241065625
-0.03118908382066277
-0.03183885640025991
-0.03248862897985705
-0.03313840155945419
-0.03378817413905133
-0.03443794671864847
-0.03508771929824561
-0.03573749187784275
-0.036387264457439894
-0.037037037037037035
-0.037686809616634176
-0.03833658219623132
-0.03898635477582846
-0.0396361273554256
-0.04028589993502274
-0.04093567251461988
-0.04158544509421702
-0.04223521767381416
-0.042884990253411304
-0.043534762833008445
-0.044184535412605586
-0.04483430799220273
-0.04548408057179987
-0.04613385315139701
-0.04678362573099415
-0.04743339831059129
-0.04808317089018843
-0.04873294346978558
-0.04938271604938271
-0.050032488628979854
-0.050682261208577
-0.051332033788174136
-0.05198180636777128
-0.052631578947368425
-0.05328135152696556
-0.0539311241065627
-0.05458089668615985
-0.05523066926575698
-0.05588044184535412
-0.05653021442495127
-0.09161793372319688
-0.09226770630279402
-0.09291747888239116
-0.0935672514619883
-0.09421702404158544
-0.09486679662118258
-0.09551656920077974
-0.10721247563352827
-0.1078622482131254
-0.10851202079272254
-0.1091617933723197
-0.10981156595191682
-0.11046133853151396
-0.11111111111111112
-0.11176088369070825
-0.11241065627030539
-0.11306042884990254
-0.11371020142949967
-0.11435997400909681
-0.11500974658869396
-0.11565951916829109
-0.11630929174788823
-0.11695906432748539
-0.11760883690708251
-0.11890838206627681
-0.11955815464587394
-0.12020792722547108
-0.12085769980506823
-0.17024041585445093
-0.17089018843404807
-0.17348927875243664
-0.17413905133203378
-0.17478882391163092
-0.17543859649122806
-0.17608836907082517
-0.17673814165042234
-0.17738791423001948
-0.2508122157244964
-0.25146198830409355
-0.2521117608836907
-0.25276153346328784
-0.253411306042885
-0.2540610786224821
-0.25471085120207926
-0.2553606237816764
-0.25601039636127354
-0.2566601689408707
-0.2573099415204678
-0.25795971410006496
-0.2586094866796621
-0.25925925925925924
-0.2599090318388564
-0.2605588044184535
-0.26120857699805067
-0.2618583495776478
-0.26250812215724495
-0.2631578947368421
-0.26380766731643923
-0.2644574398960364
-0.2651072124756335
-0.26575698505523065
-0.2664067576348278
-0.26705653021442494
-0.2677063027940221
-0.2683560753736192
-0.26900584795321636
-0.2696556205328135
-0.27030539311241064
-0.2709551656920078
-0.2716049382716049
-0.27225471085120206
-0.2729044834307992
-0.27355425601039635
-0.2742040285899935
-0.27485380116959063
-0.27550357374918777
-0.2761533463287849
-0.27680311890838205
-0.2774528914879792
-0.27810266406757633
-0.2787524366471735
-0.2794022092267706
-0.28005198180636776
-0.2807017543859649
-0.28135152696556204
-0.3346328784925276
-0.33528265107212474
-0.3359324236517219
-0.33658219623131896
-0.33723196881091616
-0.3378817413905133
-0.33853151397011044
-0.3391812865497076
-0.3398310591293048
-0.34048083170890187
-0.34113060428849895
-0.34178037686809615
-0.3424301494476933
-0.34307992202729043
-0.34372969460688757
-0.34437946718648466
-0.34502923976608185
-0.345679012345679
-0.34632878492527613
-0.3469785575048733
-0.34762833008447047
-0.34827810266406756
-0.34892787524366464
-0.34957764782326184
-0.350227420402859
-0.3508771929824561
-0.35152696556205326
-0.35217673814165035
-0.35282651072124754
-0.3534762833008447
-0.3541260558804418
-0.35477582846003897
-0.35542560103963616
-0.35607537361923325
-0.35672514619883033
-0.35737491877842753
-0.35802469135802467
-0.3586744639376218
-0.35932423651721895
-0.35997400909681604
-0.36062378167641324
-0.3612735542560104
-0.3619233268356075
-0.36257309941520466
-0.36322287199480185
-0.36387264457439894
-0.364522417153996
-0.3651721897335932
-0.36582196231319036
-0.3664717348927875
-0.36712150747238464
-0.36777128005198173
-0.3684210526315789
-0.36907082521117607
-0.4619883040935672
-0.46263807667316437
-0.46328784925276156
-0.46393762183235865
-0.46458739441195573
-0.46523716699155293
-0.46588693957115007
-0.4665367121507472
-0.46718648473034435
-0.46783625730994155
-0.46848602988953864
-0.4691358024691358
-0.4697855750487329
-0.47043534762833006
-0.008447043534762833
-0.009096816114359974
-0.009746588693957114
-0.010396361273554255
-0.01949317738791423
-0.02014294996751137
-0.02079272254710851
-0.021442495126705652
-0.022092267706302793
-0.022742040285899934
-0.023391812865497075
-0.024041585445094216
-0.024691358024691357
-0.0253411306042885
-0.02599090318388564
-0.02664067576348278
-0.027290448343079924
-0.02794022092267706
-0.028589993502274202
-0.029239766081871347
-0.029889538661468484
-0.030539311241065625
-0.03118908382066277
-0.03183885640025991
-0.03248862897985705
-0.03313840155945419
-0.03378817413905133
-0.03443794671864847
-0.03508771929824561
-0.03573749187784275
-0.036387264457439894
-0.037037037037037035
-0.037686809616634176
-0.03833658219623132
-0.03898635477582846
-0.0396361273554256
-0.04028589993502274
-0.04093567251461988
-0.04158544509421702
-0.04223521767381416
-0.042884990253411304
-0.043534762833008445
-0.044184535412605586
-0.04483430799220273
-0.04548408057179987
-0.04613385315139701
-0.04678362573099415
-0.04743339831059129
-0.04808317089018843
-0.04873294346978558
-0.04938271604938271
-0.050032488628979854
-0.050682261208577
-0.051332033788174136
-0.05198180636777128
-0.052631578947368425
-0.05328135152696556
-0.0539311241065627
-0.05458089668615985
-0.05523066926575698
-0.05588044184535412
-0.05653021442495127
-0.057179987004548405
-0.057829759584145546
-0.058479532163742694
-0.05912930474333983
-0.05977907732293697
-0.06042884990253412
-0.06107862248213125
-0.10526315789473685
-0.10591293047433398
-0.10656270305393112
-0.10721247563352827
-0.1078622482131254
-0.10851202079272254
-0.1091617933723197
-0.10981156595191682
-0.11046133853151396
-0.11111111111111112
-0.11176088369070825
-0.11241065627030539
-0.11306042884990254
-0.13385315139701104
-0.13450292397660818
-0.13515269655620532
-0.13580246913580246
-0.1364522417153996
-0.13710201429499674
-0.13775178687459388
-0.13840155945419103
-0.13905133203378817
-0.1397011046133853
-0.14035087719298245
-0.1410006497725796
-0.17089018843404807
-0.17153996101364521
-0.17218973359324233
-0.193632228719948
-0.19428200129954515
-0.19493177387914232
-0.1955815464587394
-0.19623131903833657
-0.1968810916179337
-0.19753086419753085
-0.198180636777128
-0.19883040935672516
-0.19948018193632225
-0.20012995451591942
-0.20077972709551656
-0.2014294996751137
-0.20207927225471084
-0.202729044834308
-0.2033788174139051
-0.20402858999350226
-0.2046783625730994
-0.20532813515269654
-0.20597790773229369
-0.20662768031189085
-0.20727745289148794
-0.2079272254710851
-0.26575698505523065
-0.2664067576348278
-0.26705653021442494
-0.2677063027940221
-0.2683560753736192
-0.26900584795321636
-0.2696556205328135
-0.27030539311241064
-0.2709551656920078
-0.2716049382716049
-0.27225471085120206
-0.2729044834307992
-0.27355425601039635
-0.2742040285899935
-0.27485380116959063
-0.27550357374918777
-0.2761533463287849
-0.27680311890838205
-0.2774528914879792
-0.27810266406757633
-0.2787524366471735
-0.2884990253411306
-0.28914879792072773
-0.28979857050032487
-0.290448343079922
-0.29109811565951915
-0.2917478882391163
-0.29239766081871343
-0.2930474333983106
-0.2936972059779077
-0.29434697855750486
-0.294996751137102
-0.29564652371669914
-0.2962962962962963
-0.2969460688758934
-0.29759584145549056
-0.2982456140350877
-0.29889538661468484
-0.33528265107212474
-0.34048083170890187
-0.34113060428849895
-0.34178037686809615
-0.3424301494476933
-0.34307992202729043
-0.34372969460688757
-0.34437946718648466
-0.34502923976608185
-0.345679012345679
-0.34632878492527613
-0.3469785575048733
-0.34762833008447047
-0.34827810266406756
-0.34892787524366464
-0.34957764782326184
-0.350227420402859
-0.3508771929824561
-0.35152696556205326
-0.35217673814165035
-0.35282651072124754
-0.3534762833008447
-0.3541260558804418
-0.35477582846003897
-0.35542560103963616
-0.35607537361923325
-0.35672514619883033
-0.35737491877842753
-0.35802469135802467
-0.3586744639376218
-0.35932423651721895
-0.35997400909681604
-0.36062378167641324
-0.3612735542560104
-0.3619233268356075
-0.36257309941520466
-0.4665367121507472
-0.46718648473034435
-0.46783625730994155
-0.46848602988953864
-0.018843404808317088
-0.01949317738791423
-0.02014294996751137
-0.02079272254710851
-0.021442495126705652
-0.022092267706302793
-0.022742040285899934
-0.023391812865497075
-0.024041585445094216
-0.024691358024691357
-0.0253411306042885
-0.02599090318388564
-0.02664067576348278
-0.027290448343079924
-0.02794022092267706
-0.028589993502274202
-0.029239766081871347
-0.029889538661468484
-0.030539311241065625
-0.03118908382066277
-0.03183885640025991
-0.03248862897985705
-0.03313840155945419
-0.03378817413905133
-0.03443794671864847
-0.03508771929824561
-0.03573749187784275
-0.036387264457439894
-0.037037037037037035
-0.037686809616634176
-0.03833658219623132
-0.03898635477582846
-0.0396361273554256
-0.04028589993502274
-0.04093567251461988
-0.04158544509421702
-0.04223521767381416
-0.042884990253411304
-0.043534762833008445
-0.044184535412605586
-0.04483430799220273
-0.04548408057179987
-0.04613385315139701
-0.04678362573099415
-0.04743339831059129
-0.04808317089018843
-0.04873294346978558
-0.04938271604938271
-0.050032488628979854
-0.050682261208577
-0.051332033788174136
-0.05198180636777128
-0.052631578947368425
-0.05328135152696556
-0.0539311241065627
-0.05458089668615985
-0.05523066926575698
-0.05588044184535412
-0.05653021442495127
-0.057179987004548405
-0.057829759584145546
-0.058479532163742694
-0.05912930474333983
-0.05977907732293697
-0.06042884990253412
-0.06107862248213125
-0.08966861598440545
-0.0903183885640026
-0.09096816114359974
-0.10396361273554255
-0.1046133853151397
-0.10526315789473685
-0.10591293047433398
-0.10656270305393112
-0.10721247563352827
-0.1078622482131254
-0.10851202079272254
-0.1091617933723197
-0.10981156595191682
-0.11046133853151396
-0.11111111111111112
-0.11176088369070825
-0.11241065627030539
-0.11306042884990254
-0.11371020142949967
-0.11435997400909681
-0.11500974658869396
-0.11565951916829109
-0.11630929174788823
-0.11695906432748539
-0.11760883690708251
-0.13060428849902533
-0.13125406107862247
-0.13190383365821962
-0.13255360623781676
-0.1332033788174139
-0.13385315139701104
-0.13450292397660818
-0.13515269655620532
-0.13580246913580246
-0.1364522417153996
-0.13710201429499674
-0.13775178687459388
-0.13840155945419103
-0.13905133203378817
-0.1397011046133853
-0.14035087719298245
-0.1410006497725796
-0.18388564002599087
-0.18453541260558803
-0.18518518518518517
-0.18583495776478232
-0.18648473034437946
-0.1871345029239766
-0.1877842755035737
-0.18843404808317088
-0.18908382066276802
-0.18973359324236516
-0.1903833658219623
-0.19103313840155947
-0.19168291098115656
-0.19233268356075373
-0.19298245614035087
-0.193632228719948
-0.19428200129954515
-0.19493177387914232
-0.1955815464587394
-0.19623131903833657
-0.1968810916179337
-0.19753086419753085
-0.198180636777128
-0.19883040935672516
-0.19948018193632225
-0.20012995451591942
-0.20077972709551656
-0.2014294996751137
-0.20207927225471084
-0.202729044834308
-0.2033788174139051
-0.20402858999350226
-0.2046783625730994
-0.20532813515269654
-0.20597790773229369
-0.20662768031189085
-0.20727745289148794
-0.2079272254710851
-0.20857699805068225
-0.2092267706302794
-0.20987654320987653
-0.2105263157894737
-0.29239766081871343
-0.2930474333983106
-0.2936972059779077
-0.29434697855750486
-0.294996751137102
-0.29564652371669914
-0.2962962962962963
-0.2969460688758934
-0.29759584145549056
-0.2982456140350877
-0.29889538661468484
-0.299545159194282
-0.34372969460688757
-0.34437946718648466
-0.34502923976608185
-0.345679012345679
-0.34632878492527613
-0.3469785575048733
-0.34762833008447047
-0.34827810266406756
-0.34892787524366464
-0.34957764782326184
-0.350227420402859
-0.3508771929824561
-0.35152696556205326
-0.35217673814165035
-0.35282651072124754
-0.3534762833008447
-0.3541260558804418
-0.35477582846003897
-0.35542560103963616
-0.35607537361923325
-0.35672514619883033
-0.35737491877842753
-0.35802469135802467
-0.3586744639376218
-0.35932423651721895
-0.35997400909681604
-0.36062378167641324
-0.3612735542560104
-0.00649772579597141
-0.007147498375568551
-0.0077972709551656924
-0.008447043534762833
-0.009096816114359974
-0.009746588693957114
-0.010396361273554255
-0.011046133853151396
-0.011695906432748537
-0.012345679012345678
-0.018193632228719947
-0.018843404808317088
-0.01949317738791423
-0.02014294996751137
-0.02079272254710851
-0.021442495126705652
-0.022092267706302793
-0.022742040285899934
-0.023391812865497075
-0.024041585445094216
-0.024691358024691357
-0.0253411306042885
-0.02599090318388564
-0.02664067576348278
-0.027290448343079924
-0.02794022092267706
-0.028589993502274202
-0.029239766081871347
-0.029889538661468484
-0.030539311241065625
-0.03118908382066277
-0.03183885640025991
-0.03248862897985705
-0.03313840155945419
-0.03378817413905133
-0.03443794671864847
-0.03508771929824561
-0.03573749187784275
-0.036387264457439894
-0.037037037037037035
-0.037686809616634176
-0.03833658219623132
-0.03898635477582846
-0.0396361273554256
-0.04028589993502274
-0.04093567251461988
-0.04158544509421702
-0.04223521767381416
-0.042884990253411304
-0.04678362573099415
-0.04743339831059129
-0.04808317089018843
-0.04873294346978558
-0.04938271604938271
-0.050032488628979854
-0.050682261208577
-0.051332033788174136
-0.05198180636777128
-0.052631578947368425
-0.05328135152696556
-0.0539311241065627
-0.05458089668615985
-0.05523066926575698
-0.05588044184535412
-0.05653021442495127
-0.057179987004548405
-0.057829759584145546
-0.058479532163742694
-0.0714749837556855
-0.07212475633528265
-0.07277452891487979
-0.07342430149447693
-0.07407407407407407
-0.07472384665367121
-0.07537361923326835
-0.07602339181286549
-0.07667316439246263
-0.07732293697205977
-0.07797270955165692
-0.07862248213125406
-0.0792722547108512
-0.07992202729044834
-0.08057179987004548
-0.09291747888239116
-0.0935672514619883
-0.09421702404158544
-0.09486679662118258
-0.09551656920077974
-0.09616634178037686
-0.096816114359974
-0.09746588693957116
-0.09811565951916829
-0.09876543209876543
-0.09941520467836258
-0.10006497725795971
-0.10071474983755685
-0.101364522417154
-0.10201429499675113
-0.10266406757634827
-0.10331384015594543
-0.16829109811565948
-0.16894087069525665
-0.1695906432748538
-0.17024041585445093
-0.17089018843404807
-0.17153996101364521
-0.17218973359324233
-0.1728395061728395
-0.17348927875243664
-0.17413905133203378
-0.17478882391163092
-0.17543859649122806
-0.17608836907082517
-0.17673814165042234
-0.17738791423001948
-0.17803768680961662
-0.17868745938921377
-0.1793372319688109
-0.17998700454840802
-0.1806367771280052
-0.18128654970760233
-0.18193632228719947
-0.1825860948667966
-0.18323586744639375
-0.18388564002599087
-0.18453541260558803
-0.18518518518518517
-0.18583495776478232
-0.18648473034437946
-0.1871345029239766
-0.1877842755035737
-0.18843404808317088
-0.18908382066276802
-0.18973359324236516
-0.1903833658219623
-0.19103313840155947
-0.19168291098115656
-0.19233268356075373
-0.19298245614035087
-0.193632228719948
-0.19428200129954515
-0.19493177387914232
-0.1955815464587394
-0.19623131903833657
-0.1968810916179337
-0.345679012345679
-0.34632878492527613
-0.3469785575048733
-0.34762833008447047
-0.34827810266406756
-0.34892787524366464
-0.34957764782326184
-0.350227420402859
-0.3508771929824561
-0.35152696556205326
-0.35217673814165035
-0.35282651072124754
-0.3534762833008447
-0.3541260558804418
-0.35477582846003897
-0.35542560103963616
-0.35607537361923325
-0.35672514619883033
-0.35737491877842753
-0.35802469135802467
-0.3586744639376218
-0.35997400909681604
-0.36062378167641324
-0.3612735542560104
-0.3619233268356075
-0.40870695256660167
-0.4093567251461988
-0.410006497725796
-0.016894087069525665
-0.017543859649122806
-0.018193632228719947
-0.018843404808317088
-0.01949317738791423
-0.02014294996751137
-0.02079272254710851
-0.021442495126705652
-0.022092267706302793
-0.022742040285899934
-0.023391812865497075
-0.024041585445094216
-0.024691358024691357
-0.0253411306042885
-0.02599090318388564
-0.02664067576348278
-0.027290448343079924
-0.02794022092267706
-0.028589993502274202
-0.029239766081871347
-0.029889538661468484
-0.030539311241065625
-0.03118908382066277
-0.03183885640025991
-0.03248862897985705
-0.03313840155945419
-0.03378817413905133
-0.03443794671864847
-0.03508771929824561
-0.03573749187784275
-0.036387264457439894
-0.037037037037037035
-0.037686809616634176
-0.03833658219623132
-0.03898635477582846
-0.044184535412605586
-0.04483430799220273
-0.04548408057179987
-0.04613385315139701
-0.04678362573099415
-0.04743339831059129
-0.04808317089018843
-0.06887589343729694
-0.06952566601689408
-0.07017543859649122
-0.07082521117608837
-0.0714749837556855
-0.07212475633528265
-0.07277452891487979
-0.07342430149447693
-0.07407407407407407
-0.07472384665367121
-0.07537361923326835
-0.07602339181286549
-0.07667316439246263
-0.07732293697205977
-0.08706952566601689
-0.08771929824561403
-0.08836907082521117
-0.08901884340480831
-0.08966861598440545
-0.0903183885640026
-0.09096816114359974
-0.09161793372319688
-0.09226770630279402
-0.09291747888239116
-0.0935672514619883
-0.09421702404158544
-0.16829109811565948
-0.16894087069525665
-0.1695906432748538
-0.17024041585445093
-0.17089018843404807
-0.17153996101364521
-0.17218973359324233
-0.1728395061728395
-0.17348927875243664
-0.17413905133203378
-0.17478882391163092
-0.17543859649122806
-0.17608836907082517
-0.17673814165042234
-0.17738791423001948
-0.17803768680961662
-0.17868745938921377
-0.1793372319688109
-0.17998700454840802
-0.1877842755035737
-0.18843404808317088
-0.18908382066276802
-0.18973359324236516
-0.1903833658219623
-0.19103313840155947
-0.19168291098115656
-0.19233268356075373
-0.19298245614035087
-0.3469785575048733
-0.34827810266406756
-0.34957764782326184
-0.350227420402859
-0.35152696556205326
-0.35217673814165035
-0.35282651072124754
-0.3541260558804418
-0.35477582846003897
-0.35542560103963616
-0.35607537361923325
-0.35737491877842753
