0.1424460431654676
0.14412470023980814
0.15467625899280574
0.15995203836930455
0.1683453237410072
0.17074340527577936
0.17098321342925657
0.1712230215827338
0.17146282973621102
0.21678657074340527
0.21702637889688248
0.276978417266187
0.2940047961630695
0.29424460431654675
0.3119904076738609
0.3599520383693045
0.851798561151079
0.8520383693045563
0.8522781774580335
0.8525179856115107
0.852757793764988
0.14436450839328535
0.1446043165467626
0.16019184652278176
0.28633093525179854
0.2865707434052758
0.29424460431654675
0.29448441247002394
0.2990407673860911
0.3091127098321343
0.3093525179856115
0.3095923261390887
0.30983213429256595
0.31007194244604314
0.3103117505995203
0.3119904076738609
0.3122302158273381
0.3124700239808153
0.31270983213429254
0.3359712230215827
0.33621103117505996
0.8496402877697841
0.8498800959232613
0.8501199040767385
0.8503597122302158
0.8505995203836929
0.8508393285371703
0.8510791366906474
0.8513189448441246
0.8515587529976019
0.851798561151079
0.8520383693045563
0.8522781774580335
0.8525179856115107
0.852757793764988
0.8529976019184652
0.8532374100719423
0.8537170263788968
0.853956834532374
0.8553956834532374
0.15251798561151078
0.15275779376498802
0.15899280575539568
0.1592326139088729
0.17194244604316544
0.17218225419664268
0.18465227817745802
0.18513189448441245
0.18537170263788966
0.20743405275779372
0.24556354916067144
0.25347721822541963
0.25371702637889687
0.2539568345323741
0.2541966426858513
0.25443645083932853
0.2546762589928057
0.25491606714628295
0.25515587529976014
0.2834532374100719
0.28465227817745803
0.2918465227817746
0.29232613908872895
0.2925659472422062
0.29280575539568343
0.2930455635491606
0.29328537170263785
0.2935251798561151
0.29376498800959233
0.2940047961630695
0.29424460431654675
0.29448441247002394
0.2947242206235012
0.29496402877697836
0.2952038369304556
0.29544364508393284
0.29712230215827334
0.2973621103117506
0.29760191846522777
0.297841726618705
0.29808153477218224
0.29856115107913667
0.2988009592326139
0.2990407673860911
0.29928057553956827
0.3009592326139089
0.301199040767386
0.30143884892086326
0.3016786570743405
0.30191846522781773
0.3021582733812949
0.3031175059952038
0.303357314148681
0.3038369304556354
0.30407673860911266
0.3043165467625899
0.30455635491606714
0.3047961630695443
0.30503597122302156
0.3059952038369304
0.30623501199040765
0.3064748201438849
0.30671462829736207
0.3069544364508393
0.30719424460431655
0.30743405275779373
0.30767386091127097
0.30791366906474815
0.3081534772182254
0.3083932853717026
0.3086330935251798
0.30887290167865705
0.3091127098321343
0.3119904076738609
0.3122302158273381
0.3124700239808153
0.31270983213429254
0.3134292565947242
0.31654676258992803
0.3175059952038369
0.3177458033573141
0.32541966426858515
0.3256594724220623
0.3258992805755395
0.33549160671462824
0.3357314148681055
0.3359712230215827
0.33621103117505996
0.33645083932853714
0.3366906474820144
0.33693045563549157
0.3371702637889688
0.337410071942446
0.3376498800959232
0.33788968824940047
0.33812949640287765
0.33884892086330937
0.3390887290167865
0.33932853717026373
0.33956834532374097
0.3398081534772182
0.3400479616306954
0.36139088729016783
0.361630695443645
0.36187050359712225
0.3621103117505995
0.3872901678657074
0.3887290167865707
0.3889688249400479
0.38920863309352516
0.3894484412470024
0.3896882494004796
0.3899280575539568
0.39256594724220617
0.3928057553956834
0.39304556354916065
0.39328537170263783
0.39352517985611507
0.3937649880095923
0.39400479616306955
0.39424460431654673
0.3944844124700239
0.4160671462829736
0.4163069544364508
0.41654676258992807
0.4167865707434052
0.41702637889688243
0.4203836930455635
0.42062350119904074
0.420863309352518
0.4211031175059952
0.42134292565947234
0.4215827338129496
0.42230215827338125
0.4225419664268585
0.4227817745803357
0.42326139088729015
0.42350119904076733
0.42374100719424457
0.42398081534772175
0.424220623501199
0.4256594724220623
0.4258992805755395
0.42613908872901674
0.426378896882494
0.42661870503597116
0.4268585131894484
0.42709832134292564
0.42781774580335724
0.4280575539568345
0.5127098321342926
0.5129496402877697
0.513189448441247
0.6597122302158273
0.6599520383693045
0.6601918465227817
0.6604316546762589
0.6606714628297362
0.8729016786570744
0.8731414868105515
0.8733812949640287
0.873621103117506
0.8738609112709831
0.8741007194244603
0.8743405275779376
0.8745803357314148
0.874820143884892
0.8750599520383693
0.8752997601918464
0.8755395683453238
0.8757793764988009
0.876019184652278
0.8762589928057554
0.8764988009592325
0.8767386091127097
0.876978417266187
0.8772182254196642
0.8774580335731414
0.06163069544364508
0.15995203836930455
0.1621103117505995
0.16235011990407672
0.16258992805755396
0.16282973621103114
0.16306954436450838
0.1633093525179856
0.16354916067146283
0.17218225419664268
0.18033573141486808
0.205515587529976
0.20575539568345322
0.20599520383693046
0.23717026378896883
0.237410071942446
0.23764988009592325
0.2486810551558753
0.24892086330935248
0.25251798561151073
0.2556354916067146
0.25587529976019185
0.25851318944844126
0.27482014388489207
0.28800959232613904
0.2882494004796163
0.28848920863309346
0.2887290167865707
0.2896882494004796
0.28992805755395684
0.290167865707434
0.2908872901678657
0.2911270983213429
0.2913669064748201
0.29160671462829735
0.2918465227817746
0.29208633093525177
0.29424460431654675
0.29448441247002394
0.2947242206235012
0.29496402877697836
0.2952038369304556
0.2961630695443645
0.29640287769784174
0.30455635491606714
0.3047961630695443
0.30503597122302156
0.3052757793764988
0.30575539568345317
0.3059952038369304
0.30623501199040765
0.3064748201438849
0.30671462829736207
0.3069544364508393
0.30719424460431655
0.30743405275779373
0.30767386091127097
0.30791366906474815
0.3081534772182254
0.3083932853717026
0.3086330935251798
0.30887290167865705
0.3091127098321343
0.3093525179856115
0.3095923261390887
0.3122302158273381
0.3124700239808153
0.31486810551558747
0.31582733812949637
0.3160671462829736
0.31630695443645085
0.31702637889688245
0.32134292565947237
0.3215827338129496
0.32182254196642684
0.32206235011990403
0.32230215827338127
0.3225419664268585
0.3227817745803357
0.32302158273381293
0.32350119904076735
0.32374100719424453
0.3239808153477218
0.324220623501199
0.32446043165467625
0.3249400479616307
0.3251798561151079
0.3390887290167865
0.33932853717026373
0.33956834532374097
0.3398081534772182
0.3400479616306954
0.35539568345323735
0.360431654676259
0.36067146282973617
0.3609112709832134
0.3611510791366906
0.36139088729016783
0.361630695443645
0.36187050359712225
0.3621103117505995
0.36235011990407673
0.3625899280575539
0.36282973621103115
0.3630695443645084
0.36330935251798563
0.36354916067146276
0.39088729016786566
0.3911270983213429
0.39400479616306955
0.39424460431654673
0.3944844124700239
0.39472422062350115
0.3949640287769784
0.3952038369304556
0.4201438848920863
0.4203836930455635
0.426378896882494
0.42661870503597116
0.45467625899280567
0.4549160671462829
0.16258992805755396
0.1633093525179856
0.16354916067146283
0.16378896882494004
0.16402877697841725
0.16426858513189446
0.1673860911270983
0.16762589928057553
0.16786570743405274
0.16810551558752998
0.1688249400479616
0.16906474820143882
0.205515587529976
0.21558752997601915
0.2158273381294964
0.2160671462829736
0.21630695443645082
0.21654676258992803
0.21678657074340527
0.21966426858513186
0.22110311750599518
0.22182254196642684
0.22206235011990405
0.2227817745803357
0.22589928057553957
0.23717026378896883
0.23812949640287767
0.2741007194244604
0.27434052757793764
0.2745803357314148
0.27482014388489207
0.2752997601918465
0.2755395683453237
0.27577937649880097
0.27601918465227815
0.2762589928057554
0.30791366906474815
0.3081534772182254
0.3083932853717026
0.3086330935251798
0.30887290167865705
0.3091127098321343
0.3093525179856115
0.3095923261390887
0.30983213429256595
0.32350119904076735
0.32374100719424453
0.3239808153477218
0.337410071942446
0.3376498800959232
0.33788968824940047
0.33812949640287765
0.3383693045563549
0.3390887290167865
0.3546762589928057
0.35491606714628293
0.35515587529976017
0.35539568345323735
0.3556354916067146
0.360431654676259
0.36067146282973617
0.3609112709832134
0.3611510791366906
0.36139088729016783
0.361630695443645
0.36187050359712225
0.3621103117505995
0.36235011990407673
0.3625899280575539
0.36282973621103115
0.3630695443645084
0.36330935251798563
0.36354916067146276
0.36378896882494
0.36402877697841723
0.36546762589928056
0.36570743405275774
0.3717026378896882
0.37194244604316545
0.3721822541966427
0.37410071942446044
0.3743405275779376
0.3745803357314148
0.37482014388489204
0.3944844124700239
0.39472422062350115
0.3949640287769784
0.3952038369304556
0.3954436450839328
0.39568345323741005
0.39592326139088724
0.3961630695443645
0.42613908872901674
0.426378896882494
0.42661870503597116
0.4268585131894484
0.4839328537170263
0.48417266187050356
0.48441247002398075
0.484652278177458
0.4848920863309352
0.48513189448441246
0.48537170263788965
0.48561151079136683
0.48585131894484407
0.4860911270983213
0.4863309352517985
0.48657074340527573
0.48681055155875297
0.4870503597122302
0.08489208633093524
0.15899280575539568
0.16642685851318942
0.16666666666666666
0.16690647482014387
0.1671462829736211
0.1673860911270983
0.16762589928057553
0.16786570743405274
0.16810551558752998
0.1683453237410072
0.1685851318944844
0.1688249400479616
0.16906474820143882
0.16930455635491606
0.16954436450839325
0.16978417266187049
0.1700239808153477
0.17026378896882494
0.21534772182254194
0.21558752997601915
0.2158273381294964
0.21894484412470022
0.2369304556354916
0.23717026378896883
0.237410071942446
0.27601918465227815
0.3086330935251798
0.30887290167865705
0.3091127098321343
0.3093525179856115
0.3316546762589928
0.33189448441247
0.33213429256594723
0.3323741007194244
0.33261390887290165
0.33285371702637884
0.3330935251798561
0.3333333333333333
0.33357314148681055
0.33453237410071934
0.3556354916067146
0.35587529976019183
0.35611510791366907
0.35635491606714625
0.3565947242206235
0.3568345323741007
0.35707434052757786
0.3573141486810551
0.35755395683453234
0.3577937649880096
0.35803357314148676
0.358273381294964
0.36067146282973617
0.3609112709832134
0.3611510791366906
0.36139088729016783
0.361630695443645
0.36187050359712225
0.3621103117505995
0.36354916067146276
0.36402877697841723
0.36450839328537166
0.3647482014388489
0.36498800959232613
0.3652278177458033
0.36546762589928056
0.36570743405275774
0.365947242206235
0.36618705035971216
0.3664268585131894
0.3669064748201439
0.36714628297362106
0.3673860911270983
0.36762589928057554
0.3678657074340527
0.3681055155875299
0.36834532374100715
0.3685851318944844
0.36882494004796157
0.3690647482014388
0.3712230215827338
0.37146282973621103
0.3717026378896882
0.3745803357314148
0.37482014388489204
0.3750599520383693
0.37529976019184647
0.3755395683453237
0.3913669064748201
0.39400479616306955
0.39424460431654673
0.3944844124700239
0.39472422062350115
0.3949640287769784
0.3954436450839328
0.39568345323741005
0.13645083932853716
0.13669064748201437
0.1369304556354916
0.13717026378896882
0.13741007194244603
0.13764988009592324
0.13836930455635488
0.13860911270983212
0.13884892086330933
0.13908872901678657
0.13932853717026378
0.139568345323741
0.17170263788968823
0.19424460431654675
0.1949640287769784
0.19520383693045562
0.20191846522781773
0.2026378896882494
0.2762589928057554
0.2764988009592326
0.3347721822541966
0.3350119904076738
0.33525179856115106
0.33812949640287765
0.33884892086330937
0.35707434052757786
0.3573141486810551
0.3577937649880096
0.358273381294964
0.35851318944844124
0.3587529976019185
0.3589928057553956
0.35923261390887284
0.36067146282973617
0.3609112709832134
0.3611510791366906
0.36139088729016783
0.361630695443645
0.36498800959232613
0.3652278177458033
0.36546762589928056
0.36570743405275774
0.365947242206235
0.36618705035971216
0.3664268585131894
0.36666666666666664
0.3669064748201439
0.36714628297362106
0.3673860911270983
0.36762589928057554
0.3678657074340527
0.3681055155875299
0.36834532374100715
0.3685851318944844
0.36882494004796157
0.3690647482014388
0.3920863309352518
0.39232613908872893
0.39256594724220617
0.3928057553956834
0.39304556354916065
0.39328537170263783
0.39352517985611507
0.3937649880095923
0.39400479616306955
0.39592326139088724
0.3971223021582733
0.39736211031175056
0.3985611510791367
0.1357314148681055
0.13597122302158274
0.13621103117505992
0.13645083932853716
0.13669064748201437
0.1369304556354916
0.13717026378896882
0.13741007194244603
0.13764988009592324
0.13788968824940048
0.1381294964028777
0.13836930455635488
0.13860911270983212
0.13884892086330933
0.13908872901678657
0.13932853717026378
0.139568345323741
0.1398081534772182
0.14004796163069544
0.2661870503597122
0.2764988009592326
0.27673860911270975
0.276978417266187
0.27721822541966423
0.3383693045563549
0.3386091127098321
0.33884892086330937
0.3390887290167865
0.13357314148681054
0.13381294964028778
0.13525179856115105
0.1354916067146283
0.1357314148681055
0.13621103117505992
0.13717026378896882
0.13741007194244603
0.13764988009592324
0.13788968824940048
0.1381294964028777
0.13836930455635488
0.13860911270983212
0.13884892086330933
0.13908872901678657
0.13932853717026378
0.139568345323741
0.1398081534772182
0.14004796163069544
0.14028776978417265
0.14388489208633093
0.15443645083932853
0.15467625899280574
0.15995203836930455
0.21654676258992803
0.21678657074340527
0.2860911270983213
0.29376498800959233
0.2940047961630695
0.30071942446043165
0.30887290167865705
0.3117505995203837
0.3119904076738609
0.3122302158273381
0.8505995203836929
0.8508393285371703
0.8510791366906474
0.8513189448441246
0.8515587529976019
0.851798561151079
0.8520383693045563
0.8522781774580335
0.8525179856115107
0.852757793764988
0.8529976019184652
0.05755395683453237
0.05779376498800959
0.058033573141486806
0.058273381294964025
0.05851318944844124
0.05875299760191846
0.05899280575539568
0.0592326139088729
0.059472422062350115
0.19928057553956835
0.19952038369304553
0.19976019184652274
0.19999999999999998
0.2002398081534772
0.20047961630695443
0.20071942446043162
0.20095923261390886
0.20239808153477218
0.2026378896882494
0.2028776978417266
0.2031175059952038
0.20335731414868105
0.20359712230215826
-0.04844124700239808
-0.1947242206235012
-0.19520383693045562
-0.19544364508393283
-0.19568345323741004
-0.19592326139088728
-0.19616306954436447
-0.20071942446043162
-0.20095923261390886
-0.2031175059952038
-0.36187050359712225
-0.3621103117505995
-0.005035971223021582
-0.14196642685851318
-0.14340527577937648
-0.19112709832134292
-0.19136690647482013
-0.19208633093525176
-0.192326139088729
-0.2002398081534772
-0.20047961630695443
-0.20359712230215826
-0.20383693045563547
-0.20407673860911268
-0.2043165467625899
-0.20455635491606713
-0.21678657074340527
-0.21702637889688248
-0.21966426858513186
-0.2199040767386091
-0.2201438848920863
-0.22038369304556354
-0.2227817745803357
-0.22302158273381292
-0.22613908872901675
-0.25227817745803355
-0.3357314148681055
-0.3359712230215827
-0.33645083932853714
-0.3366906474820144
-0.33693045563549157
-0.3371702637889688
-0.337410071942446
-0.33788968824940047
-0.33812949640287765
-0.3589928057553956
-0.35923261390887284
-0.3594724220623501
-0.3597122302158273
-0.3599520383693045
-0.36019184652278174
-0.360431654676259
-0.36067146282973617
-0.3609112709832134
-0.3611510791366906
-0.36139088729016783
-0.361630695443645
-0.37098321342925655
-0.3712230215827338
-0.37146282973621103
-0.3717026378896882
-0.37194244604316545
-0.3721822541966427
-0.3724220623501198
-0.37266187050359706
-0.3729016786570743
-0.37314148681055154
-0.3733812949640287
-0.37362110311750596
-0.3738609112709832
-0.37410071942446044
-0.3743405275779376
-0.3745803357314148
-0.37482014388489204
-0.3750599520383693
-0.37529976019184647
-0.3755395683453237
-0.37577937649880094
-0.3760191846522782
-0.37625899280575537
-0.04532374100719424
-0.045803357314148675
-0.04604316546762589
-0.1302158273381295
-0.13189448441247
-0.13213429256594722
-0.1369304556354916
-0.13764988009592324
-0.13788968824940048
-0.1381294964028777
-0.13836930455635488
-0.13860911270983212
-0.13884892086330933
-0.13908872901678657
-0.13932853717026378
-0.139568345323741
-0.14004796163069544
-0.14076738609112707
-0.1410071942446043
-0.14124700239808152
-0.14148681055155876
-0.1422062350119904
-0.1424460431654676
-0.14268585131894485
-0.14292565947242203
-0.14316546762589927
-0.14340527577937648
-0.14364508393285372
-0.14436450839328535
-0.1683453237410072
-0.1685851318944844
-0.18009592326139087
-0.18033573141486808
-0.1805755395683453
-0.1808153477218225
-0.18105515587529974
-0.18129496402877696
-0.1815347721822542
-0.22541966426858512
-0.22565947242206233
-0.022302158273381292
-0.02254196642685851
-0.02278177458033573
-0.026378896882494
-0.05587529976019184
-0.05611510791366906
-0.05635491606714628
-0.05659472422062349
-0.1306954436450839
-0.13093525179856114
-0.1314148681055156
-0.1316546762589928
-0.13189448441247
-0.13213429256594722
-0.13741007194244603
-0.13764988009592324
-0.13788968824940048
-0.1381294964028777
-0.13860911270983212
-0.13884892086330933
-0.13908872901678657
-0.13932853717026378
-0.139568345323741
-0.1398081534772182
-0.14004796163069544
-0.1405275779376499
-0.14076738609112707
-0.14196642685851318
-0.14412470023980814
-0.14436450839328535
-0.1446043165467626
-0.1448441247002398
-0.14964028776978414
-0.16978417266187049
-0.1700239808153477
-0.17026378896882494
-0.17817745803357313
-0.17865707434052755
-0.1788968824940048
-0.179136690647482
-0.17937649880095924
-0.17961630695443642
-0.17985611510791366
-0.18009592326139087
-0.18033573141486808
-0.1805755395683453
-0.1808153477218225
-0.22470023980815346
-0.2330935251798561
-0.5609112709832134
-0.1302158273381295
-0.13045563549160671
-0.1306954436450839
-0.13117505995203835
-0.1314148681055156
-0.1316546762589928
-0.13189448441247
-0.13213429256594722
-0.13285371702637888
-0.1330935251798561
-0.13741007194244603
-0.13764988009592324
-0.13788968824940048
-0.1381294964028777
-0.13836930455635488
-0.13860911270983212
-0.13884892086330933
-0.13932853717026378
-0.139568345323741
-0.1398081534772182
-0.1446043165467626
-0.1448441247002398
-0.145083932853717
-0.14532374100719422
-0.14556354916067146
-0.14988009592326137
-0.1501199040767386
-0.16642685851318942
-0.16666666666666666
-0.1683453237410072
-0.1685851318944844
-0.1688249400479616
-0.16906474820143882
-0.16930455635491606
-0.16954436450839325
-0.16978417266187049
-0.1700239808153477
-0.17026378896882494
-0.17050359712230215
-0.17074340527577936
-0.17434052757793764
-0.17458033573141485
-0.1748201438848921
-0.17505995203836927
-0.1752997601918465
-0.18009592326139087
-0.18033573141486808
-0.1805755395683453
-0.1808153477218225
-0.18105515587529974
-0.18129496402877696
-0.19304556354916064
-0.19328537170263788
-0.24316546762589925
-0.2436450839328537
-0.24388489208633093
-0.9935251798561151
-0.9942446043165466
-0.023501199040767386
-0.0237410071942446
-0.02398081534772182
-0.02422062350119904
-0.024460431654676255
-0.024700239808153474
-0.13741007194244603
-0.13764988009592324
-0.13788968824940048
-0.1381294964028777
-0.13836930455635488
-0.13860911270983212
-0.13884892086330933
-0.13908872901678657
-0.1410071942446043
-0.14124700239808152
-0.14148681055155876
-0.14268585131894485
-0.14364508393285372
-0.14556354916067146
-0.1633093525179856
-0.16354916067146283
-0.16378896882494004
-0.16402877697841725
-0.16426858513189446
-0.1645083932853717
-0.1647482014388489
-0.17074340527577936
-0.224220623501199
-0.22589928057553957
-0.22613908872901675
-0.22949640287769782
-0.22973621103117503
-0.2486810551558753
-0.29208633093525177
-0.29232613908872895
-0.303357314148681
-0.30359712230215824
-0.3038369304556354
-0.30407673860911266
-0.3043165467625899
-0.30455635491606714
-0.3047961630695443
-0.30503597122302156
-0.3052757793764988
-0.30551558752997604
-0.30575539568345317
-0.3059952038369304
-0.13405275779376497
-0.13429256594724218
-0.13453237410071942
-0.13477218225419663
-0.13501199040767384
-0.13525179856115105
-0.1354916067146283
-0.1357314148681055
-0.13597122302158274
-0.13621103117505992
-0.14004796163069544
-0.14028776978417265
-0.1405275779376499
-0.14076738609112707
-0.1410071942446043
-0.14124700239808152
-0.14364508393285372
-0.14388489208633093
-0.14412470023980814
-0.14436450839328535
-0.1448441247002398
-0.16235011990407672
-0.16282973621103114
-0.16306954436450838
-0.1633093525179856
-0.16354916067146283
-0.16378896882494004
-0.1661870503597122
-0.16642685851318942
-0.16666666666666666
-0.16690647482014387
-0.1671462829736211
-0.1673860911270983
-0.18273381294964028
-0.20239808153477218
-0.2026378896882494
-0.2028776978417266
-0.2031175059952038
-0.20335731414868105
-0.20359712230215826
-0.20383693045563547
-0.20407673860911268
-0.21199040767386088
-0.21294964028776975
-0.213189448441247
-0.2134292565947242
-0.2911270983213429
-0.30359712230215824
-0.3038369304556354
-0.13117505995203835
-0.1316546762589928
-0.13189448441247
-0.13213429256594722
-0.13237410071942446
-0.13261390887290167
-0.13285371702637888
-0.1330935251798561
-0.13333333333333333
-0.13357314148681054
-0.13381294964028778
-0.13405275779376497
-0.14004796163069544
-0.14028776978417265
-0.1405275779376499
-0.14076738609112707
-0.1410071942446043
-0.14316546762589927
-0.14340527577937648
-0.14364508393285372
-0.14388489208633093
-0.14412470023980814
-0.14436450839328535
-0.1446043165467626
-0.14604316546762589
-0.20239808153477218
-0.2026378896882494
-0.2028776978417266
-0.2031175059952038
-0.20335731414868105
-0.20359712230215826
-0.22877697841726616
-0.2290167865707434
-0.2513189448441247
-0.290167865707434
-0.2904076738609112
-0.2913669064748201
-0.29160671462829735
-0.2918465227817746
-0.30359712230215824
-0.3038369304556354
-0.30455635491606714
-0.3047961630695443
-0.30503597122302156
-0.14196642685851318
-0.14292565947242203
-0.14316546762589927
-0.14340527577937648
-0.14364508393285372
-0.14388489208633093
-0.1448441247002398
-0.145083932853717
-0.1645083932853717
-0.1647482014388489
-0.16498800959232612
-0.16522781774580333
-0.16546762589928055
-0.16570743405275778
-0.19184652278177455
-0.19208633093525176
-0.192326139088729
-0.19256594724220621
-0.20695443645083933
-0.20719424460431654
-0.20743405275779372
