0.14208598419124738
0.14227877385772125
0.14247156352419513
0.142664353190669
0.14285714285714288
0.14304993252361675
0.14324272219009063
0.1434355118565645
0.14401388085598613
0.14459224985540775
0.1449778291883555
0.1451706188548294
0.14536340852130328
0.346443030653557
0.3649508386350492
0.3664931559668402
0.3666859456333141
0.36687873529978793
0.36707152496626183
0.36726431463273573
0.3674571042992096
0.14170040485829963
0.1418931945247735
0.30152303836514366
0.30171582803161756
0.30383651436283016
0.3042220936957779
0.3044148833622518
0.32138037401195296
0.36861384229805283
0.36880663196452673
0.3689994216310006
0.37034894929631773
0.5542702911123965
0.6340852130325815
0.6980913823019087
0.6982841719683825
0.6984769616348564
0.6986697513013304
0.6988625409678042
0.699055330634278
0.6992481203007519
0.6994409099672259
0.6996336996336997
0.25544630807788704
0.25563909774436094
0.30229419703103916
0.3028725660304608
0.37034894929631773
0.3726624252940043
0.37324079429342594
0.3867360709465973
0.46963562753036436
0.5546558704453441
0.6344707923655293
0.6847888953152113
0.6849816849816851
0.685174474648159
0.6853672643146328
0.6855600539811068
0.6857528436475806
0.6859456333140544
0.6863312126470023
0.6946211683053789
0.6948139579718527
0.6950067476383267
0.6998264893001735
0.7000192789666474
0.7002120686331214
0.7004048582995952
0.700597647966069
0.7007904376325429
0.7009832272990169
0.7011760169654907
0.7013688066319645
0.7015615962984385
0.7017543859649124
0.7019471756313862
0.70213996529786
0.702332754964334
0.7025255446308079
0.7029111239637555
0.7031039136302295
0.7032967032967034
0.7034894929631772
0.703682282629651
0.703875072296125
0.7040678619625989
0.7042606516290727
0.7044534412955465
0.7046462309620205
0.7048390206284944
0.7050318102949682
0.7052245999614422
0.705417389627916
0.7056101792943898
0.7058029689608637
0.7059957586273377
0.7112010796221323
0.7113938692886062
0.7522652785810682
0.752458068247542
0.7526508579140159
0.7528436475804897
0.7530364372469637
0.7532292269134375
0.7534220165799114
0.7536148062463852
0.7538075959128592
0.754000385579333
0.7541931752458069
0.7543859649122808
0.7545787545787547
0.7547715442452285
0.7549643339117024
0.7551571235781763
0.7553499132446502
0.755542702911124
0.7707730865625603
0.7709658762290341
0.7711586658955081
0.7713514555619819
0.7715442452284558
0.7717370348949296
0.7719298245614036
0.7721226142278774
0.7723154038943513
0.7725081935608251
0.7727009832272991
0.7728937728937729
0.7730865625602468
0.7732793522267206
0.7734721418931946
0.7736649315596684
0.7738577212261423
0.7740505108926162
0.7746288798920379
0.7748216695585117
0.7750144592249857
0.7752072488914595
0.7754000385579334
0.8014266435319067
0.8016194331983806
0.8018122228648544
0.8060535955272797
0.25563909774436094
0.2558318874108348
0.3452862926547137
0.3454790823211876
0.34567187198766147
0.36630036630036633
0.3664931559668402
0.37227684596105654
0.37324079429342594
0.3867360709465973
0.5191825718141508
0.5542702911123965
0.5544630807788703
0.5546558704453441
0.6340852130325815
0.683632157316368
0.6838249469828418
0.6840177366493156
0.6842105263157896
0.7173703489492964
0.7175631386157703
0.7214189319452479
0.7216117216117217
0.7218045112781956
0.7219973009446694
0.7221900906111434
0.7223828802776172
0.7225756699440911
0.7227684596105649
0.7229612492770389
0.7231540389435127
0.7235396182764604
0.7237324079429344
0.7239251976094082
0.7241179872758821
0.724310776942356
0.7245035666088299
0.7246963562753037
0.7248891459417776
0.7250819356082515
0.7252747252747254
0.7254675149411992
0.7256603046076731
0.725853094274147
0.7260458839406209
0.7262386736070947
0.7316367842683633
0.7318295739348372
0.732022363601311
0.7324079429342588
0.7326007326007327
0.7327935222672065
0.7329863119336804
0.7782918835550415
0.7784846732215154
0.7786774628879893
0.7788702525544632
0.779063042220937
0.7792558318874109
0.8243686138422982
0.964141122035859
0.2535184114131483
0.3279352226720648
0.32832080200501257
0.33718912666281087
0.36630036630036633
0.4962406015037594
0.4964333911702333
0.5085791401580876
0.5087719298245614
0.5089647194910354
0.5095430884904569
0.5191825718141508
0.5193753614806247
0.5195681511470985
0.5257374204742626
0.6901870059764798
0.7798342008868325
0.7800269905533065
0.7802197802197803
0.7804125698862542
0.780605359552728
0.780798149219202
0.7809909388856758
0.7811837285521497
0.7813765182186235
0.3402737613263929
0.34046655099286677
0.3410449199922884
0.42413726624252945
0.4243300559090033
0.4245228455754772
0.42471563524195105
0.42490842490842495
0.45093502988239836
0.4511278195488722
0.5093502988239831
0.5099286678234047
0.5103142471563524
0.5261229998072103
0.5263157894736842
0.5265085791401581
0.526701368806632
0.5268941584731058
0.5270869481395797
0.5272797378060536
0.5274725274725275
0.5436668594563332
0.543859649122807
0.544052438789281
0.5442452284557548
0.545401966454598
0.545594756121072
0.5457875457875458
0.5459803354540197
0.5461731251204935
0.5463659147869675
0.5465587044534413
0.5511856564488143
0.5513784461152883
0.5515712357817621
0.7738577212261423
0.7811837285521497
0.440524387892809
0.4407171775592829
0.5091575091575092
0.542317331791016
0.5425101214574899
0.5427029111239638
0.5428957007904377
0.5430884904569115
0.5452091767881242
0.545594756121072
0.5837671100828996
0.5839598997493735
0.5843454790823213
0.7476383265856951
0.747831116252169
0.7534220165799114
0.7536148062463852
0.7538075959128592
0.754000385579333
0.8257181415076154
0.2662425294004242
0.32909196067090807
0.33391170233275497
0.4033159822633507
0.4035087719298246
0.40370156159629844
0.41758241758241765
0.4177752072488915
0.4179679969153654
0.41816078658183925
0.5425101214574899
0.5427029111239638
0.5428957007904377
0.5430884904569115
0.5432812801233854
0.5434740697898593
0.5436668594563332
0.5666088297667246
0.5907075380759591
0.7275882012724119
0.7277809909388857
0.7279737806053597
0.7281665702718335
0.7283593599383074
0.7486022749180645
0.7487950645845384
0.7489878542510122
0.7491806439174861
0.74937343358396
0.7495662232504339
0.7497590129169077
0.7499518025833816
0.2662425294004242
0.3529978793136688
0.36880663196452673
0.3689994216310006
0.41507615191825725
0.4152689415847311
0.41584731058415275
0.41604010025062665
0.4243300559090033
0.4245228455754772
0.42471563524195105
0.42490842490842495
0.4763832658569501
0.476576055523424
0.47676884518989787
0.4769616348563718
0.4771544245228456
0.4773472141893195
0.47754000385579337
0.4777327935222673
0.4779255831887411
0.4923848081742819
0.4925775978407558
0.5047233468286101
0.5932138037401197
0.5934065934065935
0.5935993830730674
0.5937921727395412
0.5939849624060152
0.6913437439753229
0.6915365336417969
0.6917293233082707
0.6919221129747446
0.263350684403316
0.2662425294004242
0.41565452091767885
0.41584731058415275
0.41604010025062665
0.4162328899171005
0.4164256795835744
0.41661846925004825
0.4220165799113168
0.42220936957779065
0.42240215924426455
0.4225949489107384
0.4227877385772123
0.4229805282436862
0.42317331791016005
0.42336610757663395
0.4251012145748988
0.4779255831887411
0.478118372855215
0.5047233468286101
0.5049161364950839
0.5051089261615578
0.5935993830730674
0.5937921727395412
0.6034316560632351
0.6905725853094274
0.6907653749759014
0.6909581646423752
0.6911509543088491
0.6917293233082707
0.6919221129747446
0.26373626373626374
0.30055909003277426
0.30075187969924816
0.300944669365722
0.3192596876807403
0.3194524773472142
0.3196452670136881
0.31983805668016196
0.49142085984191247
0.4916136495083864
0.4918064391748603
0.4919992288413341
0.492192018507808
0.4923848081742819
0.4925775978407558
0.5024098708309236
0.5026026604973974
0.5027954501638713
0.5029882398303451
-0.18160786581839214
-0.2641218430692115
-0.296317717370349
-0.29747445536919226
-0.2976672450356661
-0.29998072103335266
-0.3001735106998265
-0.300944669365722
-0.3011374590321959
-0.30133024869866976
-0.30152303836514366
-0.30171582803161756
-0.3977250819356083
-0.39868903026797764
-0.4002313475997687
-0.40042413726624254
-0.40061692693271644
-0.5022170811644496
-0.5024098708309236
-0.5027954501638713
-0.5103142471563524
-0.5106998264893002
-0.5108926161557741
-0.5110854058222479
-0.30055909003277426
-0.3019086176980914
-0.40119529593213804
-0.40138808559861194
-0.4015808752650858
-0.4017736649315597
-0.40196645459803354
-0.40215924426450744
-0.42664353190668985
-0.4268363215731637
-0.4270291112396376
-0.42722190090611145
-0.4278002699055331
-0.49527665317139
-0.4954694428378639
-0.4956622325043378
-0.4958550221708117
-0.4960478118372855
-0.5105070368228264
-0.5106998264893002
-0.5110854058222479
-0.013688066319645267
-0.013880855986119146
-0.21592442645074225
-0.21611721611721613
-0.21631000578369
-0.2893772893772894
-0.28957007904376325
-0.28976286871023715
-0.289955658376711
-0.299402352033931
-0.2995951417004049
-0.29978793136687876
-0.29998072103335266
-0.3001735106998265
-0.3003663003663004
-0.30055909003277426
-0.30075187969924816
-0.300944669365722
-0.3011374590321959
-0.30133024869866976
-0.3998457682668209
-0.4000385579332948
-0.4002313475997687
-0.40042413726624254
-0.40061692693271644
-0.4008097165991903
-0.4010025062656642
-0.40119529593213804
-0.40138808559861194
-0.4015808752650858
-0.4017736649315597
-0.42548679390784655
-0.42567958357432045
-0.4941199151725468
-0.4943127048390206
-0.4945054945054945
-0.49469828417196837
-0.4948910738384423
-0.4950838635049162
-0.49527665317139
-0.4985540775014459
-0.4987468671679198
-0.5078079814921921
-0.5080007711586659
-0.5093502988239831
-0.5097358781569309
-0.5099286678234047
-0.5101214574898786
-0.006747638326585695
-0.016194331983805668
-0.016387121650279547
-0.01657991131675342
-0.029496818970503186
-0.029689608636977064
-0.02988239830345094
-0.06497011760169655
-0.06516290726817044
-0.06535569693464431
-0.06728359359938309
-0.06747638326585696
-0.06766917293233084
-0.15365336417967998
-0.15384615384615385
-0.25371120107962214
-0.25390399074609604
-0.25409678041256994
-0.2542895700790438
-0.2544823597455177
-0.2810873337189127
-0.2812801233853866
-0.28147291305186045
-0.28166570271833435
-0.2870638133796029
-0.28725660304607675
-0.28744939271255066
-0.2876421823790245
-0.2878349720454984
-0.28802776171197225
-0.28822055137844615
-0.28841334104492
-0.2886061307113939
-0.29651050703682286
-0.29670329670329676
-0.30152303836514366
-0.31174089068825916
-0.311933680354733
-0.3121264700212069
-0.31231925968768076
-0.31251204935415466
-0.32311548101021786
-0.32330827067669177
-0.32542895700790436
-0.3296703296703297
-0.32986311933680357
-0.33005590900327747
-0.3302486986697513
-0.3304414883362252
-0.3321765953344901
-0.33236938500096397
-0.33256217466743787
-0.3327549643339117
-0.3342972816657028
-0.3344900713321766
-0.3346828609986505
-0.33487565066512437
-0.3352612299980721
-0.335454019664546
-0.33564680933101987
-0.33583959899749377
-0.3360323886639676
-0.3362251783304415
-0.33641796799691537
-0.33661075766338927
-0.3368035473298631
-0.336996336996337
-0.33718912666281087
-0.33738191632928477
-0.3375747059957586
-0.3377674956622325
-0.3379602853287064
-0.33815307499518027
-0.33834586466165417
-0.338538654328128
-0.3387314439946019
-0.33892423366107577
-0.33911702332754967
-0.3393098129940235
-0.3395026026604974
-0.33969539232697127
-0.33988818199344517
-0.340080971659919
-0.3402737613263929
-0.34046655099286677
-0.34065934065934067
-0.3408521303258145
-0.3410449199922884
-0.3412377096587623
-0.34143049932523617
-0.3416232889917101
-0.341816078658184
-0.3420088683246578
-0.3422016579911317
-0.3423944476576056
-0.3425872373240795
-0.3427800269905534
-0.3429728166570272
-0.3431656063235011
-0.343358395989975
-0.3435511856564489
-0.3437439753229227
-0.3439367649893966
-0.3441295546558705
-0.3936764989396569
-0.39386928860613074
-0.39483323693850014
-0.3984962406015038
-0.39868903026797764
-0.39888181993445154
-0.3990746096009254
-0.3992673992673993
-0.39946018893387314
-0.39965297860034704
-0.3998457682668209
-0.41989589358010415
-0.42008868324657805
-0.4202814729130519
-0.4204742625795258
-0.42066705224599965
-0.42085984191247355
-0.4220165799113168
-0.42240215924426455
-0.4225949489107384
-0.4227877385772123
-0.4970117601696549
-0.4972045498361288
-0.4977829188355504
-0.4979757085020243
-0.4981684981684982
-0.4983612878349721
-0.4985540775014459
-0.4987468671679198
-0.4989396568343937
-0.4991324465008676
-0.5072296124927704
-0.5074224021592443
-0.5076151918257182
-0.5078079814921921
-0.5080007711586659
-0.5081935608251399
-0.5648737227684597
-0.5650665124349336
-0.9047619047619049
-0.9049546944283787
-0.9051474840948526
-0.9053402737613265
-0.9055330634278004
-0.029689608636977064
-0.02988239830345094
-0.030075187969924814
-0.030267977636398692
-0.0645845382687488
-0.06477732793522267
-0.06497011760169655
-0.06516290726817044
-0.06535569693464431
-0.06554848660111819
-0.06612685560053981
-0.06631964526701369
-0.06651243493348757
-0.06670522459996145
-0.06689801426643532
-0.0670908039329092
-0.06728359359938309
-0.06747638326585696
-0.06766917293233084
-0.25371120107962214
-0.25390399074609604
-0.25409678041256994
-0.2542895700790438
-0.2544823597455177
-0.26200115673799884
-0.26219394640447274
-0.2799305957200694
-0.2801233853865433
-0.28031617505301715
-0.28050896471949105
-0.2807017543859649
-0.2808945440524388
-0.2810873337189127
-0.2812801233853866
-0.28147291305186045
-0.28744939271255066
-0.2876421823790245
-0.2961249277038751
-0.296317717370349
-0.29651050703682286
-0.29670329670329676
-0.2968960863697706
-0.2970888760362445
-0.31116252168883746
-0.3113553113553114
-0.31154810102178526
-0.31174089068825916
-0.311933680354733
-0.3121264700212069
-0.31231925968768076
-0.31251204935415466
-0.3127048390206285
-0.3128976286871024
-0.3130904183535763
-0.31328320802005016
-0.31347599768652407
-0.32157316367842687
-0.32735685367264317
-0.32754964333911707
-0.3281280123385387
-0.3314054366685946
-0.33159822633506847
-0.33179101600154237
-0.3319838056680162
-0.3321765953344901
-0.33236938500096397
-0.33256217466743787
-0.3327549643339117
-0.3329477540003856
-0.33314054366685947
-0.33333333333333337
-0.3335261229998072
-0.3337189126662811
-0.3342972816657028
-0.3344900713321766
-0.33487565066512437
-0.33506844033159827
-0.3352612299980721
-0.335454019664546
-0.33564680933101987
-0.3362251783304415
-0.33641796799691537
-0.33661075766338927
-0.336996336996337
-0.33718912666281087
-0.33738191632928477
-0.3375747059957586
-0.3377674956622325
-0.3379602853287064
-0.33815307499518027
-0.340080971659919
-0.3402737613263929
-0.34046655099286677
-0.34065934065934067
-0.3408521303258145
-0.3410449199922884
-0.3412377096587623
-0.34143049932523617
-0.3416232889917101
-0.341816078658184
-0.3420088683246578
-0.3422016579911317
-0.3423944476576056
-0.3425872373240795
-0.3427800269905534
-0.3429728166570272
-0.3435511856564489
-0.3441295546558705
-0.3443223443223444
-0.3445151339888182
-0.344900713321766
-0.3452862926547137
-0.3676498939656835
-0.36784268363215733
-0.36803547329863123
-0.3682282629651051
-0.368421052631579
-0.36861384229805283
-0.36880663196452673
-0.3689994216310006
-0.3691922112974745
-0.380952380952381
-0.38114517061885483
-0.38133796028532874
-0.3815307499518026
-0.3817235396182765
-0.38210911895122424
-0.38230190861769814
-0.393483709273183
-0.4202814729130519
-0.4204742625795258
-0.4218237902448429
-0.4220165799113168
-0.42220936957779065
-0.42240215924426455
-0.4225949489107384
-0.4966261808367072
-0.4970117601696549
-0.4972045498361288
-0.4983612878349721
-0.5066512434933488
-0.5068440331598227
-0.5070368228262966
-0.5072296124927704
-0.5074224021592443
-0.5076151918257182
-0.5078079814921921
-0.5380759591285907
-0.5382687487950647
-0.5384615384615385
-0.9037979564295354
-0.9039907460960094
-0.9041835357624832
-0.9043763254289571
-0.904569115095431
-0.9047619047619049
-0.9049546944283787
-0.9051474840948526
-0.9053402737613265
-0.06400616926932717
-0.06419895893580105
-0.06439174860227492
-0.0645845382687488
-0.06477732793522267
-0.06497011760169655
-0.06516290726817044
-0.06535569693464431
-0.06554848660111819
-0.06574127626759206
-0.06593406593406594
-0.06612685560053981
-0.06631964526701369
-0.06651243493348757
-0.06670522459996145
-0.06689801426643532
-0.0670908039329092
-0.12685560053981107
-0.12897628687102372
-0.30171582803161756
-0.3019086176980914
-0.3021014073645653
-0.30229419703103916
-0.3109697320223636
-0.31231925968768076
-0.31251204935415466
-0.3127048390206285
-0.3128976286871024
-0.3130904183535763
-0.31328320802005016
-0.31347599768652407
-0.33159822633506847
-0.33314054366685947
-0.33333333333333337
-0.3335261229998072
-0.3337189126662811
-0.33391170233275497
-0.33410449199922887
-0.3342972816657028
-0.336996336996337
-0.33718912666281087
-0.33738191632928477
-0.3375747059957586
-0.343358395989975
-0.3435511856564489
-0.3437439753229227
-0.3439367649893966
-0.3441295546558705
-0.3443223443223444
-0.3445151339888182
-0.3474069789859264
-0.347985347985348
-0.3481781376518219
-0.3483709273182958
-0.3485637169847696
-0.3489492963177174
-0.3593599383073068
-0.35955272797378063
-0.35974551764025453
-0.3599383073067284
-0.36398689030267983
-0.3641796799691537
-0.3643724696356276
-0.36456525930210143
-0.36475804896857533
-0.37131289762868713
-0.371505687295161
-0.380952380952381
-0.38114517061885483
-0.38133796028532874
-0.3815307499518026
-0.3817235396182765
-0.3819163292847504
-0.38210911895122424
-0.38230190861769814
-0.382494698284172
-0.3826874879506459
-0.38288027761711974
-0.38307306728359364
-0.3832658569500675
-0.4966261808367072
-0.5060728744939272
-0.5062656641604011
-0.5064584538268749
-0.5066512434933488
-0.5068440331598227
-0.5070368228262966
-0.5072296124927704
-0.5074224021592443
-0.9036051667630616
-0.9037979564295354
-0.9039907460960094
-0.9041835357624832
-0.9043763254289571
-0.13938692886061307
-0.13957971852708695
-0.13977250819356082
-0.1399652978600347
-0.1754385964912281
-0.2390591864276075
-0.2392519760940814
-0.23944476576055526
-0.23963755542702914
-0.239830345093503
-0.24002313475997689
-0.24021592442645076
-0.3011374590321959
-0.30133024869866976
-0.30152303836514366
-0.30171582803161756
-0.3019086176980914
-0.3021014073645653
-0.30229419703103916
-0.30248698669751306
-0.30576441102756896
-0.3059572006940428
-0.3061499903605167
-0.30634278002699056
-0.33179101600154237
-0.3319838056680162
-0.33236938500096397
-0.33256217466743787
-0.3327549643339117
-0.3329477540003856
-0.33314054366685947
-0.33333333333333337
-0.3335261229998072
-0.3337189126662811
-0.33391170233275497
-0.33410449199922887
-0.3342972816657028
-0.3344900713321766
-0.3346828609986505
-0.33487565066512437
-0.335454019664546
-0.33564680933101987
-0.33583959899749377
-0.3362251783304415
-0.33641796799691537
-0.33661075766338927
-0.3368035473298631
-0.336996336996337
-0.33718912666281087
-0.3387314439946019
-0.33892423366107577
-0.33911702332754967
-0.3393098129940235
-0.3395026026604974
-0.33969539232697127
-0.341816078658184
-0.3420088683246578
-0.3422016579911317
-0.3423944476576056
-0.3425872373240795
-0.3427800269905534
-0.3429728166570272
-0.3431656063235011
-0.343358395989975
-0.3437439753229227
-0.3439367649893966
-0.3441295546558705
-0.3443223443223444
-0.3445151339888182
-0.3447079236552921
-0.344900713321766
-0.3450935029882399
-0.3452862926547137
-0.3454790823211876
-0.34567187198766147
-0.3458646616541354
-0.3460574513206093
-0.3462502409870831
-0.346443030653557
-0.3466358203200309
-0.3468286099865048
-0.3470213996529786
-0.3472141893194525
-0.3474069789859264
-0.3475997686524003
-0.3477925583188741
-0.347985347985348
-0.3481781376518219
-0.3483709273182958
-0.3485637169847696
-0.3489492963177174
-0.3491420859841913
-0.3493348756506652
-0.349527665317139
-0.3497204549836129
-0.3499132446500868
-0.3501060343165607
-0.3502988239830345
-0.3504916136495084
-0.3506844033159823
-0.3508771929824562
-0.35106998264893
-0.3543474069789859
-0.3545401966454598
-0.3547329863119337
-0.3549257759784076
-0.3553113553113553
-0.3555041449778292
-0.3556969346443031
-0.3566608829766725
-0.35820320030846353
-0.3585887796414113
-0.3591671486408329
-0.3593599383073068
-0.3624445729708888
-0.3626373626373627
-0.36283015230383653
-0.36302294197031043
-0.3632157316367843
-0.3634085213032582
-0.36360131096973203
-0.36379410063620593
-0.36398689030267983
-0.3641796799691537
-0.3643724696356276
-0.36456525930210143
-0.36475804896857533
-0.3649508386350492
-0.3651436283015231
-0.36533641796799693
-0.36552920763447083
-0.3659147869674186
-0.36610757663389243
-0.36630036630036633
-0.3664931559668402
-0.3666859456333141
-0.36726431463273573
-0.3674571042992096
-0.3676498939656835
-0.36784268363215733
-0.36803547329863123
-0.3682282629651051
-0.36957779063042223
-0.3697705802968961
-0.36996336996337
-0.37015615962984383
-0.37034894929631773
-0.37054173896279163
-0.3707345286292655
-0.37131289762868713
-0.37401195295932144
-0.3742047426257953
-0.37478311162521694
-0.3749759012916908
-0.3751686909581647
-0.3753614806246386
-0.37555427029111244
-0.37574705995758634
-0.5428957007904377
-0.5430884904569115
-0.5432812801233854
-0.5434740697898593
-0.5436668594563332
-0.7757856178908812
-0.775978407557355
-0.7761711972238289
-0.7763639868903027
-0.7765567765567767
-0.7767495662232505
-0.7769423558897244
-0.7771351455561983
-0.7773279352226722
-0.777520724889146
-0.17486022749180646
-0.17505301715828034
-0.1752458068247542
-0.1754385964912281
-0.17563138615770196
-0.17582417582417584
-0.1760169654906497
-0.18257181415076154
-0.286871023713129
-0.29805282436861386
-0.29824561403508776
-0.29843840370156166
-0.2986311933680355
-0.2988239830345094
-0.29901677270098326
-0.29920956236745716
-0.299402352033931
-0.2995951417004049
-0.29978793136687876
-0.30075187969924816
-0.300944669365722
-0.3011374590321959
-0.30133024869866976
-0.30152303836514366
-0.30171582803161756
-0.3019086176980914
-0.3021014073645653
-0.30229419703103916
-0.30248698669751306
-0.3026797763639869
-0.30634278002699056
-0.3192596876807403
-0.3194524773472142
-0.33236938500096397
-0.33256217466743787
-0.3327549643339117
-0.3329477540003856
-0.33314054366685947
-0.33333333333333337
-0.3335261229998072
-0.3337189126662811
-0.33391170233275497
-0.33410449199922887
-0.3342972816657028
-0.3344900713321766
-0.3346828609986505
-0.33487565066512437
-0.33506844033159827
-0.3352612299980721
-0.335454019664546
-0.33564680933101987
-0.33583959899749377
-0.3360323886639676
-0.3362251783304415
-0.33641796799691537
-0.33661075766338927
-0.3368035473298631
-0.336996336996337
-0.33718912666281087
-0.33738191632928477
-0.3422016579911317
-0.3423944476576056
-0.3425872373240795
-0.3427800269905534
-0.3429728166570272
-0.343358395989975
-0.3437439753229227
-0.3439367649893966
-0.3441295546558705
-0.3443223443223444
-0.3445151339888182
-0.3447079236552921
-0.344900713321766
-0.3450935029882399
-0.3452862926547137
-0.3454790823211876
-0.34567187198766147
-0.3458646616541354
-0.3460574513206093
-0.3462502409870831
-0.346443030653557
-0.3466358203200309
-0.3468286099865048
-0.3470213996529786
-0.3475997686524003
-0.3483709273182958
-0.349527665317139
-0.3497204549836129
-0.3499132446500868
-0.3501060343165607
-0.3502988239830345
-0.3504916136495084
-0.3506844033159823
-0.3508771929824562
-0.35106998264893
-0.3512627723154039
-0.3514555619818778
-0.3516483516483517
-0.3518411413148255
-0.3520339309812994
-0.3522267206477733
-0.3524195103142472
-0.3526122999807211
-0.3528050896471949
-0.3529978793136688
-0.3531906689801427
-0.3533834586466166
-0.35723925197609413
-0.35878156930788513
-0.3593599383073068
-0.35955272797378063
-0.35974551764025453
-0.3599383073067284
-0.3601310969732023
-0.3603238866396761
-0.3610950453055717
-0.3618662039714672
-0.36205899363794103
-0.36225178330441493
-0.3624445729708888
-0.3626373626373627
-0.36283015230383653
-0.36302294197031043
-0.3632157316367843
-0.3634085213032582
-0.36360131096973203
-0.36379410063620593
-0.36398689030267983
-0.3641796799691537
-0.3643724696356276
-0.36456525930210143
-0.36475804896857533
-0.3649508386350492
-0.3651436283015231
-0.36533641796799693
-0.36552920763447083
-0.3657219973009447
-0.3659147869674186
-0.36610757663389243
-0.36630036630036633
-0.3664931559668402
-0.17563138615770196
-0.18353576248313092
-0.18392134181607867
-0.20840562945826108
-0.2870638133796029
-0.28725660304607675
-0.28744939271255066
-0.29920956236745716
-0.299402352033931
-0.2995951417004049
-0.29978793136687876
-0.29998072103335266
-0.3423944476576056
-0.3425872373240795
-0.3427800269905534
-0.343358395989975
-0.3435511856564489
-0.3437439753229227
-0.3439367649893966
-0.3441295546558705
-0.3443223443223444
-0.3445151339888182
-0.3447079236552921
-0.344900713321766
-0.3450935029882399
-0.3452862926547137
-0.3454790823211876
-0.34567187198766147
-0.3458646616541354
-0.3460574513206093
-0.3462502409870831
-0.3477925583188741
-0.3481781376518219
-0.3483709273182958
-0.3485637169847696
-0.3487565066512435
-0.3491420859841913
-0.3522267206477733
-0.3524195103142472
-0.3526122999807211
-0.3528050896471949
-0.3529978793136688
-0.3531906689801427
-0.3533834586466166
-0.3535762483130904
-0.3537690379795643
-0.3539618276460382
-0.3541546173125121
-0.3543474069789859
-0.3545401966454598
-0.3568536726431463
-0.3570464623096202
-0.35723925197609413
-0.35743204164256803
-0.3576248313090419
-0.3603238866396761
-0.36205899363794103
-0.36225178330441493
-0.36360131096973203
-0.36379410063620593
-0.36398689030267983
-0.3641796799691537
-0.3643724696356276
-0.36456525930210143
-0.36475804896857533
-0.3649508386350492
-0.3651436283015231
-0.36533641796799693
-0.36552920763447083
-0.3657219973009447
-0.3659147869674186
-0.36610757663389243
-0.36630036630036633
-0.36861384229805283
-0.36880663196452673
-0.3689994216310006
