0.09847161572052401
0.1967248908296943
0.19716157205240173
0.2724890829694323
0.36506550218340605
0.36550218340611346
0.6124454148471615
0.6126637554585153
0.612882096069869
0.6131004366812227
0.6133187772925764
0.6135371179039302
0.6137554585152838
0.6161572052401746
0.6163755458515283
0.6165938864628819
0.7539301310043667
0.8218340611353712
0.8220524017467249
0.8222707423580785
0.8224890829694322
0.822707423580786
0.8229257641921397
0.8231441048034934
0.8233624454148472
0.8235807860262009
0.8237991266375545
0.8240174672489082
0.824235807860262
0.8244541484716157
0.8246724890829694
0.8248908296943231
0.8251091703056768
0.039956331877729255
0.040611353711790386
0.28231441048034933
0.28253275109170306
0.28275109170305673
0.28296943231441046
0.2831877729257642
0.28340611353711787
0.3639737991266375
0.3641921397379912
0.3644104803493449
0.36462882096069865
0.3648471615720523
0.36506550218340605
0.3652838427947598
0.36550218340611346
0.3657205240174672
0.36615720524017464
0.3663755458515283
0.3991266375545851
0.39934497816593884
0.6131004366812227
0.6417030567685589
0.7537117903930131
0.7539301310043667
0.7541484716157204
0.7543668122270741
0.8783842794759824
0.8786026200873361
0.8788209606986899
0.19519650655021833
0.20436681222707423
0.2733624454148471
0.2836244541484716
0.2838427947598253
0.3004366812227074
0.35698689956331875
0.3572052401746725
0.3574235807860262
0.3576419213973799
0.3578602620087336
0.35807860262008734
0.3593886462882096
0.35960698689956333
0.359825327510917
0.36004366812227073
0.361353711790393
0.36550218340611346
0.3657205240174672
0.3659388646288209
0.36615720524017464
0.36703056768558945
0.36921397379912657
0.3694323144104803
0.46026200873362444
0.4604803493449781
0.48034934497816595
0.6137554585152838
0.7502183406113536
0.7504366812227073
0.7506550218340611
0.7508733624454147
0.7550218340611353
0.7552401746724889
0.7554585152838427
0.7556768558951964
0.7558951965065501
0.7561135371179039
0.8829694323144104
0.8831877729257641
0.08799126637554584
0.08820960698689956
0.16179039301310041
0.1779475982532751
0.1781659388646288
0.17838427947598254
0.17860262008733624
0.19781659388646286
0.20480349344978166
0.25873362445414844
0.25895196506550217
0.25917030567685584
0.25938864628820957
0.26135371179039296
0.2615720524017467
0.2617903930131004
0.2620087336244541
0.2622270742358078
0.2626637554585152
0.26288209606986895
0.2631004366812227
0.26331877729257636
0.2637554585152838
0.26397379912663754
0.2641921397379912
0.2650655021834061
0.2652838427947598
0.2661572052401746
0.26637554585152834
0.26659388646288207
0.2668122270742358
0.26703056768558947
0.2672489082969432
0.26746724890829693
0.2676855895196506
0.26790393013100433
0.2692139737991266
0.2694323144104803
0.3087336244541484
0.3561135371179039
0.3563318777292576
0.35655021834061135
0.3567685589519651
0.35698689956331875
0.3572052401746725
0.35851528384279474
0.35873362445414847
0.35895196506550214
0.35917030567685587
0.3593886462882096
0.35960698689956333
0.36069868995633186
0.3672489082969432
0.36921397379912657
0.3694323144104803
0.36965065502183403
0.3698689956331877
0.575764192139738
0.5759825327510917
0.5762008733624454
0.6126637554585153
0.612882096069869
0.6137554585152838
0.6139737991266375
0.6141921397379912
0.614410480349345
0.6146288209606987
0.6148471615720523
0.615065502183406
0.6172489082969431
0.6174672489082969
0.8399563318777291
0.8401746724890828
0.9242358078602619
0.9244541484716157
0.9246724890829694
0.9248908296943231
0.9251091703056767
0.9253275109170305
0.9255458515283842
0.9257641921397379
0.10371179039301309
0.20458515283842793
0.20480349344978166
0.23449781659388644
0.23471615720524017
0.2368995633187773
0.2563318777292576
0.2617903930131004
0.2620087336244541
0.2622270742358078
0.26244541484716155
0.2626637554585152
0.2631004366812227
0.26331877729257636
0.2635371179039301
0.2637554585152838
0.26397379912663754
0.2641921397379912
0.26441048034934495
0.2657205240174672
0.26593886462882094
0.2661572052401746
0.26637554585152834
0.26659388646288207
0.2668122270742358
0.26703056768558947
0.2672489082969432
0.26855895196506546
0.2687772925764192
0.26899563318777286
0.2692139737991266
0.30764192139737984
0.30786026200873357
0.3080786026200873
0.32183406113537116
0.32205240174672484
0.32270742358078597
0.3229257641921397
0.3563318777292576
0.35655021834061135
0.3567685589519651
0.35698689956331875
0.3572052401746725
0.3574235807860262
0.3576419213973799
0.3578602620087336
0.35807860262008734
0.358296943231441
0.35851528384279474
0.36812227074235804
0.36965065502183403
0.38558951965065497
0.3858078602620087
0.3875545851528384
0.3877729257641921
0.3879912663755458
0.38820960698689955
0.3884279475982532
0.38864628820960695
0.3888646288209607
0.38908296943231435
0.39061135371179034
0.4307860262008733
0.43100436681222704
0.4312227074235807
0.43296943231441043
0.5299126637554584
0.7246724890829694
0.7248908296943232
0.7251091703056768
0.922707423580786
0.9229257641921397
0.9231441048034934
0.9244541484716157
0.9246724890829694
0.9248908296943231
0.01965065502183406
0.02008733624454148
0.14366812227074235
0.14388646288209606
0.14410480349344978
0.15458515283842791
0.15480349344978164
0.15502183406113534
0.1561135371179039
0.22532751091703054
0.23078602620087335
0.24388646288209606
0.2441048034934498
0.2550218340611353
0.26288209606986895
0.2637554585152838
0.26397379912663754
0.2641921397379912
0.26441048034934495
0.2646288209606987
0.26484716157205235
0.2650655021834061
0.2652838427947598
0.2657205240174672
0.26593886462882094
0.2668122270742358
0.26703056768558947
0.2676855895196506
0.26790393013100433
0.26812227074235806
0.33340611353711785
0.3358078602620087
0.33668122270742357
0.33689956331877724
0.33711790393013097
0.33799126637554583
0.33820960698689956
0.33842794759825323
0.33864628820960696
0.3388646288209607
0.3888646288209607
0.38908296943231435
0.3893013100436681
0.3895196506550218
0.3897379912663755
0.3899563318777292
0.39017467248908294
0.39039301310043667
0.39061135371179034
0.3991266375545851
0.39934497816593884
0.40458515283842794
0.4200873362445414
0.42030567685589515
0.4209606986899563
0.4213973799126637
0.42227074235807854
0.4224890829694323
0.42270742358078595
0.4229257641921397
0.4231441048034934
0.4233624454148471
0.4281659388646288
0.42838427947598245
0.4286026200873362
0.4288209606986899
0.4290393013100436
0.4292576419213973
0.42947598253275104
0.4303493449781659
0.4305676855895196
0.4307860262008733
0.43100436681222704
0.4312227074235807
0.43187772925764184
0.43209606986899557
0.4323144104803493
0.432532751091703
0.43471615720524015
0.4349344978165938
0.43515283842794755
0.48078602620087335
0.4949781659388646
0.49519650655021835
0.5050218340611353
0.5052401746724889
0.5089519650655021
0.5091703056768558
0.5093886462882096
0.6137554585152838
0.6141921397379912
0.6388646288209606
0.6390829694323144
0.6393013100436681
0.6395196506550217
0.6580786026200872
0.6936681222707423
0.6943231441048034
0.6945414847161572
0.6947598253275109
0.8655021834061134
0.8657205240174671
0.8663755458515283
0.019432314410480347
0.01986899563318777
0.12183406113537118
0.1220524017467249
0.15414847161572048
0.1543668122270742
0.15458515283842791
0.15480349344978164
0.15655021834061134
0.16135371179039298
0.23056768558951962
0.24323144104803493
0.24366812227074236
0.24497816593886462
0.24519650655021832
0.24541484716157205
0.2626637554585152
0.26288209606986895
0.2631004366812227
0.26331877729257636
0.2635371179039301
0.2637554585152838
0.26397379912663754
0.2641921397379912
0.26441048034934495
0.2652838427947598
0.2655021834061135
0.2657205240174672
0.26637554585152834
0.26659388646288207
0.2668122270742358
0.26703056768558947
0.2672489082969432
0.26746724890829693
0.2676855895196506
0.26790393013100433
0.26812227074235806
0.26834061135371173
0.3331877729257642
0.33340611353711785
0.3336244541484716
0.33646288209606984
0.33668122270742357
0.33689956331877724
0.33711790393013097
0.33755458515283837
0.3377729257641921
0.33799126637554583
0.33820960698689956
0.33842794759825323
0.33864628820960696
0.38864628820960695
0.3888646288209607
0.38908296943231435
0.3893013100436681
0.3895196506550218
0.3897379912663755
0.3899563318777292
0.39017467248908294
0.39039301310043667
0.3991266375545851
0.39934497816593884
0.4024017467248908
0.4039301310043668
0.4041484716157205
0.4205240174672488
0.42117903930130995
0.4213973799126637
0.4216157205240174
0.42183406113537114
0.4220524017467248
0.42227074235807854
0.4224890829694323
0.42270742358078595
0.4229257641921397
0.4231441048034934
0.4281659388646288
0.42838427947598245
0.4286026200873362
0.4288209606986899
0.4292576419213973
0.42947598253275104
0.4296943231441048
0.4301310043668122
0.4303493449781659
0.4305676855895196
0.4307860262008733
0.43100436681222704
0.4312227074235807
0.43144104803493444
0.43165938864628817
0.43187772925764184
0.43209606986899557
0.4323144104803493
0.43471615720524015
0.4349344978165938
0.43515283842794755
0.4353711790393013
0.4945414847161572
0.4947598253275109
0.4949781659388646
0.49519650655021835
0.6360262008733624
0.6362445414847161
0.6364628820960698
0.6366812227074234
0.6377729257641921
0.6379912663755458
0.6382096069868994
0.6384279475982532
0.6386462882096069
0.6388646288209606
0.6390829694323144
0.6393013100436681
0.6395196506550217
0.6397379912663754
0.6576419213973799
0.6578602620087336
0.6936681222707423
0.693886462882096
0.6941048034934497
0.6943231441048034
0.8655021834061134
0.8657205240174671
0.11834061135371178
0.15393013100436678
0.16200873362445412
0.16222707423580784
0.16244541484716155
0.16266375545851527
0.16288209606986898
0.16310043668122268
0.1633187772925764
0.1967248908296943
0.20152838427947597
0.20502183406113536
0.21986899563318774
0.2427947598253275
0.24301310043668123
0.24323144104803493
0.24344978165938863
0.3362445414847161
0.33646288209606984
0.33668122270742357
0.33689956331877724
0.33711790393013097
0.3373362445414847
0.33755458515283837
0.3377729257641921
0.33799126637554583
0.33820960698689956
0.33842794759825323
0.33864628820960696
0.3403930131004367
0.37620087336244534
0.3893013100436681
0.4041484716157205
0.4043668122270742
0.4189956331877729
0.41921397379912656
0.4194323144104803
0.4290393013100436
0.4292576419213973
0.42947598253275104
0.4296943231441048
0.42991266375545845
0.4301310043668122
0.4303493449781659
0.4305676855895196
0.4307860262008733
0.43100436681222704
0.43144104803493444
0.43165938864628817
0.43187772925764184
0.4358078602620087
0.4360262008733624
0.4362445414847161
0.614410480349345
0.6146288209606987
0.6329694323144104
0.6331877729257641
0.6362445414847161
0.6364628820960698
0.6366812227074234
0.6368995633187772
0.6395196506550217
0.6397379912663754
0.6399563318777292
0.14410480349344978
0.14432314410480349
0.1445414847161572
0.15480349344978164
0.15502183406113534
0.23122270742358078
0.2441048034934498
0.24563318777292575
0.24585152838427948
0.24606986899563318
0.24628820960698689
0.24650655021834061
0.24672489082969432
0.24694323144104804
0.2635371179039301
0.2646288209606987
0.26484716157205235
0.2650655021834061
0.2672489082969432
0.26834061135371173
0.26855895196506546
0.2687772925764192
0.3338427947598253
0.334061135371179
0.33689956331877724
0.33711790393013097
0.3373362445414847
0.33755458515283837
0.3377729257641921
0.33799126637554583
0.33820960698689956
0.33842794759825323
0.33864628820960696
0.3388646288209607
0.33908296943231436
0.3393013100436681
0.3574235807860262
0.3576419213973799
0.3578602620087336
0.3895196506550218
0.3897379912663755
0.3899563318777292
0.39017467248908294
0.39039301310043667
0.39061135371179034
0.39956331877729256
0.39978165938864624
0.4028384279475982
0.4043668122270742
0.40458515283842794
0.4213973799126637
0.4216157205240174
0.42183406113537114
0.4220524017467248
0.42227074235807854
0.4286026200873362
0.4288209606986899
0.4292576419213973
0.42947598253275104
0.4296943231441048
0.4305676855895196
0.4307860262008733
0.43100436681222704
0.4312227074235807
0.43144104803493444
0.43165938864628817
0.43187772925764184
0.43209606986899557
0.4323144104803493
0.432532751091703
0.4327510917030567
0.43515283842794755
0.4353711790393013
0.49519650655021835
0.495414847161572
0.49563318777292575
0.6329694323144104
0.6366812227074234
0.6384279475982532
0.6386462882096069
0.6388646288209606
0.6390829694323144
0.6393013100436681
0.6395196506550217
0.6397379912663754
0.6399563318777292
0.658296943231441
0.6941048034934497
0.6943231441048034
0.6945414847161572
0.6947598253275109
0.8659388646288209
0.8661572052401746
0.09999999999999999
0.16200873362445412
0.16222707423580784
0.16288209606986898
0.16310043668122268
0.17860262008733624
0.17903930131004367
0.17925764192139737
0.17947598253275107
0.1982532751091703
0.20480349344978166
0.20502183406113536
0.20524017467248906
0.2480349344978166
0.25938864628820957
0.25982532751091697
0.26113537117903923
0.26135371179039296
0.2615720524017467
0.2617903930131004
0.2622270742358078
0.26441048034934495
0.2646288209606987
0.26484716157205235
0.2650655021834061
0.2652838427947598
0.2655021834061135
0.2657205240174672
0.26593886462882094
0.2661572052401746
0.26637554585152834
0.26659388646288207
0.2668122270742358
0.26703056768558947
0.26746724890829693
0.2676855895196506
0.26790393013100433
0.26812227074235806
0.26834061135371173
0.27008733624454145
0.28449781659388645
0.30917030567685583
0.35655021834061135
0.35698689956331875
0.3572052401746725
0.3574235807860262
0.3576419213973799
0.35873362445414847
0.35895196506550214
0.35917030567685587
0.3593886462882096
0.35960698689956333
0.359825327510917
0.36004366812227073
0.36026200873362446
0.36113537117903927
0.361353711790393
0.3668122270742358
0.3674672489082969
0.36965065502183403
0.3698689956331877
0.37008733624454143
0.38820960698689955
0.3884279475982532
0.4810043668122271
0.48122270742358075
0.4814410480349345
0.4816593886462882
0.5351528384279475
0.5762008733624454
0.5764192139737991
0.5766375545851528
0.6133187772925764
0.6135371179039302
0.6146288209606987
0.6148471615720523
0.615065502183406
0.6152838427947597
0.6155021834061134
0.6157205240174671
0.6932314410480349
0.8403930131004366
0.8406113537117903
0.840829694323144
0.9246724890829694
0.9248908296943231
0.9251091703056767
0.9253275109170305
0.9255458515283842
0.9257641921397379
0.9259825327510917
0.016812227074235804
0.10174672489082968
0.15305676855895195
0.15327510917030568
0.15349344978165938
0.15371179039301308
0.1543668122270742
0.15458515283842791
0.16069868995633185
0.16091703056768558
0.16113537117903928
0.16135371179039298
0.1615720524017467
0.16179039301310041
0.16200873362445412
0.16222707423580784
0.16244541484716155
0.16266375545851527
0.16288209606986898
0.16310043668122268
0.1633187772925764
0.1635371179039301
0.16375545851528384
0.16397379912663754
0.16419213973799124
0.16441048034934497
0.1722707423580786
0.1724890829694323
0.172707423580786
0.17292576419213973
0.17314410480349343
0.17336244541484716
0.2351528384279476
0.2408296943231441
0.2410480349344978
0.2412663755458515
0.24148471615720524
0.24170305676855894
0.24192139737991267
0.24213973799126637
0.24235807860262007
0.24323144104803493
0.24344978165938863
0.24366812227074236
0.24388646288209606
0.2441048034934498
0.2443231441048035
0.2445414847161572
0.24475982532751092
0.24497816593886462
0.24519650655021832
0.24541484716157205
0.24563318777292575
0.24585152838427948
0.24606986899563318
0.24628820960698689
0.26091703056768556
0.2617903930131004
0.2620087336244541
0.2622270742358078
0.26244541484716155
0.26659388646288207
0.2668122270742358
0.26703056768558947
0.2672489082969432
0.33187772925764186
0.3320960698689956
0.3323144104803493
0.33253275109170305
0.3353711790393013
0.335589519650655
0.3358078602620087
0.33602620087336244
0.33668122270742357
0.3877729257641921
0.3879912663755458
0.38820960698689955
0.3884279475982532
0.38864628820960695
0.3888646288209607
0.38908296943231435
0.3893013100436681
0.3982532751091703
0.398471615720524
0.40131004366812223
0.40152838427947596
0.4017467248908297
0.40196506550218336
0.4021834061135371
0.4024017467248908
0.4026200873362445
0.4032751091703056
0.40349344978165935
0.4037117903930131
0.4096069868995633
0.409825327510917
0.4176855895196506
0.41790393013100435
0.4181222707423581
0.41834061135371176
0.4187772925764192
0.4189956331877729
0.4200873362445414
0.42030567685589515
0.4205240174672488
0.42074235807860255
0.4209606986899563
0.42117903930130995
0.4213973799126637
0.4216157205240174
0.42183406113537114
0.4220524017467248
0.4270742358078602
0.4277292576419213
0.42794759825327505
0.4281659388646288
0.42838427947598245
0.4286026200873362
0.4288209606986899
0.4290393013100436
0.4292576419213973
0.42947598253275104
0.4296943231441048
0.42991266375545845
0.4303493449781659
0.4305676855895196
0.4307860262008733
0.43100436681222704
0.4338427947598253
0.43406113537117896
0.4342794759825327
0.4344978165938864
0.43471615720524015
0.4349344978165938
0.43515283842794755
0.4353711790393013
0.44475982532751085
0.4449781659388646
0.6135371179039302
0.6137554585152838
0.6307860262008733
0.6310043668122269
0.6314410480349344
0.6316593886462881
0.6318777292576419
0.6320960698689956
0.6323144104803492
0.6349344978165938
0.6351528384279475
0.6353711790393012
0.6362445414847161
0.6384279475982532
0.6386462882096069
0.6388646288209606
-0.15240174672489082
-0.15262008733624455
-0.15283842794759825
-0.15305676855895195
-0.15327510917030568
-0.15349344978165938
-0.15414847161572048
-0.1543668122270742
-0.15458515283842791
-0.15698689956331877
-0.15720524017467247
-0.15742358078602617
-0.1576419213973799
-0.1578602620087336
-0.1580786026200873
-0.15829694323144103
-0.15851528384279473
-0.15873362445414846
-0.15895196506550216
-0.15917030567685586
-0.1593886462882096
-0.1596069868995633
-0.15982532751091702
-0.16004366812227072
-0.16026200873362442
-0.16048034934497815
-0.16069868995633185
-0.16091703056768558
-0.16135371179039298
-0.1615720524017467
-0.16179039301310041
-0.16200873362445412
-0.16222707423580784
-0.16244541484716155
-0.16266375545851527
-0.16288209606986898
-0.16310043668122268
-0.1633187772925764
-0.1635371179039301
-0.16375545851528384
-0.16397379912663754
-0.1709606986899563
-0.17117903930131004
-0.17139737991266374
-0.17161572052401747
-0.17183406113537117
-0.17205240174672487
-0.172707423580786
-0.17336244541484716
-0.17379912663755456
-0.1740174672489083
-0.174235807860262
-0.18231441048034933
-0.18799126637554583
-0.18820960698689954
-0.18842794759825326
-0.18864628820960697
-0.18886462882096067
-0.2021834061135371
-0.2024017467248908
-0.22882096069868993
-0.22925764192139736
-0.23122270742358078
-0.23165938864628818
-0.23427947598253274
-0.23449781659388644
-0.23471615720524017
-0.23580786026200873
-0.23602620087336243
-0.23624454148471616
-0.23646288209606986
-0.23668122270742356
-0.2368995633187773
-0.237117903930131
-0.23733624454148472
-0.23930131004366811
-0.23951965065502182
-0.23973799126637554
-0.23995633187772925
-0.24061135371179038
-0.2408296943231441
-0.2410480349344978
-0.2412663755458515
-0.24148471615720524
-0.24170305676855894
-0.24192139737991267
-0.24213973799126637
-0.24235807860262007
-0.2425764192139738
-0.2427947598253275
-0.24694323144104804
-0.25873362445414844
-0.26026200873362443
-0.2604803493449781
-0.26069868995633183
-0.26091703056768556
-0.26113537117903923
-0.26135371179039296
-0.2615720524017467
-0.2617903930131004
-0.2626637554585152
-0.26288209606986895
-0.2631004366812227
-0.26331877729257636
-0.2635371179039301
-0.26441048034934495
-0.2646288209606987
-0.26484716157205235
-0.2650655021834061
-0.2652838427947598
-0.2655021834061135
-0.2657205240174672
-0.32052401746724885
-0.3207423580786026
-0.3209606986899563
-0.32117903930131
-0.3213973799126637
-0.32161572052401743
-0.33122270742358073
-0.33144104803493446
-0.3862445414847161
-0.3864628820960698
-0.38668122270742356
-0.38689956331877723
-0.38711790393013096
-0.3873362445414847
-0.3875545851528384
-0.3877729257641921
-0.3879912663755458
-0.38820960698689955
-0.39737991266375544
-0.3975982532751091
-0.39781659388646284
-0.3980349344978166
-0.3982532751091703
-0.4006550218340611
-0.4008733624454148
-0.40109170305676856
-0.40131004366812223
-0.40152838427947596
-0.4017467248908297
-0.4026200873362445
-0.4028384279475982
-0.40305676855895195
-0.4032751091703056
-0.40851528384279473
-0.40873362445414846
-0.4089519650655022
-0.40917030567685586
-0.41681222707423576
-0.4170305676855895
-0.4172489082969432
-0.41921397379912656
-0.4194323144104803
-0.419650655021834
-0.4198689956331877
-0.4200873362445414
-0.42030567685589515
-0.4205240174672488
-0.42074235807860255
-0.4209606986899563
-0.42117903930130995
-0.42620087336244533
-0.4270742358078602
-0.4272925764192139
-0.42751091703056765
-0.42794759825327505
-0.4281659388646288
-0.42838427947598245
-0.4286026200873362
-0.4288209606986899
-0.4290393013100436
-0.4292576419213973
-0.42991266375545845
-0.4301310043668122
-0.4303493449781659
-0.4305676855895196
-0.4307860262008733
-0.43340611353711783
-0.43362445414847156
-0.4338427947598253
-0.43406113537117896
-0.4342794759825327
-0.4344978165938864
-0.43471615720524015
-0.4432314410480349
-0.4434497816593886
-0.4436681222707423
-0.44388646288209604
-0.4441048034934497
-0.44432314410480345
-0.49344978165938863
-0.6303493449781659
-0.6305676855895196
-0.6307860262008733
-0.6310043668122269
-0.6312227074235807
-0.6314410480349344
-0.6342794759825326
-0.6344978165938864
-0.6351528384279475
-0.6353711790393012
-0.6355895196506549
-0.6358078602620086
-0.6360262008733624
-0.6362445414847161
-0.6364628820960698
-0.6366812227074234
-0.6368995633187772
-0.6371179039301309
-0.6373362445414846
-0.6375545851528384
-0.6377729257641921
-0.6379912663755458
-0.6382096069868994
-0.0111353711790393
-0.011353711790393012
-0.011572052401746724
-0.10502183406113536
-0.10524017467248907
-0.1096069868995633
-0.10982532751091702
-0.148471615720524
-0.14890829694323143
-0.14912663755458513
-0.14934497816593886
-0.14956331877729256
-0.1497816593886463
-0.15
-0.1502183406113537
-0.15152838427947599
-0.1517467248908297
-0.15196506550218342
-0.15218340611353712
-0.15240174672489082
-0.15262008733624455
-0.15283842794759825
-0.15305676855895195
-0.15327510917030568
-0.15349344978165938
-0.15371179039301308
-0.15393013100436678
-0.15414847161572048
-0.1543668122270742
-0.15458515283842791
-0.15480349344978164
-0.15502183406113534
-0.15524017467248905
-0.15545851528384277
-0.15567685589519648
-0.1558951965065502
-0.1561135371179039
-0.1563318777292576
-0.15655021834061134
-0.15676855895196504
-0.15698689956331877
-0.15720524017467247
-0.15742358078602617
-0.1576419213973799
-0.1578602620087336
-0.1580786026200873
-0.15829694323144103
-0.15851528384279473
-0.15873362445414846
-0.15917030567685586
-0.1593886462882096
-0.1596069868995633
-0.15982532751091702
-0.16004366812227072
-0.16026200873362442
-0.16048034934497815
-0.16135371179039298
-0.1615720524017467
-0.16179039301310041
-0.16200873362445412
-0.16222707423580784
-0.16244541484716155
-0.16266375545851527
-0.16288209606986898
-0.16310043668122268
-0.1633187772925764
-0.1635371179039301
-0.16375545851528384
-0.16397379912663754
-0.16419213973799124
-0.16441048034934497
-0.16462882096069867
-0.16790393013100435
-0.16812227074235805
-0.16834061135371178
-0.16855895196506548
-0.16877729257641919
-0.16899563318777291
-0.16921397379912662
-0.16943231441048034
-0.16965065502183405
-0.16986899563318775
-0.17008733624454148
-0.17030567685589518
-0.1705240174672489
-0.17292576419213973
-0.17314410480349343
-0.174235807860262
-0.17445414847161572
-0.17467248908296942
-0.17489082969432312
-0.17510917030567685
-0.17532751091703055
-0.17729257641921398
-0.17751091703056768
-0.17772925764192138
-0.1779475982532751
-0.1781659388646288
-0.17838427947598254
-0.17860262008733624
-0.17882096069868994
-0.18078602620087336
-0.18100436681222706
-0.1812227074235808
-0.1814410480349345
-0.18406113537117902
-0.18449781659388645
-0.18471615720524015
-0.18493449781659385
-0.18515283842794758
-0.18537117903930128
-0.18558951965065498
-0.1858078602620087
-0.1860262008733624
-0.18624454148471614
-0.18646288209606984
-0.18668122270742354
-0.18689956331877727
-0.18711790393013097
-0.1873362445414847
-0.1875545851528384
-0.1877729257641921
-0.18799126637554583
-0.18820960698689954
-0.18842794759825326
-0.19148471615720522
-0.19170305676855892
-0.19192139737991265
-0.19213973799126635
-0.19235807860262005
-0.19257641921397378
-0.19279475982532748
-0.1930131004366812
-0.1932314410480349
-0.19344978165938861
-0.1967248908296943
-0.19694323144104803
-0.19716157205240173
-0.19737991266375543
-0.19759825327510916
-0.19781659388646286
-0.2019650655021834
-0.2021834061135371
-0.2133187772925764
-0.2135371179039301
-0.21397379912663753
-0.21419213973799123
-0.21441048034934496
-0.21462882096069866
-0.2148471615720524
-0.21659388646288208
-0.21681222707423578
-0.21703056768558948
-0.2172489082969432
-0.22510917030567684
-0.22532751091703054
-0.22554585152838427
-0.22576419213973797
-0.22598253275109167
-0.2262008733624454
-0.2264192139737991
-0.2266375545851528
-0.22685589519650654
-0.22707423580786024
-0.22729257641921397
-0.22751091703056767
-0.2279475982532751
-0.23056768558951962
-0.23078602620087335
-0.2320960698689956
-0.23231441048034934
-0.23995633187772925
-0.2578602620087336
-0.2580786026200873
-0.258296943231441
-0.25895196506550217
-0.25917030567685584
-0.25938864628820957
-0.2596069868995633
-0.25982532751091697
-0.2600436681222707
-0.26091703056768556
-0.2615720524017467
-0.2617903930131004
-0.2620087336244541
-0.2622270742358078
-0.26244541484716155
-0.2626637554585152
-0.26288209606986895
-0.2631004366812227
-0.26331877729257636
-0.2635371179039301
-0.2637554585152838
-0.26397379912663754
-0.2641921397379912
-0.26441048034934495
-0.3187772925764192
-0.3189956331877729
-0.3192139737991266
-0.3194323144104803
-0.32030567685589517
-0.32052401746724885
-0.3207423580786026
-0.37794759825327506
-0.39410480349344973
-0.39628820960698685
-0.3965065502183406
-0.3967248908296943
-0.396943231441048
-0.3971615720524017
-0.39999999999999997
-0.4002183406113537
-0.40043668122270737
-0.40196506550218336
-0.4021834061135371
-0.4024017467248908
-0.4026200873362445
-0.4028384279475982
-0.40305676855895195
-0.4074235807860262
-0.40764192139737987
-0.4078602620087336
-0.4080786026200873
-0.408296943231441
-0.40851528384279473
-0.40873362445414846
-0.4176855895196506
-0.41790393013100435
-0.4181222707423581
-0.41834061135371176
-0.4185589519650655
-0.42620087336244533
-0.42641921397379906
-0.4266375545851528
-0.4268558951965065
-0.4270742358078602
-0.4272925764192139
-0.42751091703056765
-0.4277292576419213
-0.4281659388646288
-0.42838427947598245
-0.4286026200873362
-0.4288209606986899
-0.4290393013100436
-0.4292576419213973
-0.42947598253275104
-0.4296943231441048
-0.42991266375545845
-0.4301310043668122
-0.4303493449781659
-0.4305676855895196
-0.4307860262008733
-0.43100436681222704
-0.4312227074235807
-0.4327510917030567
-0.43296943231441043
-0.43318777292576416
-0.43340611353711783
-0.43362445414847156
-0.4338427947598253
-0.4421397379912663
-0.44235807860262005
-0.4425764192139737
-0.44279475982532746
-0.4430131004366812
-0.4432314410480349
-0.4434497816593886
-0.4436681222707423
-0.4475982532751091
-0.44781659388646283
-0.4923580786026201
-0.4927947598253275
-0.49301310043668123
-0.6331877729257641
-0.6338427947598252
-0.6340611353711789
-0.6342794759825326
-0.6344978165938864
-0.6347161572052401
-0.6349344978165938
-0.6351528384279475
-0.6353711790393012
-0.6355895196506549
-0.6358078602620086
-0.6360262008733624
-0.6362445414847161
-0.6364628820960698
-0.6366812227074234
-0.6368995633187772
-0.6371179039301309
-0.6373362445414846
-0.001091703056768559
-0.010480349344978166
-0.010698689956331877
-0.010917030567685589
-0.0111353711790393
-0.14759825327510917
-0.14781659388646287
-0.1480349344978166
-0.1482532751091703
-0.148471615720524
-0.14868995633187773
-0.14890829694323143
-0.14912663755458513
-0.14934497816593886
-0.14956331877729256
-0.1497816593886463
-0.15109170305676856
-0.15131004366812226
-0.15152838427947599
-0.1517467248908297
-0.15196506550218342
-0.15218340611353712
-0.15240174672489082
-0.15262008733624455
-0.15283842794759825
-0.15305676855895195
-0.15327510917030568
-0.15349344978165938
-0.15371179039301308
-0.15393013100436678
-0.15414847161572048
-0.1543668122270742
-0.15458515283842791
-0.15480349344978164
-0.15502183406113534
-0.15524017467248905
-0.15545851528384277
-0.15567685589519648
-0.1558951965065502
-0.1561135371179039
-0.1563318777292576
-0.15655021834061134
-0.15676855895196504
-0.15698689956331877
-0.15720524017467247
-0.15742358078602617
-0.1576419213973799
-0.1578602620087336
-0.1580786026200873
-0.15829694323144103
-0.15851528384279473
-0.15873362445414846
-0.15895196506550216
-0.15917030567685586
-0.1593886462882096
-0.1596069868995633
-0.15982532751091702
-0.16113537117903928
-0.16135371179039298
-0.1615720524017467
-0.16179039301310041
-0.16200873362445412
-0.16222707423580784
-0.16244541484716155
-0.16266375545851527
-0.16288209606986898
-0.16310043668122268
-0.1633187772925764
-0.1635371179039301
-0.16375545851528384
-0.16397379912663754
-0.16724890829694322
-0.16746724890829692
-0.16768558951965065
-0.16790393013100435
-0.16812227074235805
-0.16834061135371178
-0.16855895196506548
-0.16877729257641919
-0.16899563318777291
-0.16921397379912662
-0.16943231441048034
-0.16965065502183405
-0.16986899563318775
-0.1722707423580786
-0.17336244541484716
-0.17358078602620086
-0.17379912663755456
-0.1740174672489083
-0.174235807860262
-0.17445414847161572
-0.17467248908296942
-0.17489082969432312
-0.17510917030567685
-0.17532751091703055
-0.17663755458515282
-0.17685589519650655
-0.17707423580786025
-0.17729257641921398
-0.17751091703056768
-0.17772925764192138
-0.1779475982532751
-0.1781659388646288
-0.17838427947598254
-0.17860262008733624
-0.17882096069868994
-0.17903930131004367
-0.17925764192139737
-0.17947598253275107
-0.1796943231441048
-0.1799126637554585
-0.18013100436681223
-0.18034934497816593
-0.18056768558951963
-0.18078602620087336
-0.18100436681222706
-0.1834061135371179
-0.1836244541484716
-0.1838427947598253
-0.18406113537117902
-0.18427947598253272
-0.18449781659388645
-0.18471615720524015
-0.18493449781659385
-0.18515283842794758
-0.18537117903930128
-0.18558951965065498
-0.1858078602620087
-0.1860262008733624
-0.18624454148471614
-0.18646288209606984
-0.18668122270742354
-0.18689956331877727
-0.18711790393013097
-0.1873362445414847
-0.1875545851528384
-0.1877729257641921
-0.18799126637554583
-0.18820960698689954
-0.18842794759825326
-0.1908296943231441
-0.19170305676855892
-0.19192139737991265
-0.19213973799126635
-0.19235807860262005
-0.19257641921397378
-0.19279475982532748
-0.1930131004366812
-0.19585152838427947
-0.19606986899563317
-0.19628820960698687
-0.1965065502183406
-0.1967248908296943
-0.19694323144104803
-0.19716157205240173
-0.19737991266375543
-0.20109170305676854
-0.20131004366812225
-0.20152838427947597
-0.20174672489082968
-0.2019650655021834
-0.2133187772925764
-0.2135371179039301
-0.21375545851528382
-0.21397379912663753
-0.21419213973799123
-0.21441048034934496
-0.2150655021834061
-0.2152838427947598
-0.21550218340611352
-0.22183406113537116
-0.2248908296943231
-0.22510917030567684
-0.22532751091703054
-0.22554585152838427
-0.22576419213973797
-0.22598253275109167
-0.2262008733624454
-0.2264192139737991
-0.2266375545851528
-0.22685589519650654
-0.22707423580786024
-0.23013100436681222
-0.23144104803493448
-0.23165938864628818
-0.25895196506550217
-0.26135371179039296
-0.2615720524017467
-0.2617903930131004
-0.2620087336244541
-0.2622270742358078
-0.26244541484716155
-0.2626637554585152
-0.26288209606986895
-0.2631004366812227
-0.26331877729257636
-0.2635371179039301
-0.2637554585152838
-0.3052401746724891
-0.30545851528384277
-0.3183406113537117
-0.31855895196506545
-0.3187772925764192
-0.3189956331877729
-0.3192139737991266
-0.32008733624454144
-0.32030567685589517
-0.32052401746724885
-0.37729257641921393
-0.39257641921397374
-0.39279475982532747
-0.3930131004366812
-0.3932314410480349
-0.3934497816593886
-0.3936681222707423
-0.3956331877729257
-0.39585152838427945
-0.3960698689956332
-0.39628820960698685
-0.3965065502183406
-0.3967248908296943
-0.396943231441048
-0.3975982532751091
-0.39956331877729256
-0.39978165938864624
-0.39999999999999997
-0.4002183406113537
-0.40043668122270737
-0.40196506550218336
-0.4021834061135371
-0.4024017467248908
-0.40698689956331874
-0.40720524017467247
-0.4074235807860262
-0.40764192139737987
-0.4078602620087336
-0.4080786026200873
-0.408296943231441
-0.4165938864628821
-0.41681222707423576
-0.4170305676855895
-0.4181222707423581
-0.41834061135371176
-0.4185589519650655
-0.4187772925764192
-0.4189956331877729
-0.41921397379912656
-0.42641921397379906
-0.4266375545851528
-0.4268558951965065
-0.4270742358078602
-0.4272925764192139
-0.42751091703056765
-0.4277292576419213
-0.42794759825327505
-0.4281659388646288
-0.4290393013100436
-0.4292576419213973
-0.42947598253275104
-0.4296943231441048
-0.42991266375545845
-0.4301310043668122
-0.4303493449781659
-0.4305676855895196
-0.4307860262008733
-0.43100436681222704
-0.4323144104803493
-0.432532751091703
-0.4327510917030567
-0.43296943231441043
-0.43318777292576416
-0.43340611353711783
-0.4417030567685589
-0.4419213973799126
-0.4421397379912663
-0.44235807860262005
-0.4425764192139737
-0.44279475982532746
-0.6336244541484716
-0.6338427947598252
-0.6340611353711789
-0.6342794759825326
-0.6344978165938864
-0.6347161572052401
-0.6349344978165938
-0.6351528384279475
-0.6353711790393012
-0.6355895196506549
-0.6358078602620086
-0.6360262008733624
-0.6362445414847161
-0.6364628820960698
-0.6366812227074234
-0.6368995633187772
-0.01004366812227074
-0.010262008733624452
-0.010480349344978166
-0.09716157205240174
-0.09737991266375545
-0.09759825327510917
-0.09781659388646287
-0.11877729257641921
-0.11899563318777293
-0.11921397379912663
-0.11986899563318777
-0.14410480349344978
-0.14432314410480349
-0.1445414847161572
-0.14475982532751092
-0.14497816593886462
-0.14563318777292575
-0.14585152838427948
-0.14694323144104804
-0.14716157205240174
-0.14737991266375544
-0.1480349344978166
-0.1482532751091703
-0.148471615720524
-0.14868995633187773
-0.14890829694323143
-0.14912663755458513
-0.14934497816593886
-0.14956331877729256
-0.1497816593886463
-0.15
-0.1502183406113537
-0.15043668122270742
-0.15065502183406113
-0.15087336244541485
-0.15109170305676856
-0.15131004366812226
-0.15152838427947599
-0.1517467248908297
-0.15196506550218342
-0.15218340611353712
-0.15240174672489082
-0.15262008733624455
-0.15283842794759825
-0.15305676855895195
-0.15327510917030568
-0.15349344978165938
-0.15371179039301308
-0.15393013100436678
-0.15414847161572048
-0.1543668122270742
-0.15567685589519648
-0.1561135371179039
-0.1563318777292576
-0.16288209606986898
-0.16310043668122268
-0.1633187772925764
-0.1635371179039301
-0.16375545851528384
-0.1670305676855895
-0.16724890829694322
-0.16746724890829692
-0.16768558951965065
-0.16790393013100435
-0.16812227074235805
-0.16834061135371178
-0.16855895196506548
-0.16877729257641919
-0.16899563318777291
-0.16921397379912662
-0.16943231441048034
-0.16965065502183405
-0.16986899563318775
-0.17008733624454148
-0.17030567685589518
-0.1740174672489083
-0.174235807860262
-0.17445414847161572
-0.17467248908296942
-0.17489082969432312
-0.17510917030567685
-0.17532751091703055
-0.17554585152838428
-0.17576419213973798
-0.17598253275109169
-0.17620087336244541
-0.17641921397379912
-0.17707423580786025
-0.17729257641921398
-0.17751091703056768
-0.17772925764192138
-0.1779475982532751
-0.1781659388646288
-0.17838427947598254
-0.17860262008733624
-0.17882096069868994
-0.1799126637554585
-0.18013100436681223
-0.18034934497816593
-0.18056768558951963
-0.18078602620087336
-0.18100436681222706
-0.1812227074235808
-0.1814410480349345
-0.1816593886462882
-0.1818777292576419
-0.1820960698689956
-0.18231441048034933
-0.18253275109170303
-0.18318777292576416
-0.1860262008733624
-0.18624454148471614
-0.18646288209606984
-0.18668122270742354
-0.18689956331877727
-0.18711790393013097
-0.1873362445414847
-0.1875545851528384
-0.1877729257641921
-0.18799126637554583
-0.18820960698689954
-0.18842794759825326
-0.1930131004366812
-0.1932314410480349
-0.19344978165938861
-0.19366812227074234
-0.19628820960698687
-0.1965065502183406
-0.20742358078602618
-0.2076419213973799
-0.20851528384279475
-0.20873362445414848
-0.20895196506550218
-0.2209606986899563
-0.22117903930131003
-0.22139737991266373
-0.22707423580786024
-0.22729257641921397
-0.22751091703056767
-0.22772925764192137
-0.2279475982532751
-0.2281659388646288
-0.2294759825327511
-0.2296943231441048
-0.2299126637554585
-0.23013100436681222
-0.23034934497816592
-0.23056768558951962
-0.23078602620087335
-0.23100436681222705
-0.23122270742358078
-0.24497816593886462
-0.24519650655021832
-0.24585152838427948
-0.2569868995633187
-0.25720524017467244
-0.2574235807860262
-0.25764192139737985
-0.2578602620087336
-0.2580786026200873
-0.258296943231441
-0.2585152838427947
-0.25873362445414844
-0.25895196506550217
-0.25917030567685584
-0.25938864628820957
-0.2596069868995633
-0.26069868995633183
-0.26113537117903923
-0.26135371179039296
-0.2615720524017467
-0.2617903930131004
-0.2620087336244541
-0.2622270742358078
-0.26244541484716155
-0.2626637554585152
-0.26288209606986895
-0.2631004366812227
-0.26331877729257636
-0.2635371179039301
-0.2637554585152838
-0.26397379912663754
-0.2641921397379912
-0.26441048034934495
-0.2646288209606987
-0.2652838427947598
-0.2655021834061135
-0.2657205240174672
-0.26593886462882094
-0.26834061135371173
-0.26855895196506546
-0.2694323144104803
-0.26965065502183405
-0.27358078602620084
-0.29672489082969433
-0.31310043668122267
-0.31331877729257634
-0.3135371179039301
-0.3137554585152838
-0.3176855895196506
-0.3179039301310043
-0.31812227074235805
-0.3183406113537117
-0.31855895196506545
-0.3189956331877729
-0.3192139737991266
-0.3194323144104803
-0.35655021834061135
-0.3949781659388646
-0.3951965065502183
-0.395414847161572
-0.3956331877729257
-0.39781659388646284
-0.3980349344978166
-0.3982532751091703
-0.4002183406113537
-0.40043668122270737
-0.4006550218340611
-0.4008733624454148
-0.40109170305676856
-0.40131004366812223
-0.40152838427947596
-0.42379912663755454
-0.42401746724890826
-0.42423580786026194
-0.42445414847161567
-0.4246724890829694
-0.42489082969432307
-0.4251091703056768
-0.4253275109170305
-0.4255458515283842
-0.42576419213973793
-0.42598253275109166
-0.42620087336244533
-0.4270742358078602
-0.4272925764192139
-0.42751091703056765
-0.4277292576419213
-0.42794759825327505
-0.4281659388646288
-0.42838427947598245
-0.4286026200873362
-0.4288209606986899
-0.4290393013100436
-0.4296943231441048
-0.42991266375545845
-0.4301310043668122
-0.4303493449781659
-0.4305676855895196
-0.4307860262008733
-0.43165938864628817
-0.4417030567685589
-0.4419213973799126
-0.4421397379912663
-0.44235807860262005
-0.4425764192139737
-0.44279475982532746
-0.4430131004366812
-0.44585152838427944
-0.44606986899563317
-0.44628820960698684
-0.44650655021834057
-0.4467248908296943
-0.446943231441048
-0.4471615720524017
-0.6111353711790393
-0.611353711790393
-0.6115720524017467
-0.6117903930131005
-0.6320960698689956
-0.6323144104803492
-0.6325327510917029
-0.6327510917030567
-0.6329694323144104
-0.6331877729257641
-0.6334061135371178
-0.6336244541484716
-0.020524017467248905
-0.020742358078602616
-0.02096069868995633
-0.021179039301310043
-0.021397379912663755
-0.034279475982532746
-0.03449781659388646
-0.03471615720524017
-0.08733624454148471
-0.08755458515283843
-0.08777292576419214
-0.08799126637554584
-0.08820960698689956
-0.08842794759825327
-0.08864628820960699
-0.08886462882096069
-0.09978165938864628
-0.11244541484716156
-0.11877729257641921
-0.11899563318777293
-0.11921397379912663
-0.13777292576419212
-0.14061135371179037
-0.1408296943231441
-0.1410480349344978
-0.14126637554585153
-0.14148471615720523
-0.14170305676855893
-0.14192139737991266
-0.14213973799126636
-0.14235807860262006
-0.1425764192139738
-0.1427947598253275
-0.14301310043668122
-0.14323144104803492
-0.14344978165938863
-0.14366812227074235
-0.14563318777292575
-0.14585152838427948
-0.14606986899563318
-0.14628820960698688
-0.1482532751091703
-0.148471615720524
-0.14912663755458513
-0.14934497816593886
-0.14956331877729256
-0.1497816593886463
-0.15
-0.1502183406113537
-0.15043668122270742
-0.15065502183406113
-0.15087336244541485
-0.15109170305676856
-0.15131004366812226
-0.15152838427947599
-0.1517467248908297
-0.15196506550218342
-0.15218340611353712
-0.15240174672489082
-0.15262008733624455
-0.15283842794759825
-0.15305676855895195
-0.15327510917030568
-0.15349344978165938
-0.15371179039301308
-0.15393013100436678
-0.15851528384279473
-0.15873362445414846
-0.15895196506550216
-0.16419213973799124
-0.16441048034934497
-0.1665938864628821
-0.1668122270742358
-0.1670305676855895
-0.16724890829694322
-0.16746724890829692
-0.16768558951965065
-0.16790393013100435
-0.16812227074235805
-0.16834061135371178
-0.16855895196506548
-0.16877729257641919
-0.16899563318777291
-0.16921397379912662
-0.16943231441048034
-0.16965065502183405
-0.16986899563318775
-0.17008733624454148
-0.17576419213973798
-0.17598253275109169
-0.17620087336244541
-0.17641921397379912
-0.18034934497816593
-0.18056768558951963
-0.18078602620087336
-0.18100436681222706
-0.1812227074235808
-0.1814410480349345
-0.1816593886462882
-0.1818777292576419
-0.1820960698689956
-0.18231441048034933
-0.18253275109170303
-0.18275109170305673
-0.18296943231441046
-0.18318777292576416
-0.18427947598253272
-0.18624454148471614
-0.18820960698689954
-0.1908296943231441
-0.1910480349344978
-0.19126637554585152
-0.19148471615720522
-0.19170305676855892
-0.19192139737991265
-0.19213973799126635
-0.19235807860262005
-0.19257641921397378
-0.19279475982532748
-0.1930131004366812
-0.19737991266375543
-0.19759825327510916
-0.19781659388646286
-0.20262008733624454
-0.20589519650655022
-0.20611353711790392
-0.20633187772925762
-0.20655021834061135
-0.20676855895196505
-0.20698689956331875
-0.20720524017467248
-0.20742358078602618
-0.2076419213973799
-0.20786026200873362
-0.20895196506550218
-0.20917030567685588
-0.2093886462882096
-0.22598253275109167
-0.2262008733624454
-0.2264192139737991
-0.2266375545851528
-0.22685589519650654
-0.22707423580786024
-0.22729257641921397
-0.22751091703056767
-0.237117903930131
-0.23733624454148472
-0.24192139737991267
-0.24213973799126637
-0.24235807860262007
-0.2425764192139738
-0.2427947598253275
-0.24301310043668123
-0.24323144104803493
-0.24344978165938863
-0.24388646288209606
-0.2441048034934498
-0.2443231441048035
-0.2445414847161572
-0.24475982532751092
-0.25414847161572046
-0.2543668122270742
-0.2545851528384279
-0.2548034934497816
-0.2550218340611353
-0.25524017467248905
-0.2554585152838427
-0.25567685589519645
-0.2558951965065502
-0.2565502183406113
-0.25676855895196504
-0.2569868995633187
-0.25720524017467244
-0.2574235807860262
-0.25764192139737985
-0.2578602620087336
-0.2580786026200873
-0.258296943231441
-0.2585152838427947
-0.25873362445414844
-0.25895196506550217
-0.25917030567685584
-0.25938864628820957
-0.2596069868995633
-0.25982532751091697
-0.2600436681222707
-0.26026200873362443
-0.2604803493449781
-0.26069868995633183
-0.26091703056768556
-0.26113537117903923
-0.26135371179039296
-0.2615720524017467
-0.2617903930131004
-0.2620087336244541
-0.2622270742358078
-0.26244541484716155
-0.2626637554585152
-0.26288209606986895
-0.2631004366812227
-0.26331877729257636
-0.2635371179039301
-0.2637554585152838
-0.26397379912663754
-0.2641921397379912
-0.26441048034934495
-0.2646288209606987
-0.26484716157205235
-0.2650655021834061
-0.2652838427947598
-0.2657205240174672
-0.26593886462882094
-0.2661572052401746
-0.26637554585152834
-0.26659388646288207
-0.2668122270742358
-0.26746724890829693
-0.2676855895196506
-0.26790393013100433
-0.26812227074235806
-0.26834061135371173
-0.26855895196506546
-0.2687772925764192
-0.2703056768558952
-0.27052401746724886
-0.2707423580786026
-0.2709606986899563
-0.27117903930131
-0.2713973799126637
-0.2766375545851528
-0.2768558951965065
-0.2770742358078602
-0.2875545851528384
-0.2877729257641921
-0.28799126637554584
-0.28820960698689957
-0.28842794759825324
-0.28864628820960697
-0.28951965065502183
-0.2897379912663755
-0.28995633187772923
-0.3052401746724891
-0.30545851528384277
-0.3056768558951965
-0.3058951965065502
-0.3061135371179039
-0.30633187772925763
-0.30655021834061136
-0.3067685589519651
-0.30698689956331876
-0.31288209606986894
-0.31506550218340607
-0.3152838427947598
-0.31550218340611347
-0.3157205240174672
-0.3159388646288209
-0.3168122270742358
-0.31703056768558946
-0.3172489082969432
-0.3174672489082969
-0.3176855895196506
-0.3179039301310043
-0.31812227074235805
-0.3504366812227074
-0.3506550218340611
-0.35087336244541484
-0.35109170305676857
-0.35131004366812224
-0.35152838427947597
-0.3517467248908297
-0.35196506550218337
-0.3521834061135371
-0.35240174672489083
-0.3526200873362445
-0.35283842794759823
-0.35305676855895196
-0.35327510917030563
-0.35349344978165936
-0.3537117903930131
-0.3539301310043668
-0.3541484716157205
-0.3543668122270742
-0.3548034934497816
-0.3561135371179039
-0.3563318777292576
-0.35655021834061135
-0.3567685589519651
-0.35698689956331875
-0.3572052401746725
-0.3574235807860262
-0.3576419213973799
-0.3578602620087336
-0.35807860262008734
-0.358296943231441
-0.35851528384279474
-0.35873362445414847
-0.35895196506550214
-0.35917030567685587
-0.3593886462882096
-0.35960698689956333
-0.3615720524017467
-0.36179039301310045
-0.3620087336244541
-0.36222707423580786
-0.3624454148471616
-0.36266375545851526
-0.362882096069869
-0.3631004366812227
-0.3633187772925764
-0.3637554585152838
-0.3639737991266375
-0.3641921397379912
-0.3644104803493449
-0.36462882096069865
-0.3930131004366812
-0.3932314410480349
-0.3934497816593886
-0.3936681222707423
-0.3949781659388646
-0.3951965065502183
-0.395414847161572
-0.3956331877729257
-0.39585152838427945
-0.3960698689956332
-0.39628820960698685
-0.396943231441048
-0.3971615720524017
-0.39737991266375544
-0.3975982532751091
-0.39781659388646284
-0.3980349344978166
-0.3982532751091703
-0.398471615720524
-0.3986899563318777
-0.39890829694323143
-0.3991266375545851
-0.39934497816593884
-0.4246724890829694
-0.42838427947598245
-0.47729257641921397
-0.4775109170305677
-0.47772925764192137
-0.4779475982532751
-0.4781659388646288
-0.6106986899563319
-0.6109170305676855
-0.6111353711790393
-0.611353711790393
-0.6115720524017467
-0.6117903930131005
-0.6120087336244542
-0.7218340611353712
-0.7220524017467249
-0.7222707423580785
-0.7224890829694323
-0.722707423580786
-0.7229257641921397
-0.08842794759825327
-0.08864628820960699
-0.08886462882096069
-0.0890829694323144
-0.08973799126637554
-0.08995633187772925
-0.09017467248908297
-0.09039301310043668
-0.09344978165938864
-0.09519650655021833
-0.09541484716157204
-0.09563318777292576
-0.09585152838427946
-0.11877729257641921
-0.11899563318777293
-0.11943231441048034
-0.11965065502183406
-0.11986899563318777
-0.12008733624454149
-0.12030567685589519
-0.1205240174672489
-0.12074235807860262
-0.12117903930131003
-0.1240174672489083
-0.124235807860262
-0.12445414847161572
-0.12467248908296943
-0.13842794759825325
-0.13864628820960698
-0.1408296943231441
-0.14148471615720523
-0.14170305676855893
-0.14192139737991266
-0.14213973799126636
-0.14235807860262006
-0.1425764192139738
-0.1427947598253275
-0.14301310043668122
-0.14323144104803492
-0.14868995633187773
-0.14890829694323143
-0.14912663755458513
-0.14934497816593886
-0.14956331877729256
-0.1497816593886463
-0.15
-0.1502183406113537
-0.15043668122270742
-0.15742358078602617
-0.1576419213973799
-0.1578602620087336
-0.1580786026200873
-0.15829694323144103
-0.15851528384279473
-0.15873362445414846
-0.15895196506550216
-0.15917030567685586
-0.16746724890829692
-0.16768558951965065
-0.16790393013100435
-0.16812227074235805
-0.16834061135371178
-0.16855895196506548
-0.16877729257641919
-0.16899563318777291
-0.17030567685589518
-0.1705240174672489
-0.1707423580786026
-0.1709606986899563
-0.17117903930131004
-0.17139737991266374
-0.17161572052401747
-0.17510917030567685
-0.17532751091703055
-0.17554585152838428
-0.17576419213973798
-0.17598253275109169
-0.17620087336244541
-0.17641921397379912
-0.17663755458515282
-0.17685589519650655
-0.17707423580786025
-0.17751091703056768
-0.17772925764192138
-0.1779475982532751
-0.1781659388646288
-0.17838427947598254
-0.17860262008733624
-0.17882096069868994
-0.17903930131004367
-0.1796943231441048
-0.1799126637554585
-0.18013100436681223
-0.18034934497816593
-0.18056768558951963
-0.18078602620087336
-0.18100436681222706
-0.1812227074235808
-0.1814410480349345
-0.1816593886462882
-0.1818777292576419
-0.1820960698689956
-0.18231441048034933
-0.18253275109170303
-0.18275109170305673
-0.18296943231441046
-0.18318777292576416
-0.1834061135371179
-0.19585152838427947
-0.19606986899563317
-0.19628820960698687
-0.1965065502183406
-0.1967248908296943
-0.19694323144104803
-0.19716157205240173
-0.19737991266375543
-0.19759825327510916
-0.19781659388646286
-0.1980349344978166
-0.1982532751091703
-0.198471615720524
-0.19868995633187772
-0.2019650655021834
-0.2338427947598253
-0.23406113537117904
-0.23427947598253274
-0.23449781659388644
-0.23471615720524017
-0.23493449781659387
-0.2351528384279476
-0.2353711790393013
-0.235589519650655
-0.23580786026200873
-0.23602620087336243
-0.23624454148471616
-0.23646288209606986
-0.23668122270742356
-0.2368995633187773
-0.237117903930131
-0.23733624454148472
-0.23755458515283842
-0.23777292576419212
-0.23799126637554585
-0.2390829694323144
-0.23930131004366811
-0.23951965065502182
-0.23973799126637554
-0.23995633187772925
-0.24017467248908297
-0.24039301310043668
-0.24061135371179038
-0.2408296943231441
-0.2410480349344978
-0.2412663755458515
-0.24148471615720524
-0.24170305676855894
-0.24192139737991267
-0.24213973799126637
-0.24235807860262007
-0.2425764192139738
-0.2427947598253275
-0.24301310043668123
-0.24323144104803493
-0.24344978165938863
-0.24366812227074236
-0.24388646288209606
-0.2441048034934498
-0.2443231441048035
-0.2445414847161572
-0.24585152838427948
-0.24606986899563318
-0.24628820960698689
-0.24650655021834061
-0.24672489082969432
-0.24694323144104804
-0.24716157205240175
-0.24737991266375545
-0.24759825327510918
-0.25349344978165933
-0.25371179039301306
-0.2539301310043668
-0.25414847161572046
-0.2543668122270742
-0.2545851528384279
-0.2548034934497816
-0.2550218340611353
-0.25524017467248905
-0.2554585152838427
-0.25567685589519645
-0.2558951965065502
-0.2561135371179039
-0.2563318777292576
-0.2565502183406113
-0.25676855895196504
-0.2569868995633187
-0.25720524017467244
-0.2574235807860262
-0.25764192139737985
-0.2578602620087336
-0.2580786026200873
-0.258296943231441
-0.2585152838427947
-0.25873362445414844
-0.25895196506550217
-0.25917030567685584
-0.25938864628820957
-0.2596069868995633
-0.25982532751091697
-0.2600436681222707
-0.26026200873362443
-0.2604803493449781
-0.26069868995633183
-0.26091703056768556
-0.26113537117903923
-0.26135371179039296
-0.2615720524017467
-0.2617903930131004
-0.2620087336244541
-0.2622270742358078
-0.26244541484716155
-0.2626637554585152
-0.26288209606986895
-0.2631004366812227
-0.26331877729257636
-0.2635371179039301
-0.2637554585152838
-0.26397379912663754
-0.2641921397379912
-0.26441048034934495
-0.2646288209606987
-0.26484716157205235
-0.2650655021834061
-0.2652838427947598
-0.2655021834061135
-0.2657205240174672
-0.26593886462882094
-0.2661572052401746
-0.26637554585152834
-0.26659388646288207
-0.2668122270742358
-0.26703056768558947
-0.2672489082969432
-0.26746724890829693
-0.2676855895196506
-0.26790393013100433
-0.26812227074235806
-0.26834061135371173
-0.26855895196506546
-0.2687772925764192
-0.26899563318777286
-0.2692139737991266
-0.2694323144104803
-0.26965065502183405
-0.2698689956331877
-0.27008733624454145
-0.2703056768558952
-0.27052401746724886
-0.2707423580786026
-0.2709606986899563
-0.27117903930131
-0.27161572052401745
-0.2724890829694323
-0.2831877729257642
-0.28340611353711787
-0.2836244541484716
-0.2838427947598253
-0.284061135371179
-0.2842794759825327
-0.28449781659388645
-0.28471615720524013
-0.28493449781659386
-0.2851528384279476
-0.2853711790393013
-0.285589519650655
-0.2858078602620087
-0.28602620087336245
-0.2862445414847161
-0.28646288209606985
-0.2866812227074236
-0.28689956331877725
-0.287117903930131
-0.2873362445414847
-0.2875545851528384
-0.2877729257641921
-0.28799126637554584
-0.28842794759825324
-0.28864628820960697
-0.2888646288209607
-0.29323144104803495
-0.2934497816593886
-0.29366812227074235
-0.2938864628820961
-0.29410480349344975
-0.2943231441048035
-0.29585152838427947
-0.31965065502183404
-0.35
-0.3502183406113537
-0.3504366812227074
-0.3506550218340611
-0.35087336244541484
-0.35109170305676857
-0.35131004366812224
-0.35152838427947597
-0.3517467248908297
-0.35196506550218337
-0.3521834061135371
-0.35240174672489083
-0.3526200873362445
-0.35283842794759823
-0.35305676855895196
-0.35327510917030563
-0.35349344978165936
-0.3537117903930131
-0.3539301310043668
-0.3541484716157205
-0.3543668122270742
-0.35458515283842795
-0.3548034934497816
-0.35502183406113536
-0.3552401746724891
-0.35545851528384276
-0.3556768558951965
-0.3558951965065502
-0.3561135371179039
-0.3563318777292576
-0.35655021834061135
-0.35698689956331875
-0.3576419213973799
-0.35873362445414847
-0.35895196506550214
-0.35917030567685587
-0.3593886462882096
-0.35960698689956333
-0.359825327510917
-0.36004366812227073
-0.36026200873362446
-0.36048034934497813
-0.36069868995633186
-0.3609170305676856
-0.36113537117903927
-0.361353711790393
-0.3615720524017467
-0.36179039301310045
-0.3620087336244541
-0.36222707423580786
-0.3624454148471616
-0.36266375545851526
-0.362882096069869
-0.3631004366812227
-0.3674672489082969
-0.3676855895196506
-0.37270742358078596
-0.3729257641921397
-0.37379912663755455
-0.3932314410480349
-0.39388646288209606
-0.39410480349344973
-0.42270742358078595
-0.4229257641921397
-0.4231441048034934
-0.00043668122270742354
-0.08886462882096069
-0.0890829694323144
-0.08995633187772925
-0.09017467248908297
-0.09585152838427946
-0.09606986899563318
-0.10043668122270742
-0.1185589519650655
-0.14061135371179037
-0.14235807860262006
-0.1425764192139738
-0.1427947598253275
-0.14301310043668122
-0.1445414847161572
-0.148471615720524
-0.14868995633187773
-0.14890829694323143
-0.14912663755458513
-0.14934497816593886
-0.14956331877729256
-0.1497816593886463
-0.15
-0.1502183406113537
-0.15043668122270742
-0.15676855895196504
-0.15698689956331877
-0.15720524017467247
-0.15742358078602617
-0.1576419213973799
-0.1578602620087336
-0.1580786026200873
-0.15829694323144103
-0.15851528384279473
-0.15873362445414846
-0.15895196506550216
-0.16724890829694322
-0.16746724890829692
-0.16768558951965065
-0.16790393013100435
-0.16812227074235805
-0.16834061135371178
-0.16855895196506548
-0.16877729257641919
-0.17030567685589518
-0.1705240174672489
-0.1707423580786026
-0.1709606986899563
-0.17117903930131004
-0.17139737991266374
-0.17161572052401747
-0.17183406113537117
-0.174235807860262
-0.17467248908296942
-0.17489082969432312
-0.17510917030567685
-0.17532751091703055
-0.17554585152838428
-0.17576419213973798
-0.17598253275109169
-0.17620087336244541
-0.17641921397379912
-0.17663755458515282
-0.17685589519650655
-0.17707423580786025
-0.17729257641921398
-0.17751091703056768
-0.17772925764192138
-0.1779475982532751
-0.1781659388646288
-0.18013100436681223
-0.18034934497816593
-0.18056768558951963
-0.18078602620087336
-0.1812227074235808
-0.1814410480349345
-0.1816593886462882
-0.1818777292576419
-0.1820960698689956
-0.18231441048034933
-0.18253275109170303
-0.19410480349344977
-0.19432314410480347
-0.19454148471615718
-0.1947598253275109
-0.1949781659388646
-0.19519650655021833
-0.19606986899563317
-0.19628820960698687
-0.1982532751091703
-0.198471615720524
-0.19868995633187772
-0.23624454148471616
-0.23646288209606986
-0.23668122270742356
-0.2368995633187773
-0.237117903930131
-0.23733624454148472
-0.23755458515283842
-0.23777292576419212
-0.23799126637554585
-0.23886462882096068
-0.2390829694323144
-0.23930131004366811
-0.23951965065502182
-0.23973799126637554
-0.23995633187772925
-0.24017467248908297
-0.24039301310043668
-0.24061135371179038
-0.2408296943231441
-0.2410480349344978
-0.2412663755458515
-0.24148471615720524
-0.24170305676855894
-0.24192139737991267
-0.24213973799126637
-0.24235807860262007
-0.2425764192139738
-0.2427947598253275
-0.24301310043668123
-0.24323144104803493
-0.24344978165938863
-0.24366812227074236
-0.2441048034934498
-0.2443231441048035
-0.24606986899563318
-0.24628820960698689
-0.24650655021834061
-0.24672489082969432
-0.24694323144104804
-0.25327510917030566
-0.25349344978165933
-0.25371179039301306
-0.2539301310043668
-0.25414847161572046
-0.2543668122270742
-0.2545851528384279
-0.2548034934497816
-0.2550218340611353
-0.25524017467248905
-0.2554585152838427
-0.25567685589519645
-0.2558951965065502
-0.2561135371179039
-0.2563318777292576
-0.2565502183406113
-0.25676855895196504
-0.2569868995633187
-0.25720524017467244
-0.2574235807860262
-0.25764192139737985
-0.2578602620087336
-0.2580786026200873
-0.258296943231441
-0.25873362445414844
-0.25982532751091697
-0.2600436681222707
-0.26026200873362443
-0.2604803493449781
-0.26069868995633183
-0.26091703056768556
-0.26113537117903923
-0.26135371179039296
-0.2615720524017467
-0.2617903930131004
-0.2620087336244541
-0.2622270742358078
-0.26244541484716155
-0.2626637554585152
-0.26288209606986895
-0.2631004366812227
-0.26331877729257636
-0.2635371179039301
-0.2637554585152838
-0.26397379912663754
-0.2641921397379912
-0.26441048034934495
-0.2646288209606987
-0.26484716157205235
-0.2650655021834061
-0.2652838427947598
-0.2655021834061135
-0.2657205240174672
-0.26593886462882094
-0.2661572052401746
-0.26637554585152834
-0.26659388646288207
-0.2668122270742358
-0.26703056768558947
-0.2672489082969432
-0.26746724890829693
-0.2676855895196506
-0.2692139737991266
-0.26965065502183405
-0.2698689956331877
-0.27008733624454145
-0.2703056768558952
-0.27052401746724886
-0.2707423580786026
-0.2709606986899563
-0.2724890829694323
-0.28296943231441046
-0.2831877729257642
-0.28340611353711787
-0.2836244541484716
-0.2838427947598253
-0.284061135371179
-0.2842794759825327
-0.28449781659388645
-0.28471615720524013
-0.28493449781659386
-0.2851528384279476
-0.2853711790393013
-0.285589519650655
-0.28602620087336245
-0.2862445414847161
-0.28646288209606985
-0.2866812227074236
-0.28689956331877725
-0.287117903930131
-0.2873362445414847
-0.2875545851528384
-0.2877729257641921
-0.28799126637554584
-0.28820960698689957
-0.28842794759825324
-0.29716157205240173
-0.29737991266375546
-0.29759825327510914
-0.29781659388646287
-0.3183406113537117
-0.31855895196506545
-0.3187772925764192
-0.3192139737991266
-0.3194323144104803
-0.31965065502183404
-0.35
-0.3502183406113537
-0.3504366812227074
-0.3506550218340611
-0.35087336244541484
-0.35109170305676857
-0.35131004366812224
-0.35152838427947597
-0.3517467248908297
-0.35196506550218337
-0.3521834061135371
-0.35240174672489083
-0.3526200873362445
-0.35283842794759823
-0.35305676855895196
-0.35327510917030563
-0.35349344978165936
-0.3537117903930131
-0.3539301310043668
-0.3541484716157205
-0.3543668122270742
-0.35458515283842795
-0.3548034934497816
-0.35502183406113536
-0.3552401746724891
-0.35545851528384276
-0.3556768558951965
-0.3558951965065502
-0.3561135371179039
-0.3563318777292576
-0.35655021834061135
-0.3567685589519651
-0.35698689956331875
-0.3572052401746725
-0.3574235807860262
-0.358296943231441
-0.35851528384279474
-0.35873362445414847
-0.35895196506550214
-0.35917030567685587
-0.3593886462882096
-0.35960698689956333
-0.359825327510917
-0.36004366812227073
-0.36026200873362446
-0.36048034934497813
-0.36069868995633186
-0.3609170305676856
-0.36113537117903927
-0.361353711790393
-0.3615720524017467
-0.36179039301310045
-0.3620087336244541
-0.36222707423580786
-0.3624454148471616
-0.36266375545851526
-0.362882096069869
-0.3724890829694323
-0.37270742358078596
-0.3729257641921397
-0.3731441048034934
-0.3733624454148471
-0.3735807860262008
-0.39257641921397374
-0.39279475982532747
-0.3930131004366812
-0.3936681222707423
-0.39410480349344973
-0.39475982532751086
-0.4220524017467248
-0.42227074235807854
-0.4224890829694323
-0.07620087336244541
-0.07641921397379912
-0.07663755458515284
-0.09126637554585151
-0.09148471615720523
-0.09170305676855894
-0.09192139737991264
-0.09213973799126636
-0.09235807860262008
-0.09257641921397379
-0.09279475982532749
-0.09759825327510917
-0.13144104803493448
-0.13580786026200872
-0.1427947598253275
-0.14301310043668122
-0.14323144104803492
-0.14344978165938863
-0.14366812227074235
-0.14388646288209606
-0.14410480349344978
-0.14432314410480349
-0.1445414847161572
-0.14475982532751092
-0.14497816593886462
-0.14519650655021832
-0.14541484716157205
-0.18034934497816593
-0.18231441048034933
-0.18253275109170303
-0.18275109170305673
-0.18296943231441046
-0.18318777292576416
-0.18427947598253272
-0.18449781659388645
-0.18471615720524015
-0.18493449781659385
-0.18515283842794758
-0.18537117903930128
-0.18558951965065498
-0.1858078602620087
-0.1860262008733624
-0.18624454148471614
-0.18646288209606984
-0.18668122270742354
-0.18689956331877727
-0.18711790393013097
-0.1873362445414847
-0.1875545851528384
-0.1877729257641921
-0.18799126637554583
-0.18820960698689954
-0.18842794759825326
-0.18864628820960697
-0.18886462882096067
-0.1890829694323144
-0.1893013100436681
-0.1895196506550218
-0.18973799126637553
-0.18995633187772923
-0.19017467248908296
-0.19039301310043666
-0.19061135371179036
-0.1908296943231441
-0.1910480349344978
-0.19126637554585152
-0.19148471615720522
-0.19170305676855892
-0.19192139737991265
-0.19213973799126635
-0.19235807860262005
-0.19257641921397378
-0.19279475982532748
-0.1930131004366812
-0.1932314410480349
-0.19344978165938861
-0.19366812227074234
-0.19388646288209604
-0.19410480349344977
-0.19432314410480347
-0.19454148471615718
-0.1947598253275109
-0.24344978165938863
-0.24366812227074236
-0.24388646288209606
-0.24628820960698689
-0.24650655021834061
-0.24694323144104804
-0.24716157205240175
-0.24912663755458514
-0.25305676855895193
-0.25327510917030566
-0.25349344978165933
-0.25371179039301306
-0.25982532751091697
-0.26135371179039296
-0.2615720524017467
-0.2617903930131004
-0.2620087336244541
-0.2622270742358078
-0.26244541484716155
-0.2626637554585152
-0.26288209606986895
-0.2631004366812227
-0.26331877729257636
-0.2635371179039301
-0.2637554585152838
-0.26397379912663754
-0.2641921397379912
-0.26441048034934495
-0.2646288209606987
-0.26484716157205235
-0.2650655021834061
-0.2652838427947598
-0.2655021834061135
-0.2657205240174672
-0.26593886462882094
-0.26703056768558947
-0.2672489082969432
-0.26746724890829693
-0.2676855895196506
-0.26790393013100433
-0.26812227074235806
-0.26834061135371173
-0.26855895196506546
-0.2687772925764192
-0.26899563318777286
-0.2692139737991266
-0.2694323144104803
-0.26965065502183405
-0.2698689956331877
-0.27008733624454145
-0.2703056768558952
-0.27052401746724886
-0.2709606986899563
-0.2713973799126637
-0.27161572052401745
-0.2779475982532751
-0.2781659388646288
-0.2783842794759825
-0.2786026200873362
-0.27882096069868995
-0.3126637554585152
-0.31288209606986894
-0.31310043668122267
-0.31331877729257634
-0.3135371179039301
-0.3137554585152838
-0.31397379912663753
-0.3141921397379912
-0.31441048034934493
-0.31462882096069866
-0.31484716157205234
-0.31506550218340607
-0.3567685589519651
-0.3572052401746725
-0.3574235807860262
-0.3576419213973799
-0.3578602620087336
-0.35807860262008734
-0.358296943231441
-0.35895196506550214
-0.35917030567685587
-0.3593886462882096
-0.35960698689956333
-0.359825327510917
-0.36004366812227073
-0.36026200873362446
-0.36048034934497813
-0.36069868995633186
-0.3609170305676856
-0.36113537117903927
-0.361353711790393
-0.3615720524017467
-0.36179039301310045
-0.3620087336244541
-0.36222707423580786
-0.3624454148471616
-0.36266375545851526
-0.362882096069869
-0.36462882096069865
-0.3648471615720523
-0.36506550218340605
-0.3652838427947598
-0.36550218340611346
-0.3657205240174672
-0.36615720524017464
-0.3663755458515283
-0.36659388646288205
-0.3668122270742358
-0.39257641921397374
-0.39279475982532747
-0.3930131004366812
-0.3932314410480349
-0.6106986899563319
-0.6109170305676855
-0.6111353711790393
-0.611353711790393
-0.6115720524017467
-0.6117903930131005
-0.6120087336244542
-0.6122270742358078
-0.6124454148471615
-0.6126637554585153
-0.612882096069869
-0.6131004366812227
-0.6133187772925764
-0.07467248908296943
-0.07489082969432315
-0.07510917030567685
-0.07685589519650654
-0.07707423580786024
-0.07729257641921396
-0.07751091703056767
-0.10655021834061133
-0.10676855895196505
-0.10698689956331876
-0.10720524017467248
-0.1074235807860262
-0.1076419213973799
-0.10786026200873361
-0.10807860262008732
-0.10829694323144104
-0.10917030567685589
-0.12379912663755459
-0.1240174672489083
-0.124235807860262
-0.1351528384279476
-0.1353711790393013
-0.135589519650655
-0.13580786026200872
-0.13602620087336242
-0.13624454148471615
-0.13646288209606985
-0.13668122270742356
-0.13689956331877728
-0.13711790393013099
-0.13733624454148471
-0.13755458515283842
-0.13777292576419212
-0.13799126637554585
-0.13820960698689955
-0.1816593886462882
-0.1818777292576419
-0.1820960698689956
-0.18231441048034933
-0.18253275109170303
-0.18275109170305673
-0.18296943231441046
-0.18318777292576416
-0.1834061135371179
-0.1836244541484716
-0.1838427947598253
-0.18646288209606984
-0.18668122270742354
-0.18689956331877727
-0.18711790393013097
-0.1873362445414847
-0.1875545851528384
-0.1877729257641921
-0.18799126637554583
-0.18820960698689954
-0.18842794759825326
-0.18864628820960697
-0.18886462882096067
-0.1890829694323144
-0.1893013100436681
-0.1895196506550218
-0.18973799126637553
-0.18995633187772923
-0.19235807860262005
-0.19257641921397378
-0.19279475982532748
-0.1930131004366812
-0.1932314410480349
-0.19344978165938861
-0.19366812227074234
-0.19388646288209604
-0.19410480349344977
-0.19432314410480347
-0.19454148471615718
-0.1947598253275109
-0.1949781659388646
-0.19519650655021833
-0.19541484716157204
-0.19563318777292574
-0.19585152838427947
-0.2631004366812227
-0.26331877729257636
-0.2635371179039301
-0.2637554585152838
-0.26397379912663754
-0.2641921397379912
-0.26441048034934495
-0.2646288209606987
-0.26484716157205235
-0.2650655021834061
-0.2652838427947598
-0.2655021834061135
-0.2657205240174672
-0.26593886462882094
-0.2661572052401746
-0.26637554585152834
-0.26659388646288207
-0.2698689956331877
-0.27008733624454145
-0.2707423580786026
-0.2709606986899563
-0.27117903930131
-0.2877729257641921
-0.28799126637554584
-0.28820960698689957
-0.28842794759825324
-0.3567685589519651
-0.35698689956331875
-0.3572052401746725
-0.3574235807860262
-0.35807860262008734
-0.358296943231441
-0.35851528384279474
-0.35873362445414847
-0.35895196506550214
-0.35917030567685587
-0.3593886462882096
-0.35960698689956333
-0.359825327510917
-0.36004366812227073
-0.36026200873362446
-0.36048034934497813
-0.36069868995633186
-0.3609170305676856
-0.36113537117903927
-0.361353711790393
-0.3615720524017467
-0.36179039301310045
-0.3620087336244541
-0.36222707423580786
-0.3624454148471616
-0.36266375545851526
-0.362882096069869
-0.3631004366812227
-0.3633187772925764
-0.36353711790393006
-0.3637554585152838
-0.3639737991266375
-0.3641921397379912
-0.3644104803493449
-0.36462882096069865
-0.3648471615720523
-0.36506550218340605
-0.3652838427947598
-0.36550218340611346
-0.3663755458515283
-0.36659388646288205
-0.3668122270742358
-0.36703056768558945
-0.3672489082969432
-0.3674672489082969
-0.3676855895196506
-0.3679039301310043
-0.36812227074235804
-0.3683406113537117
-0.36855895196506544
-0.36877729257641917
-0.3689956331877729
-0.6104803493449782
-0.6106986899563319
-0.6109170305676855
-0.6111353711790393
-0.611353711790393
-0.6115720524017467
-0.6117903930131005
-0.6120087336244542
-0.6122270742358078
-0.6124454148471615
-0.6126637554585153
