0.13372831146847228
0.13415150232754972
0.13457469318662718
0.1404993652137114
0.14092255607278883
0.1413457469318663
0.14176893779094374
0.14219212865002118
0.14261531950909861
0.14303851036817605
0.14346170122725352
0.14388489208633096
0.1443080829454084
0.14473127380448583
0.14515446466356327
0.1455776555226407
0.14600084638171817
0.17943292424883625
0.1798561151079137
0.18366483283961066
0.18408802369868812
0.18451121455776556
0.19763013118916634
0.19805332204824377
0.1984765129073212
0.20059246720270843
0.20947947524333477
0.2099026661024122
0.21032585696148964
0.2517985611510791
0.28311468472281
0.2835378755818875
0.28396106644096486
0.2911553110452814
0.29157850190435886
0.29200169276343635
0.29242488362251373
0.2936944561997461
0.29411764705882354
0.294540837917901
0.2949640287769784
0.29538721963605585
0.2958104104951333
0.29792636479052054
0.29834955564959803
0.31358442657638597
0.3140076174354634
0.31443080829454084
0.31485399915361834
0.3152771900126957
0.3157003808717732
0.31612357173085065
0.3165467625899281
0.3169699534490055
0.32120186203977996
0.3216250528988574
0.32204824375793484
0.34617012272534914
0.3465933135844266
0.34701650444350407
0.34743969530258145
0.34786288616165895
0.3482860770207364
0.3487092678798138
0.34913245873889126
0.3495556495979687
0.34997884045704614
0.35040203131612363
0.35759627592044013
0.35801946677951757
0.358442657638595
0.3588658484976725
0.3592890393567499
0.3597122302158274
0.36013542107490476
0.36055861193398225
0.3609818027930597
0.38087177316969956
0.381294964028777
0.3817181548878545
0.38214134574693187
0.3838341091832417
0.3842573000423191
0.38468049090139655
0.385103681760474
0.38552687261955143
0.38806601777401606
0.38848920863309355
0.388912399492171
0.38933559035124843
0.005924672027084216
0.2543377063055438
0.25476089716462125
0.2551840880236987
0.26237833262801524
0.2628015234870927
0.2809987304274228
0.28142192128650023
0.28184511214557767
0.2822683030046551
0.2826914938637326
0.28396106644096486
0.28438425730004235
0.2848074481591198
0.28523063901819723
0.28565382987727467
0.2860770207363521
0.2877697841726619
0.2881929750317393
0.2886161658908168
0.2890393567498942
0.28946254760897167
0.2898857384680491
0.29030892932712654
0.290732120186204
0.2911553110452814
0.29157850190435886
0.29200169276343635
0.29242488362251373
0.2928480744815912
0.2932712653406686
0.2936944561997461
0.29411764705882354
0.294540837917901
0.2949640287769784
0.29538721963605585
0.2958104104951333
0.32204824375793484
0.3432077867118071
0.34363097757088445
0.34405416842996195
0.3444773592890394
0.3449005501481168
0.34532374100719426
0.3457469318662717
0.34617012272534914
0.3465933135844266
0.34701650444350407
0.34743969530258145
0.34786288616165895
0.3482860770207364
0.3487092678798138
0.34913245873889126
0.3495556495979687
0.34997884045704614
0.35040203131612363
0.350825222175201
0.3512484130342785
0.3516716038933559
0.3520947947524334
0.3525179856115108
0.35294117647058826
0.3533643673296657
0.35378755818874313
0.35421074904782057
0.35463393990689807
0.35505713076597545
0.35548032162505294
0.3559035124841303
0.3563267033432078
0.35674989420228526
0.3571730850613627
0.35759627592044013
0.35801946677951757
0.358442657638595
0.3588658484976725
0.3592890393567499
0.3597122302158274
0.36013542107490476
0.36055861193398225
0.3609818027930597
0.36140499365213713
0.36182818451121457
0.362251375370292
0.36267456622936944
0.3630977570884469
0.3635209479475244
0.3639441388066018
0.36436732966567925
0.3647905205247567
0.3652137113838341
0.36563690224291157
0.36606009310198906
0.36648328396106644
0.36690647482014394
0.3673296656792213
0.3677528565382988
0.36817604739737625
0.3690224291155311
0.3749471011426153
0.3753702920016928
0.3757934828607702
0.3762166737198477
0.37663986457892507
0.37706305543800256
0.37748624629708
0.37790943715615744
0.3791790097333898
0.37960220059246724
0.3800253914515447
0.3804485823106221
0.38087177316969956
0.381294964028777
0.3817181548878545
0.38214134574693187
0.38256453660600936
0.38298772746508675
0.38341091832416424
0.3838341091832417
0.3842573000423191
0.38468049090139655
0.385103681760474
0.3863732543377063
0.3867964451967838
0.3872196360558612
0.3876428269149387
0.38806601777401606
0.38848920863309355
0.388912399492171
0.3977994075327973
0.3982225983918748
0.3986457892509522
0.39906898011002967
0.39949217096910705
0.39991536182818455
0.400338552687262
0.4007617435463394
0.40118493440541686
0.4016081252644943
0.40203131612357174
0.40245450698264923
0.4028776978417266
0.4033008887008041
0.4037240795598815
0.404147270418959
0.4045704612780364
0.40499365213711386
0.4054168429961913
0.4206517139229793
0.4210749047820567
0.42149809564113416
0.4219212865002116
0.4223444773592891
0.4511214557765552
0.4904782056707575
0.49090139652983494
0.49132458738891244
0.4917477782479899
0.4921709691070673
0.4925941599661448
0.4930173508252222
0.4934405416842996
0.49386373254337707
0.49428692340245456
0.494710114261532
0.4951333051206094
0.4955564959796869
0.4959796868387643
0.49640287769784175
0.49682606855691924
0.4972492594159967
0.49767245027507406
0.4980956411341515
0.498518831993229
0.49894202285230643
0.4993652137113838
0.49978840457046136
0.5002115954295387
0.5006347862886161
0.5010579771476937
0.5014811680067711
0.5019043588658485
0.5023275497249259
0.5027507405840035
0.5031739314430809
0.5361828184511215
0.5366060093101989
0.050359712230215826
0.23571730850613629
0.2361404993652137
0.24333474396953025
0.24375793482860772
0.24418112568768519
0.2632247143461701
0.26364790520524756
0.2801523487092679
0.28311468472281
0.2835378755818875
0.28396106644096486
0.2877697841726619
0.2881929750317393
0.2886161658908168
0.28946254760897167
0.2898857384680491
0.29030892932712654
0.29411764705882354
0.294540837917901
0.2949640287769784
0.32458738891239947
0.3322048243757935
0.33347439695302583
0.33389758781210327
0.3343207786711807
0.3347439695302582
0.3351671603893356
0.3368599238256454
0.33728311468472283
0.33770630554380027
0.3381294964028777
0.33855268726195514
0.33897587812103264
0.3495556495979687
0.34997884045704614
0.35040203131612363
0.350825222175201
0.3525179856115108
0.35759627592044013
0.35801946677951757
0.3592890393567499
0.3597122302158274
0.362251375370292
0.36267456622936944
0.3630977570884469
0.3635209479475244
0.3639441388066018
0.36436732966567925
0.3647905205247567
0.3652137113838341
0.36648328396106644
0.3690224291155311
0.369868810833686
0.3702920016927635
0.3707151925518409
0.37113838341091837
0.37156157426999575
0.37198476512907325
0.37240795598815063
0.37410071942446044
0.3745239102835379
0.3749471011426153
0.3753702920016928
0.3757934828607702
0.3762166737198477
0.37663986457892507
0.37706305543800256
0.37748624629708
0.37790943715615744
0.3783326280152349
0.3787558188743123
0.3791790097333898
0.37960220059246724
0.3800253914515447
0.3804485823106221
0.38087177316969956
0.381294964028777
0.3817181548878545
0.38214134574693187
0.38256453660600936
0.38298772746508675
0.38341091832416424
0.3867964451967838
0.3872196360558612
0.3876428269149387
0.38806601777401606
0.38848920863309355
0.388912399492171
0.38933559035124843
0.38975878121032587
0.3901819720694033
0.39060516292848074
0.39102835378755824
0.4257300042319086
0.43038510368176053
0.4308082945408379
0.4312314853999154
0.43165467625899284
0.4320778671180703
0.4325010579771477
0.44688954718578083
0.44731273804485827
0.4477359289039357
0.4481591197630131
0.44858231062209064
0.449005501481168
0.44942869234024546
0.44985188319932295
0.4502750740584004
0.4506982649174778
0.4511214557765552
0.4515446466356327
0.45196783749471015
0.4523910283537875
0.4528142192128651
0.45323741007194246
0.4536606009310199
0.4917477782479899
0.4921709691070673
0.4925941599661448
0.4930173508252222
0.4934405416842996
0.49386373254337707
0.49428692340245456
0.494710114261532
0.4951333051206094
0.4955564959796869
0.4959796868387643
0.49640287769784175
0.49682606855691924
0.4972492594159967
0.49767245027507406
0.4980956411341515
0.498518831993229
0.49894202285230643
0.4993652137113838
0.49978840457046136
0.5002115954295387
0.5006347862886161
0.5010579771476937
0.5014811680067711
0.5353364367329666
0.5357596275920441
0.5361828184511215
0.5366060093101989
0.5370292001692764
0.5374523910283538
0.5378755818874312
0.5382987727465087
0.5387219636055861
0.5391451544646636
0.5395683453237411
0.5399915361828185
0.5404147270418959
0.5408379179009734
0.5412611087600508
0.5416842996191282
0.5421074904782057
0.5425306813372832
0.5429538721963606
0.543377063055438
0.5438002539145155
0.544223444773593
0.5446466356326704
0.5450698264917477
0.5454930173508252
0.5459162082099027
0.5463393990689801
0.5467625899280576
0.5471857807871351
0.5476089716462125
0.5480321625052899
0.5484553533643673
0.5488785442234448
0.5493017350825222
0.5497249259415997
0.5501481168006771
0.5505713076597546
0.5509944985188321
0.5514176893779095
0.5518408802369869
0.6322471434617013
0.6326703343207787
0.6330935251798562
0.6335167160389336
0.633939906898011
0.6343630977570884
0.6347862886161659
0.6352094794752434
0.6356326703343208
0.6360558611933982
0.6364790520524757
0.6369022429115532
0.6373254337706306
0.6377486246297079
0.6381718154887855
0.6385950063478629
0.6390181972069403
0.6394413880660178
0.6398645789250953
0.6402877697841727
0.6407109606432501
0.6411341515023276
0.641557342361405
0.6419805332204824
0.6424037240795599
0.6428269149386374
0.6432501057977148
0.6436732966567923
0.6440964875158697
0.6445196783749472
0.6449428692340246
0.6462124418112569
0.6479052052475668
0.6483283961066442
0.6487515869657215
0.6491747778247989
0.6495979686838765
0.6500211595429539
0.6504443504020313
0.841726618705036
0.8421498095641134
0.8425730004231909
0.8429961912822683
0.8434193821413458
0.8438425730004232
0.8442657638595007
0.8451121455776556
0.845535336436733
0.005501481168006772
0.015234870926787982
0.05924672027084215
0.059669911129919595
0.06009310198899704
0.06051629284807449
0.11299195937367754
0.15234870926787983
0.22005924672027086
0.2361404993652137
0.2369868810833686
0.23741007194244604
0.2378332628015235
0.24418112568768519
0.2446043165467626
0.24502750740584006
0.26237833262801524
0.2628015234870927
0.2632247143461701
0.26364790520524756
0.2687261955141769
0.26914938637325436
0.2881929750317393
0.2898857384680491
0.29030892932712654
0.290732120186204
0.2911553110452814
0.3228946254760897
0.32501057977147696
0.3254337706305544
0.3330512060939484
0.33347439695302583
0.33389758781210327
0.3343207786711807
0.3368599238256454
0.33728311468472283
0.33770630554380027
0.3381294964028777
0.33855268726195514
0.33897587812103264
0.33939906898011
0.3516716038933559
0.3520947947524334
0.3525179856115108
0.3588658484976725
0.3592890393567499
0.3597122302158274
0.3630977570884469
0.3635209479475244
0.3639441388066018
0.37240795598815063
0.3817181548878545
0.38214134574693187
0.38256453660600936
0.38298772746508675
0.38341091832416424
0.38468049090139655
0.385103681760474
0.38552687261955143
0.3859500634786289
0.3863732543377063
0.38933559035124843
0.38975878121032587
0.3901819720694033
0.39060516292848074
0.39102835378755824
0.3914515446466356
0.3918747355057131
0.3922979263647905
0.3973762166737199
0.3977994075327973
0.40245450698264923
0.4028776978417266
0.4033008887008041
0.4037240795598815
0.404147270418959
0.4045704612780364
0.40499365213711386
0.4054168429961913
0.40584003385526873
0.40626322471434617
0.40668641557342367
0.40710960643250105
0.40753279729157854
0.4083791790097334
0.40880236986881086
0.4092255607278883
0.40964875158696573
0.41007194244604317
0.4104951333051206
0.4109183241641981
0.41134151502327554
0.411764705882353
0.4121878967414304
0.4422344477359289
0.4426576385950064
0.4447735928903936
0.445196783749471
0.4456199746085485
0.44604316546762596
0.44646635632670334
0.44688954718578083
0.44731273804485827
0.4477359289039357
0.4481591197630131
0.44858231062209064
0.449005501481168
0.44942869234024546
0.44985188319932295
0.4502750740584004
0.4506982649174778
0.4511214557765552
0.4515446466356327
0.45196783749471015
0.4523910283537875
0.4528142192128651
0.45323741007194246
0.49090139652983494
0.49132458738891244
0.4917477782479899
0.4921709691070673
0.4925941599661448
0.4930173508252222
0.4934405416842996
0.49386373254337707
0.49428692340245456
0.494710114261532
0.4951333051206094
0.4955564959796869
0.4959796868387643
0.49640287769784175
0.49682606855691924
0.49978840457046136
0.5002115954295387
0.5323741007194245
0.532797291578502
0.5332204824375794
0.5336436732966567
0.5340668641557343
0.5344900550148117
0.5349132458738891
0.5353364367329666
0.5357596275920441
0.5361828184511215
0.5366060093101989
0.5370292001692764
0.5374523910283538
0.5378755818874312
0.5382987727465087
0.5387219636055861
0.5391451544646636
0.5395683453237411
0.5399915361828185
0.5404147270418959
0.5408379179009734
0.5412611087600508
0.5416842996191282
0.5421074904782057
0.5425306813372832
0.5429538721963606
0.543377063055438
0.5438002539145155
0.544223444773593
0.5446466356326704
0.5450698264917477
0.5454930173508252
0.5459162082099027
0.5463393990689801
0.5467625899280576
0.5471857807871351
0.5476089716462125
0.5480321625052899
0.5484553533643673
0.5488785442234448
0.5493017350825222
0.5497249259415997
0.5501481168006771
0.5505713076597546
0.577655522640711
0.5780787134997885
0.578501904358866
0.5789250952179433
0.5793482860770207
0.5797714769360982
0.5801946677951757
0.5806178586542531
0.5810410495133306
0.581464240372408
0.5818874312314855
0.5823106220905628
0.5827338129496403
0.5962759204401185
0.6292848074481591
0.6297079983072367
0.630131189166314
0.6305543800253914
0.6309775708844689
0.6314007617435464
0.6318239526026238
0.6322471434617013
0.6326703343207787
0.6330935251798562
0.6335167160389336
0.633939906898011
0.6343630977570884
0.6347862886161659
0.6352094794752434
0.6356326703343208
0.6360558611933982
0.6364790520524757
0.6402877697841727
0.6407109606432501
0.6411341515023276
0.641557342361405
0.6419805332204824
0.6424037240795599
0.6428269149386374
0.6432501057977148
0.6436732966567923
0.6440964875158697
0.6445196783749472
0.6449428692340246
0.645366060093102
0.6457892509521794
0.6462124418112569
0.6466356326703344
0.6470588235294118
0.6474820143884892
0.6479052052475668
0.6483283961066442
0.6487515869657215
0.6491747778247989
0.6495979686838765
0.6500211595429539
0.6504443504020313
0.6508675412611088
0.6512907321201863
0.6517139229792637
0.652137113838341
0.6525603046974185
0.67879813796022
0.6834532374100719
0.6838764282691494
0.6842996191282269
0.6847228099873043
0.6851460008463818
0.6855691917054592
0.6859923825645367
0.6864155734236141
0.6868387642826915
0.6872619551417689
0.6876851460008464
0.6881083368599239
0.6885315277190013
0.6889547185780788
0.6893779094371563
0.6898011002962336
0.690224291155311
0.6906474820143885
0.691070672873466
0.6914938637325434
0.6919170545916208
0.6923402454506983
0.6927634363097758
0.6931866271688532
0.6936098180279306
0.6940330088870081
0.6944561997460855
0.6948793906051629
0.6953025814642404
0.6957257723233179
0.6961489631823953
0.0012695725772323319
0.0016927634363097758
0.0033855268726195515
0.004231908590774439
0.004655099449851883
0.0050782903089293275
0.005501481168006772
0.005924672027084216
0.014811680067710538
0.06051629284807449
0.1443080829454084
0.14473127380448583
0.14515446466356327
0.15065594583157005
0.15150232754972492
0.1895895048666949
0.2166737198476513
0.21709691070672876
0.21752010156580617
0.22005924672027086
0.22048243757934827
0.22090562843842573
0.2462970799830724
0.2467202708421498
0.24714346170122728
0.2475666525603047
0.24798984341938216
0.2611087600507829
0.26153195090986037
0.2619551417689378
0.26237833262801524
0.2628015234870927
0.2632247143461701
0.2704189589504867
0.2708421498095641
0.2712653406686416
0.271688531527719
0.2721117223867965
0.27253491324587387
0.29030892932712654
0.290732120186204
0.2911553110452814
0.29157850190435886
0.2932712653406686
0.2936944561997461
0.29411764705882354
0.2958104104951333
0.2962336013542108
0.2966567922132882
0.29707998307236566
0.2975031739314431
0.29792636479052054
0.2987727465086754
0.2991959373677529
0.2996191282268303
0.30173508252221753
0.302158273381295
0.33939906898011
0.3398222598391875
0.34997884045704614
0.35040203131612363
0.350825222175201
0.3512484130342785
0.3516716038933559
0.3559035124841303
0.3563267033432078
0.35674989420228526
0.3571730850613627
0.35759627592044013
0.35801946677951757
0.358442657638595
0.3588658484976725
0.3592890393567499
0.3597122302158274
0.36013542107490476
0.37156157426999575
0.37198476512907325
0.37240795598815063
0.3728311468472281
0.37325433770630556
0.373677528565383
0.3859500634786289
0.3863732543377063
0.3867964451967838
0.4210749047820567
0.42149809564113416
0.4219212865002116
0.4223444773592891
0.4227676682183665
0.42319085907744397
0.42361404993652135
0.42403724079559885
0.4244604316546763
0.4248836225137537
0.42530681337283116
0.4257300042319086
0.42615319509098604
0.4265763859500635
0.4269995768091409
0.5772323317816336
0.5806178586542531
0.5810410495133306
0.6369022429115532
0.6373254337706306
0.6377486246297079
0.6381718154887855
0.6385950063478629
0.6390181972069403
0.6394413880660178
0.6398645789250953
0.6402877697841727
0.6407109606432501
0.6411341515023276
0.641557342361405
0.6424037240795599
0.6428269149386374
0.6457892509521794
0.0025391451544646637
0.002962336013542108
0.0038087177316969956
0.0050782903089293275
0.005501481168006772
0.10876005078290309
0.10918324164198052
0.10960643250105799
0.14896318239526027
0.1493863732543377
0.14980956411341514
0.1502327549724926
0.15065594583157005
0.1510791366906475
0.15150232754972492
0.15192551840880236
0.15277190012695727
0.17477782479898435
0.22090562843842573
0.2213288192975032
0.2644942869234025
0.2649174777824799
0.26745662293694455
0.26787981379602205
0.26830300465509943
0.2687261955141769
0.2966567922132882
0.29707998307236566
0.2975031739314431
0.29792636479052054
0.29834955564959803
0.2996191282268303
0.3000423190859078
0.3449005501481168
0.34532374100719426
0.3457469318662717
0.34617012272534914
0.3465933135844266
0.3520947947524334
0.3525179856115108
0.35505713076597545
0.35548032162505294
0.3559035124841303
0.35674989420228526
0.3571730850613627
0.40964875158696573
0.41007194244604317
0.4413880660177741
0.4549301735082522
0.45535336436732965
0.45577655522640714
0.45789250952179433
0.9881506559458316
0.1455776555226407
0.15150232754972492
0.20101565806178587
0.26153195090986037
0.2619551417689378
0.26703343207786717
0.3000423190859078
0.3004655099449852
0.30088870080406266
0.3013118916631401
0.302158273381295
0.30258146424037247
0.30300465509944985
0.30342784595852734
0.3038510368176047
0.33347439695302583
0.3368599238256454
0.33728311468472283
0.33770630554380027
0.33897587812103264
0.3398222598391875
0.39060516292848074
0.4308082945408379
0.4312314853999154
0.43165467625899284
0.4320778671180703
0.4325010579771477
0.43292424883622516
0.4333474396953026
0.43377063055438003
0.4341938214134575
0.43461701227253496
0.43504020313161235
0.4354633939906898
0.4358865848497673
0.4363097757088447
0.4367329665679221
0.43715615742699965
0.43757934828607703
0.43800253914515447
0.43842573000423196
0.4388489208633094
0.4392721117223868
0.4396953025814642
0.4401184934405417
0.44054168429961915
0.44096487515869653
0.4413880660177741
0.44181125687685147
0.4422344477359289
0.4426576385950064
0.44308082945408384
0.4435040203131612
0.44392721117223866
0.44435040203131615
0.4447735928903936
0.445196783749471
0.4456199746085485
0.44604316546762596
0.44646635632670334
0.44688954718578083
0.44731273804485827
0.4502750740584004
0.4506982649174778
0.4511214557765552
0.4515446466356327
0.45196783749471015
0.4523910283537875
0.4528142192128651
0.45323741007194246
0.4536606009310199
0.4540837917900974
0.45450698264917483
0.4549301735082522
0.45535336436732965
0.4900550148116801
0.4904782056707575
0.49090139652983494
0.4934405416842996
0.4959796868387643
0.49640287769784175
0.4972492594159967
0.49767245027507406
0.4980956411341515
0.498518831993229
0.49894202285230643
0.4993652137113838
0.49978840457046136
0.5002115954295387
0.5006347862886161
0.5010579771476937
0.50994498518832
0.8239526026237833
0.8243757934828608
0.8247989843419383
0.8260685569191706
0.8264917477782481
0.1108760050782903
0.11129919593736776
0.11172238679644521
0.13245873889123996
0.13922979263647906
0.1396529834955565
0.14007617435463396
0.14303851036817605
0.1455776555226407
0.16292848074481592
0.20059246720270843
0.20101565806178587
0.2014388489208633
0.20186203977994074
0.2848074481591198
0.28523063901819723
0.2962336013542108
0.2966567922132882
0.3000423190859078
0.3004655099449852
0.30088870080406266
0.3013118916631401
0.30173508252221753
0.302158273381295
0.30258146424037247
0.30300465509944985
0.30342784595852734
0.3038510368176047
0.3042742276766822
0.30469741853575966
0.3072365636902243
0.30892932712653404
0.3110452814219213
0.3114684722809987
0.3118916631400762
0.4481591197630131
0.44858231062209064
0.449005501481168
0.44942869234024546
0.44985188319932295
0.4502750740584004
0.4506982649174778
0.4511214557765552
0.4515446466356327
0.4561997460854846
0.45662293694456196
0.4570461278036395
0.49682606855691924
0.49767245027507406
0.4980956411341515
0.498518831993229
0.5010579771476937
0.5014811680067711
0.5019043588658485
0.5023275497249259
0.5027507405840035
0.5031739314430809
0.5035971223021583
0.5065594583157004
0.5069826491747779
0.5074058400338552
0.5078290308929327
0.5082522217520102
0.5086754126110876
0.509098603470165
0.5095217943292425
0.5129073212018621
0.60431654676259
0.6047397376216673
0.6051629284807449
0.9445619974608548
0.9454083791790099
0.9466779517562423
0.9471011426153195
0.947524333474397
0.9479475243334744
0.06686415573423614
0.11002962336013543
0.1108760050782903
0.13838341091832415
0.13880660177740162
0.1413457469318663
0.14176893779094374
0.16208209902666104
0.18662716885315278
0.1993228946254761
0.19974608548455353
0.200169276343631
0.20059246720270843
0.24206517139229797
0.24248836225137538
0.2446043165467626
0.29200169276343635
0.29242488362251373
0.2928480744815912
0.29538721963605585
0.2958104104951333
0.2991959373677529
0.2996191282268303
0.3000423190859078
0.3004655099449852
0.30088870080406266
0.3013118916631401
0.30173508252221753
0.302158273381295
0.30258146424037247
0.30300465509944985
0.30342784595852734
0.3038510368176047
0.3042742276766822
0.3051206093948371
0.30554380025391453
0.30596699111299197
0.3076597545493018
0.30808294540837916
0.31443080829454084
0.31485399915361834
0.3152771900126957
0.3157003808717732
0.31612357173085065
0.32712653406686415
0.32754972492594164
0.49386373254337707
0.49428692340245456
0.4951333051206094
0.4955564959796869
0.49767245027507406
0.4980956411341515
0.5002115954295387
0.5006347862886161
0.5010579771476937
0.5019043588658485
0.5023275497249259
0.5027507405840035
0.5031739314430809
0.5035971223021583
0.5040203131612357
0.5044435040203132
0.5048666948793906
0.505289885738468
0.5057130765975455
0.506136267456623
0.5065594583157004
0.5069826491747779
0.5074058400338552
0.5078290308929327
0.5082522217520102
0.5086754126110876
0.9432924248836225
0.9441388066017775
0.9445619974608548
0.9458315700380872
0.9462547608971646
0.9466779517562423
0.9471011426153195
0.184934405416843
0.18535759627592044
0.1895895048666949
0.19001269572577234
0.20355480321625052
0.24418112568768519
0.2446043165467626
0.24502750740584006
0.2911553110452814
0.29157850190435886
0.29200169276343635
0.29242488362251373
0.29834955564959803
0.30088870080406266
0.3013118916631401
0.30173508252221753
0.302158273381295
0.30258146424037247
0.30300465509944985
0.3038510368176047
0.3042742276766822
0.30469741853575966
0.3051206093948371
0.30596699111299197
0.3063901819720694
0.30681337283114685
0.3072365636902243
0.3076597545493018
0.30808294540837916
0.33601354210749046
0.33643673296656795
0.5996614473127381
0.6000846381718156
0.6089716462124418
0.9441388066017775
0.9445619974608548
0.9449851883199324
0.9454083791790099
0.9458315700380872
0.9462547608971646
0.9466779517562423
0.9471011426153195
0.947524333474397
0.9479475243334744
0.9483707151925519
0.9487939060516294
0.9492170969107067
0.06305543800253915
0.18705035971223022
0.18747355057130766
0.1878967414303851
0.18831993228946253
0.2014388489208633
0.20186203977994074
0.23529411764705882
0.2378332628015235
0.23825645366060094
0.23867964451967838
0.23910283537875582
0.23952602623783328
0.23994921709691072
0.24037240795598816
0.24079559881506563
0.24121878967414304
0.2416419805332205
0.24206517139229797
0.24248836225137538
0.24291155311045284
0.24333474396953025
0.24375793482860772
0.24418112568768519
0.2446043165467626
0.24502750740584006
0.27888277613203555
0.279305966991113
0.2898857384680491
0.3000423190859078
0.3004655099449852
0.30850613626745665
0.30892932712653404
0.30935251798561153
0.9394837071519256
0.939906898011003
0.9403300888700805
0.9407532797291578
0.9411764705882353
0.9415996614473128
0.9420228523063902
0.9424460431654677
0.9428692340245451
0.9432924248836225
0.9437156157427
0.9441388066017775
0.9445619974608548
0.9449851883199324
0.9454083791790099
0.9458315700380872
-0.23402454506982648
-0.23444773592890394
-0.2348709267879814
-0.23529411764705882
-0.23656369022429116
-0.2369868810833686
-0.23741007194244604
-0.2378332628015235
-0.23825645366060094
-0.23867964451967838
-0.23910283537875582
-0.23952602623783328
-0.2890393567498942
-0.2991959373677529
-0.2996191282268303
-0.3000423190859078
-0.30850613626745665
-0.9382141345746933
-0.9386373254337707
-0.9390605162928481
-0.9394837071519256
-0.939906898011003
-0.9403300888700805
-0.9407532797291578
-0.9411764705882353
-0.9415996614473128
-0.9420228523063902
-0.9424460431654677
-0.9428692340245451
-0.9432924248836225
-0.9437156157427
-0.9441388066017775
-0.2581464240372408
-0.2594159966144731
-0.2598391874735506
-0.260262378332628
-0.2606855691917055
-0.2611087600507829
-0.26153195090986037
-0.2619551417689378
-0.26237833262801524
-0.2628015234870927
-0.2632247143461701
-0.26364790520524756
-0.264071096064325
-0.2975031739314431
-0.3038510368176047
-0.3042742276766822
-0.30469741853575966
-0.30681337283114685
-0.31612357173085065
-0.3165467625899281
-0.2543377063055438
-0.25687685146000844
-0.25730004231908593
-0.25772323317816337
-0.2581464240372408
-0.25856961489631825
-0.2589928057553957
-0.2594159966144731
-0.2598391874735506
-0.260262378332628
-0.2606855691917055
-0.2611087600507829
-0.26153195090986037
-0.2619551417689378
-0.26237833262801524
-0.2628015234870927
-0.2632247143461701
-0.26364790520524756
-0.264071096064325
-0.30554380025391453
-0.13838341091832415
-0.13880660177740162
-0.14092255607278883
-0.14303851036817605
-0.21752010156580617
-0.21794329242488364
-0.2501057977147694
-0.25052898857384687
-0.25095217943292425
-0.25137537029200174
-0.2530681337283115
-0.25349132458738893
-0.25391451544646637
-0.2543377063055438
-0.25476089716462125
-0.2551840880236987
-0.2556072788827762
-0.25603046974185356
-0.25645366060093105
-0.25687685146000844
-0.2594159966144731
-0.2598391874735506
-0.260262378332628
-0.2606855691917055
-0.2611087600507829
-0.26153195090986037
-0.2619551417689378
-0.29538721963605585
-0.2958104104951333
-0.30088870080406266
-0.3013118916631401
-0.30173508252221753
-0.302158273381295
-0.30300465509944985
-0.30342784595852734
-0.3038510368176047
-0.3042742276766822
-0.30469741853575966
-0.3051206093948371
-0.31993228946254765
-0.3368599238256454
-0.3381294964028777
-0.33855268726195514
-0.33897587812103264
-0.33939906898011
-0.3398222598391875
-0.3402454506982649
-0.3406686415573424
-0.702496826068557
-0.7029200169276344
-0.7033432077867118
-0.7037663986457893
-0.7041895895048668
-0.7046127803639441
-0.7050359712230216
-0.705459162082099
-0.7071519255184088
-0.7075751163774863
-0.21836648328396105
-0.21878967414303852
-0.21921286500211598
-0.2196360558611934
-0.22005924672027086
-0.22048243757934827
-0.23233178163351673
-0.25052898857384687
-0.25095217943292425
-0.25137537029200174
-0.2517985611510791
-0.2522217520101566
-0.26237833262801524
-0.2649174777824799
-0.26534066864155736
-0.2657638595006348
-0.26618705035971224
-0.2666102412187897
-0.26703343207786717
-0.26745662293694455
-0.26787981379602205
-0.26830300465509943
-0.28523063901819723
-0.3000423190859078
-0.3004655099449852
-0.30258146424037247
-0.30300465509944985
-0.30342784595852734
-0.30469741853575966
-0.3051206093948371
-0.3063901819720694
-0.30681337283114685
-0.3072365636902243
-0.3076597545493018
-0.30808294540837916
-0.30850613626745665
-0.30892932712653404
-0.30935251798561153
-0.30977570884468897
-0.3101988997037664
-0.31062209056284384
-0.31443080829454084
-0.31485399915361834
-0.3152771900126957
-0.3157003808717732
-0.31908590774439277
-0.31993228946254765
-0.3207786711807025
-0.37790943715615744
-0.3783326280152349
-0.3791790097333898
-0.449005501481168
-0.4506982649174778
-0.7363520947947525
-0.7367752856538299
-0.7380448582310623
-0.12441811256876852
-0.24798984341938216
-0.24841303427845962
-0.24883622513753703
-0.2492594159966145
-0.2496826068556919
-0.2501057977147694
-0.25052898857384687
-0.25095217943292425
-0.25137537029200174
-0.25645366060093105
-0.2619551417689378
-0.26237833262801524
-0.2628015234870927
-0.2632247143461701
-0.26364790520524756
-0.264071096064325
-0.2644942869234025
-0.2649174777824799
-0.26534066864155736
-0.2657638595006348
-0.26618705035971224
-0.2666102412187897
-0.26703343207786717
-0.26745662293694455
-0.3063901819720694
-0.3118916631400762
-0.31231485399915365
-0.3127380448582311
-0.31316123571730853
-0.31358442657638597
-0.3140076174354634
-0.31443080829454084
-0.31485399915361834
-0.3152771900126957
-0.3157003808717732
-0.31612357173085065
-0.3165467625899281
-0.3169699534490055
-0.31739314430808296
-0.3178163351671604
-0.31823952602623784
-0.3186627168853153
-0.31908590774439277
-0.31950909860347015
-0.31993228946254765
-0.3241641980533221
-0.38468049090139655
-0.385103681760474
-0.38552687261955143
-0.3859500634786289
-0.3867964451967838
-0.3872196360558612
-0.3876428269149387
-0.38806601777401606
-0.38848920863309355
-0.388912399492171
-0.44308082945408384
-0.4435040203131612
-0.44392721117223866
-0.44435040203131615
-0.4447735928903936
-0.445196783749471
-0.4456199746085485
-0.44604316546762596
-0.44646635632670334
-0.44688954718578083
-0.44731273804485827
-0.4477359289039357
-0.4481591197630131
-0.44858231062209064
-0.449005501481168
-0.44942869234024546
-0.44985188319932295
-0.12060939483707152
-0.12103258569614898
-0.12187896741430386
-0.1223021582733813
-0.2522217520101566
-0.252644942869234
-0.2551840880236987
-0.2589928057553957
-0.2594159966144731
-0.2598391874735506
-0.260262378332628
-0.2606855691917055
-0.2611087600507829
-0.26153195090986037
-0.2619551417689378
-0.26237833262801524
-0.2628015234870927
-0.2632247143461701
-0.26914938637325436
-0.2695725772323318
-0.26999576809140924
-0.271688531527719
-0.2721117223867965
-0.28438425730004235
-0.3118916631400762
-0.31231485399915365
-0.3127380448582311
-0.31316123571730853
-0.31358442657638597
-0.3140076174354634
-0.3169699534490055
-0.31739314430808296
-0.3178163351671604
-0.31823952602623784
-0.3186627168853153
-0.31908590774439277
-0.31950909860347015
-0.31993228946254765
-0.3216250528988574
-0.32204824375793484
-0.3224714346170123
-0.3228946254760897
-0.3233178163351672
-0.3237410071942446
-0.3495556495979687
-0.34997884045704614
-0.350825222175201
-0.35674989420228526
-0.35759627592044013
-0.35801946677951757
-0.358442657638595
-0.3588658484976725
-0.3592890393567499
-0.3597122302158274
-0.36013542107490476
-0.36055861193398225
-0.38298772746508675
-0.38341091832416424
-0.3838341091832417
-0.3842573000423191
-0.38468049090139655
-0.385103681760474
-0.38552687261955143
-0.3859500634786289
-0.3863732543377063
-0.3867964451967838
-0.3876428269149387
-0.38806601777401606
-0.24079559881506563
-0.2589928057553957
-0.2594159966144731
-0.2598391874735506
-0.260262378332628
-0.2606855691917055
-0.2611087600507829
-0.26153195090986037
-0.2619551417689378
-0.26237833262801524
-0.27295810410495136
-0.3114684722809987
-0.3169699534490055
-0.31739314430808296
-0.3178163351671604
-0.31823952602623784
-0.3186627168853153
-0.31908590774439277
-0.31950909860347015
-0.31993228946254765
-0.32204824375793484
-0.3224714346170123
-0.3228946254760897
-0.3233178163351672
-0.35040203131612363
-0.3571730850613627
-0.358442657638595
-0.3597122302158274
-0.3609818027930597
-0.385103681760474
-0.3859500634786289
-0.38848920863309355
-0.388912399492171
-0.10241218789674143
-0.10283537875581888
-0.10325856961489632
-0.10368176047397377
-0.10410495133305121
-0.10579771476936099
-0.10622090562843843
-0.10664409648751587
-0.10706728734659332
-0.10749047820567076
-0.2467202708421498
-0.24714346170122728
-0.24841303427845962
-0.25137537029200174
-0.2517985611510791
-0.2522217520101566
-0.2556072788827762
-0.25603046974185356
-0.2632247143461701
-0.26364790520524756
-0.2644942869234025
-0.2649174777824799
-0.2687261955141769
-0.2708421498095641
-0.2712653406686416
-0.271688531527719
-0.2763436309775709
-0.2767668218366483
-0.2771900126957258
-0.3118916631400762
-0.31231485399915365
-0.3127380448582311
-0.31316123571730853
-0.31358442657638597
-0.3140076174354634
-0.31443080829454084
-0.31485399915361834
-0.3152771900126957
-0.3165467625899281
-0.3169699534490055
-0.31739314430808296
-0.3178163351671604
-0.31823952602623784
-0.3186627168853153
-0.31908590774439277
-0.31950909860347015
-0.31993228946254765
-0.32035548032162503
-0.3207786711807025
-0.32120186203977996
-0.3233178163351672
-0.3237410071942446
-0.350825222175201
-0.3512484130342785
-0.3516716038933559
-0.3520947947524334
-0.35801946677951757
-0.358442657638595
-0.38341091832416424
-0.3842573000423191
-0.4481591197630131
-0.44858231062209064
-0.449005501481168
-0.44942869234024546
-0.44985188319932295
-0.4502750740584004
