0.038930581613508444
0.039399624765478425
0.03986866791744841
0.04080675422138837
0.04127579737335835
0.045497185741088186
0.04596622889305817
0.04737335834896811
0.11303939962476549
0.11350844277673547
0.11397748592870545
0.11444652908067543
0.11491557223264541
0.17589118198874298
0.17636022514071295
0.2621951219512195
0.2626641651031895
0.2631332082551595
0.2636022514071295
0.26407129455909945
0.26454033771106944
0.2650093808630394
0.26547842401500943
0.2659474671669794
0.3100375234521576
0.3105065666041276
0.3109756097560976
0.31332082551594753
0.31378986866791747
0.31425891181988747
0.3147279549718574
0.3151969981238274
0.3545966228893059
0.3550656660412758
0.3555347091932458
0.3560037523452158
0.4272983114446529
0.4277673545966229
0.49812382739212013
0.49953095684803
0.5
0.5004690431519699
0.8320825515947468
0.8325515947467167
0.8330206378986866
0.8334896810506568
0.8339587242026267
0.8344277673545967
0.8348968105065667
0.8353658536585367
0.8358348968105066
0.8363039399624767
0.8367729831144466
0.0323639774859287
0.03283302063789869
0.03330206378986867
0.04033771106941839
0.04127579737335835
0.04409005628517824
0.04455909943714822
0.045028142589118206
0.04596622889305817
0.04690431519699813
0.06332082551594746
0.06378986866791746
0.06425891181988744
0.0647279549718574
0.0651969981238274
0.06566604127579738
0.06894934333958724
0.06941838649155724
0.0698874296435272
0.07035647279549719
0.07082551594746718
0.09427767354596624
0.09474671669793622
0.10178236397748593
0.10225140712945592
0.1027204502814259
0.10318949343339588
0.10365853658536586
0.10412757973733583
0.11257035647279551
0.11303939962476549
0.11350844277673547
0.11397748592870545
0.11444652908067543
0.11491557223264541
0.11538461538461539
0.11585365853658537
0.11632270168855535
0.11679174484052535
0.11726078799249531
0.11772983114446531
0.1552532833020638
0.15572232645403378
0.15619136960600374
0.15666041275797377
0.15712945590994373
0.1575984990619137
0.15853658536585366
0.15900562851782366
0.15947467166979365
0.1651031894934334
0.16557223264540338
0.16604127579737338
0.16651031894934334
0.16697936210131334
0.1674484052532833
0.1679174484052533
0.1683864915572233
0.16885553470919326
0.16932457786116323
0.16979362101313322
0.17026266416510322
0.17073170731707318
0.17120075046904315
0.17166979362101314
0.1730769230769231
0.17354596622889307
0.17401500938086303
0.17448405253283303
0.17495309568480302
0.175422138836773
0.18198874296435275
0.1824577861163227
0.18292682926829268
0.18339587242026267
0.18386491557223267
0.18433395872420263
0.18480300187617263
0.1852720450281426
0.18574108818011256
0.18621013133208258
0.18667917448405255
0.18714821763602252
0.1876172607879925
0.18808630393996248
0.18855534709193247
0.18902439024390247
0.18949343339587243
0.1899624765478424
0.1904315196998124
0.1909005628517824
0.19136960600375236
0.19183864915572232
0.19230769230769232
0.1927767354596623
0.19324577861163228
0.19371482176360227
0.19418386491557224
0.1946529080675422
0.19512195121951223
0.1955909943714822
0.19606003752345216
0.19652908067542216
0.2054409005628518
0.20590994371482177
0.20637898686679176
0.20684803001876176
0.20731707317073172
0.2077861163227017
0.20825515947467166
0.20872420262664168
0.20919324577861165
0.20966228893058161
0.2101313320825516
0.2157598499061914
0.21622889305816137
0.21669793621013134
0.2171669793621013
0.21763602251407133
0.2181050656660413
0.21857410881801126
0.21904315196998125
0.23123827392120078
0.23170731707317074
0.23217636022514074
0.2326454033771107
0.23311444652908067
0.2335834896810507
0.23405253283302066
0.23452157598499063
0.23499061913696062
0.24202626641651034
0.24249530956848034
0.2429643527204503
0.24343339587242027
0.24390243902439024
0.24437148217636023
0.25422138836772984
0.25703564727954975
0.25750469043151974
0.2584427767354597
0.26125703564727953
0.26547842401500943
0.2659474671669794
0.26641651031894936
0.2673545966228893
0.2678236397748593
0.2682926829268293
0.2687617260787993
0.2692307692307693
0.2696998123827392
0.27485928705440904
0.27532833020637903
0.275797373358349
0.27626641651031897
0.2767354596622889
0.2772045028142589
0.27767354596622895
0.2781425891181989
0.2786116322701689
0.28283302063789867
0.2833020637898687
0.28377110694183866
0.28424015009380865
0.28470919324577865
0.2851782363977486
0.2856472795497186
0.2861163227016886
0.28658536585365857
0.28705440900562856
0.2875234521575985
0.2879924953095685
0.2884615384615385
0.28893058161350843
0.2893996247654785
0.2898686679174484
0.2903377110694184
0.2908067542213884
0.29127579737335835
0.29174484052532834
0.3710131332082552
0.3714821763602251
0.3719512195121951
0.37242026266416517
0.5909943714821765
0.5914634146341464
0.5919324577861164
0.8381801125703565
0.8386491557223265
0.8391181988742965
0.8395872420262666
0.8400562851782365
0.8405253283302064
0.8409943714821765
0.8414634146341464
0.8419324577861164
0.8424015009380863
0.8428705440900564
0.8433395872420263
0.8438086303939962
0.8442776735459663
0.8447467166979362
0.8452157598499063
0.8456848030018763
0.8461538461538463
0.8466228893058162
0.8470919324577861
0.8475609756097562
0.8480300187617261
0.8484990619136961
0.8489681050656661
0.849437148217636
0.849906191369606
0.9624765478424016
0.9845215759849907
0.9849906191369606
0.9854596622889307
0.9859287054409006
0.9863977485928705
0.9868667917448406
0.04033771106941839
0.045028142589118206
0.045497185741088186
0.04596622889305817
0.04643527204502814
0.04690431519699813
0.04737335834896811
0.06144465290806755
0.061913696060037535
0.06238273921200751
0.06425891181988744
0.0647279549718574
0.0651969981238274
0.06566604127579738
0.06613508442776736
0.06660412757973734
0.06707317073170732
0.0675422138836773
0.06801125703564728
0.06848030018761726
0.06894934333958724
0.06941838649155724
0.07035647279549719
0.07082551594746718
0.07129455909943715
0.11632270168855535
0.11679174484052535
0.11726078799249531
0.11772983114446531
0.11819887429643527
0.11866791744840526
0.11913696060037525
0.11960600375234522
0.12007504690431521
0.12054409005628518
0.12851782363977488
0.12898686679174484
0.1294559099437148
0.12992495309568483
0.1303939962476548
0.13086303939962476
0.1350844277673546
0.13555347091932457
0.13602251407129456
0.13649155722326456
0.13883677298311448
0.13930581613508444
0.14165103189493436
0.14587242026266417
0.14634146341463417
0.14681050656660413
0.1472795497185741
0.14774859287054412
0.1482176360225141
0.14868667917448405
0.14915572232645405
0.14962476547842402
0.150093808630394
0.150562851782364
0.15103189493433397
0.1575984990619137
0.1580675422138837
0.15853658536585366
0.15900562851782366
0.15947467166979365
0.15994371482176362
0.16041275797373358
0.16088180112570358
0.16135084427767357
0.16181988742964354
0.1622889305816135
0.1627579737335835
0.16322701688555347
0.16369606003752346
0.16416510318949346
0.16463414634146342
0.1651031894934334
0.16557223264540338
0.16604127579737338
0.16651031894934334
0.16697936210131334
0.1674484052532833
0.1679174484052533
0.1683864915572233
0.16885553470919326
0.16932457786116323
0.16979362101313322
0.17026266416510322
0.17073170731707318
0.17120075046904315
0.17166979362101314
0.1721388367729831
0.1726078799249531
0.1730769230769231
0.17354596622889307
0.17401500938086303
0.17448405253283303
0.17495309568480302
0.175422138836773
0.17589118198874298
0.17636022514071295
0.17682926829268295
0.17729831144465294
0.1777673545966229
0.17823639774859287
0.17870544090056287
0.17917448405253286
0.17964352720450283
0.18011257035647282
0.1805816135084428
0.18105065666041276
0.18151969981238275
0.18198874296435275
0.1824577861163227
0.18292682926829268
0.18339587242026267
0.18386491557223267
0.18433395872420263
0.18480300187617263
0.1852720450281426
0.18574108818011256
0.18621013133208258
0.18667917448405255
0.18714821763602252
0.1876172607879925
0.18808630393996248
0.18855534709193247
0.18902439024390247
0.18949343339587243
0.1899624765478424
0.1904315196998124
0.1909005628517824
0.19136960600375236
0.19183864915572232
0.19230769230769232
0.1927767354596623
0.19324577861163228
0.19371482176360227
0.19418386491557224
0.1946529080675422
0.19512195121951223
0.1955909943714822
0.19606003752345216
0.19652908067542216
0.19699812382739212
0.19746716697936212
0.1979362101313321
0.19840525328330208
0.19887429643527205
0.20262664165103192
0.21200750469043153
0.2124765478424015
0.21294559099437152
0.2134146341463415
0.21388367729831145
0.21435272045028145
0.21482176360225141
0.2152908067542214
0.2157598499061914
0.21622889305816137
0.21669793621013134
0.2171669793621013
0.21763602251407133
0.2181050656660413
0.21857410881801126
0.21904315196998125
0.21951219512195122
0.21998123827392121
0.2204502814258912
0.22091932457786118
0.22138836772983114
0.22185741088180114
0.22373358348968106
0.22420262664165105
0.22467166979362105
0.24249530956848034
0.2429643527204503
0.24390243902439024
0.24437148217636023
0.24484052532833026
0.24530956848030022
0.2457786116322702
0.24624765478424016
0.24671669793621015
0.2518761726078799
0.2523452157598499
0.2528142589118199
0.25328330206378985
0.2537523452157599
0.25422138836772984
0.25469043151969983
0.25515947467166983
0.25562851782363977
0.25609756097560976
0.25656660412757976
0.25703564727954975
0.25750469043151974
0.2579737335834897
0.2584427767354597
0.2589118198874296
0.2593808630393996
0.25984990619136966
0.2603189493433396
0.2631332082551595
0.2636022514071295
0.26454033771106944
0.26641651031894936
0.26688555347091936
0.2673545966228893
0.2678236397748593
0.2682926829268293
0.2687617260787993
0.2692307692307693
0.2696998123827392
0.2701688555347092
0.2706378986866792
0.27110694183864914
0.2715759849906192
0.27204502814258913
0.2725140712945591
0.2729831144465291
0.27345215759849906
0.27392120075046905
0.27439024390243905
0.28470919324577865
0.2851782363977486
0.2856472795497186
0.2861163227016886
0.28658536585365857
0.28705440900562856
0.2875234521575985
0.2879924953095685
0.2884615384615385
0.28893058161350843
0.2893996247654785
0.2898686679174484
0.2903377110694184
0.2908067542213884
0.29127579737335835
0.29174484052532834
0.29221388367729834
0.29268292682926833
0.2931519699812383
0.29362101313320826
0.29409005628517826
0.2945590994371482
0.2973733583489681
0.2978424015009381
0.2983114446529081
0.2987804878048781
0.29924953095684803
0.299718574108818
0.300187617260788
0.30065666041275796
0.301125703564728
0.30159474671669795
0.30347091932457787
0.31191369606003755
0.3123827392120075
0.31285178236397754
0.31332082551594753
0.31378986866791747
0.36772983114446534
0.3681988742964353
0.39446529080675424
0.42448405253283306
0.424953095684803
0.425422138836773
0.42589118198874304
0.44465290806754226
0.4451219512195122
0.4737335834896811
0.4742026266416511
0.474671669793621
0.475140712945591
0.475609756097561
0.476078799249531
0.476547842401501
0.47701688555347094
0.47748592870544093
0.4779549718574109
0.47842401500938087
0.4788930581613509
0.47936210131332085
0.47983114446529085
0.48030018761726084
0.4807692307692308
0.4812382739212008
0.4817073170731707
0.4821763602251407
0.4826454033771107
0.48311444652908064
0.48358348968105075
0.4840525328330207
0.4845215759849907
0.4849906191369607
0.4854596622889306
0.4859287054409006
0.5900562851782365
0.5905253283302064
0.5909943714821765
0.5938086303939962
0.5942776735459663
0.5947467166979362
0.8386491557223265
0.8391181988742965
0.8395872420262666
0.8400562851782365
0.8405253283302064
0.8409943714821765
0.8414634146341464
0.8419324577861164
0.8424015009380863
0.8428705440900564
0.8433395872420263
0.8438086303939962
0.8442776735459663
0.8447467166979362
0.8452157598499063
0.8456848030018763
0.8461538461538463
0.8466228893058162
0.8470919324577861
0.8475609756097562
0.8480300187617261
0.8484990619136961
0.8489681050656661
0.849437148217636
0.849906191369606
0.850375234521576
0.9029080675422139
0.9033771106941839
0.9038461538461539
0.9043151969981239
0.904784240150094
0.9652908067542214
0.9657598499061913
0.9845215759849907
0.9849906191369606
0.9854596622889307
0.9859287054409006
0.9863977485928705
0.9868667917448406
0.017823639774859287
0.01829268292682927
0.021106941838649158
0.04737335834896811
0.04784240150093809
0.04831144465290807
0.04878048780487806
0.04924953095684803
0.04971857410881801
0.05112570356472796
0.05300187617260788
0.054878048780487805
0.055347091932457786
0.05581613508442777
0.056285178236397754
0.056754221388367734
0.057223264540337715
0.057692307692307696
0.05909943714821764
0.059568480300187625
0.060037523452157605
0.060506566604127586
0.06097560975609756
0.06144465290806755
0.061913696060037535
0.06238273921200751
0.0628517823639775
0.06332082551594746
0.06378986866791746
0.06425891181988744
0.0647279549718574
0.0698874296435272
0.07082551594746718
0.07129455909943715
0.0825515947467167
0.09240150093808631
0.11116322701688557
0.11163227016885555
0.11210131332082553
0.11257035647279551
0.11303939962476549
0.11350844277673547
0.11397748592870545
0.11444652908067543
0.11491557223264541
0.11726078799249531
0.11772983114446531
0.11819887429643527
0.11866791744840526
0.11913696060037525
0.11960600375234522
0.12007504690431521
0.12054409005628518
0.12101313320825517
0.12148217636022515
0.12195121951219512
0.12242026266416513
0.1228893058161351
0.12335834896810507
0.12382739212007507
0.12429643527204504
0.12476547842401502
0.125234521575985
0.125703564727955
0.12617260787992496
0.12664165103189493
0.13227016885553472
0.13367729831144465
0.13414634146341464
0.13461538461538464
0.1350844277673546
0.13555347091932457
0.13602251407129456
0.13649155722326456
0.13696060037523453
0.13742964352720452
0.1378986866791745
0.13836772983114445
0.13883677298311448
0.13930581613508444
0.1397748592870544
0.1402439024390244
0.14071294559099437
0.14118198874296436
0.14165103189493436
0.1449343339587242
0.14634146341463417
0.14681050656660413
0.1472795497185741
0.14774859287054412
0.1482176360225141
0.14868667917448405
0.14915572232645405
0.14962476547842402
0.150093808630394
0.150562851782364
0.1580675422138837
0.16088180112570358
0.16135084427767357
0.16181988742964354
0.1622889305816135
0.1627579737335835
0.16322701688555347
0.16369606003752346
0.16416510318949346
0.16463414634146342
0.1651031894934334
0.16557223264540338
0.16604127579737338
0.16651031894934334
0.16697936210131334
0.1674484052532833
0.1679174484052533
0.1683864915572233
0.16885553470919326
0.16932457786116323
0.16979362101313322
0.17026266416510322
0.17073170731707318
0.17120075046904315
0.17166979362101314
0.1721388367729831
0.1726078799249531
0.1730769230769231
0.17354596622889307
0.17401500938086303
0.17448405253283303
0.17636022514071295
0.17682926829268295
0.17823639774859287
0.17870544090056287
0.17917448405253286
0.17964352720450283
0.18011257035647282
0.1805816135084428
0.1955909943714822
0.19606003752345216
0.19652908067542216
0.19699812382739212
0.19746716697936212
0.1979362101313321
0.19840525328330208
0.19887429643527205
0.19934333958724204
0.19981238273921204
0.20215759849906192
0.20262664165103192
0.20309568480300189
0.20356472795497185
0.20403377110694187
0.20450281425891184
0.2049718574108818
0.2054409005628518
0.20590994371482177
0.20637898686679176
0.20684803001876176
0.20731707317073172
0.2077861163227017
0.20825515947467166
0.20872420262664168
0.20919324577861165
0.20966228893058161
0.2101313320825516
0.21060037523452158
0.21106941838649157
0.21153846153846156
0.21200750469043153
0.2124765478424015
0.21294559099437152
0.2134146341463415
0.21388367729831145
0.21435272045028145
0.21482176360225141
0.2152908067542214
0.2157598499061914
0.23686679174484054
0.2373358348968105
0.25656660412757976
0.25703564727954975
0.25750469043151974
0.2579737335834897
0.2584427767354597
0.2589118198874296
0.2593808630393996
0.25984990619136966
0.2603189493433396
0.2607879924953096
0.26125703564727953
0.2621951219512195
0.2626641651031895
0.2631332082551595
0.2636022514071295
0.26407129455909945
0.26454033771106944
0.2650093808630394
0.26547842401500943
0.2659474671669794
0.26641651031894936
0.26688555347091936
0.2673545966228893
0.2678236397748593
0.2682926829268293
0.2687617260787993
0.2692307692307693
0.2696998123827392
0.2701688555347092
0.27345215759849906
0.28705440900562856
0.2875234521575985
0.2893996247654785
0.2898686679174484
0.2903377110694184
0.2908067542213884
0.29127579737335835
0.29174484052532834
0.29221388367729834
0.29268292682926833
0.29409005628517826
0.2945590994371482
0.29502814258911825
0.29549718574108824
0.2959662288930582
0.2964352720450282
0.2969043151969981
0.2973733583489681
0.2978424015009381
0.2983114446529081
0.2987804878048781
0.29924953095684803
0.299718574108818
0.300187617260788
0.30065666041275796
0.301125703564728
0.30440900562851786
0.30487804878048785
0.3053470919324578
0.3058161350844278
0.3062851782363977
0.3067542213883677
0.30722326454033777
0.3076923076923077
0.30956848030018763
0.3100375234521576
0.3105065666041276
0.3109756097560976
0.31144465290806755
0.31191369606003755
0.3147279549718574
0.3151969981238274
0.3156660412757974
0.3161350844277674
0.3269230769230769
0.32879924953095685
0.32926829268292684
0.3325515947467167
0.34287054409005635
0.3433395872420263
0.3621013133208255
0.3625703564727955
0.3630393996247655
0.3635084427767355
0.36585365853658536
0.3663227016885554
0.36679174484052535
0.36726078799249534
0.36772983114446534
0.3681988742964353
0.36866791744840527
0.36913696060037526
0.36960600375234526
0.37007504690431525
0.3705440900562852
0.3710131332082552
0.3714821763602251
0.3719512195121951
0.37242026266416517
0.3728893058161351
0.3733583489681051
0.37382739212007504
0.37429643527204504
0.37476547842401503
0.375234521575985
0.375703564727955
0.37617260787992496
0.37664165103189495
0.37711069418386495
0.3775797373358349
0.37804878048780494
0.3785178236397749
0.37898686679174487
0.37945590994371486
0.3799249530956848
0.3813320825515948
0.3818011257035648
0.3822701688555347
0.3827392120075047
0.3832082551594747
0.38461538461538464
0.38508442776735463
0.3855534709193246
0.38602251407129456
0.38649155722326456
0.38696060037523455
0.41697936210131337
0.41744840525328336
0.4179174484052533
0.4183864915572233
0.41885553470919323
0.41932457786116323
0.4197936210131333
0.4202626641651032
0.4207317073170732
0.42120075046904315
0.42166979362101314
0.42448405253283306
0.424953095684803
0.425422138836773
0.42589118198874304
0.426360225140713
0.426829268292683
0.4272983114446529
0.4277673545966229
0.4282363977485929
0.4287054409005629
0.4291744840525329
0.42964352720450283
0.4301125703564728
0.4305816135084428
0.43105065666041276
0.4315196998123828
0.43198874296435275
0.43245778611632274
0.43292682926829273
0.4333958724202627
0.43386491557223267
0.4385553470919325
0.43902439024390244
0.43949343339587243
0.43996247654784243
0.4404315196998124
0.4409005628517824
0.44136960600375236
0.44183864915572235
0.44230769230769235
0.4427767354596623
0.44324577861163234
0.4437148217636023
0.44418386491557227
0.44465290806754226
0.4451219512195122
0.4455909943714822
0.4460600375234522
0.4465290806754222
0.4469981238273922
0.4474671669793621
0.4479362101313321
0.45215759849906195
0.45262664165103195
0.45309568480300194
0.4535647279549719
0.45544090056285186
0.4559099437148218
0.4573170731707317
0.4577861163227017
0.47326454033771115
0.4737335834896811
0.4742026266416511
0.474671669793621
0.47983114446529085
0.48030018761726084
0.4807692307692308
0.4812382739212008
0.4817073170731707
0.4821763602251407
0.4826454033771107
0.48311444652908064
0.48358348968105075
0.4840525328330207
0.4845215759849907
0.4849906191369607
0.4854596622889306
0.4859287054409006
0.48639774859287055
0.48686679174484054
0.48733583489681054
0.4878048780487805
0.48827392120075047
0.48874296435272047
0.4892120075046905
0.4896810506566605
0.49015009380863045
0.49061913696060044
0.4910881801125704
0.4915572232645404
0.551594746716698
0.552063789868668
0.5525328330206379
0.5530018761726079
0.5534709193245778
0.5539399624765479
0.5544090056285178
0.5548780487804879
0.5553470919324579
0.5558161350844278
0.5562851782363978
0.5567542213883678
0.5581613508442776
0.5586303939962477
0.5590994371482176
0.5595684803001876
0.5820825515947468
0.5825515947467167
0.5830206378986866
0.5834896810506567
0.5839587242026266
0.5891181988742964
0.5895872420262664
0.5900562851782365
0.5905253283302064
0.5909943714821765
0.5914634146341464
0.5919324577861164
0.5924015009380863
0.5928705440900564
0.5933395872420263
0.5966228893058162
0.8400562851782365
0.8405253283302064
0.8409943714821765
0.8414634146341464
0.8419324577861164
0.8424015009380863
0.8428705440900564
0.8433395872420263
0.8438086303939962
0.8442776735459663
0.8452157598499063
0.8456848030018763
0.8461538461538463
0.8466228893058162
0.8470919324577861
0.8475609756097562
0.8480300187617261
0.8484990619136961
0.8489681050656661
0.9075984990619137
0.9080675422138837
0.9840525328330207
0.9845215759849907
0.9849906191369606
0.9854596622889307
0.9859287054409006
0.9863977485928705
0.9868667917448406
0.9887429643527205
0.9892120075046904
0.9896810506566603
0.9901500938086304
0.9906191369606006
0.9910881801125705
0.9915572232645405
0.9920262664165105
0.9924953095684804
0.9929643527204504
0.9934333958724204
0.9939024390243903
0.012664165103189495
0.013133208255159476
0.01876172607879925
0.02439024390243903
0.024859287054409006
0.02532833020637899
0.02579737335834897
0.03048780487804878
0.03189493433395873
0.0323639774859287
0.04784240150093809
0.04831144465290807
0.054878048780487805
0.055347091932457786
0.05581613508442777
0.056285178236397754
0.056754221388367734
0.057223264540337715
0.057692307692307696
0.058161350844277676
0.05863039399624766
0.059568480300187625
0.060037523452157605
0.060506566604127586
0.0651969981238274
0.06566604127579738
0.06613508442776736
0.06660412757973734
0.06707317073170732
0.0675422138836773
0.06801125703564728
0.06848030018761726
0.06894934333958724
0.06941838649155724
0.07035647279549719
0.07082551594746718
0.07223264540337711
0.0727016885553471
0.07645403377110695
0.07692307692307693
0.07833020637898688
0.07879924953095685
0.07926829268292683
0.07973733583489682
0.08020637898686679
0.08067542213883679
0.08114446529080675
0.08161350844277673
0.08208255159474673
0.0825515947467167
0.08348968105065667
0.08395872420262665
0.08442776735459663
0.08489681050656661
0.08583489681050657
0.10881801125703566
0.10928705440900563
0.10975609756097561
0.11116322701688557
0.11163227016885555
0.11210131332082553
0.11257035647279551
0.11303939962476549
0.11350844277673547
0.11397748592870545
0.11444652908067543
0.11491557223264541
0.11538461538461539
0.11585365853658537
0.11632270168855535
0.11679174484052535
0.11726078799249531
0.11772983114446531
0.11819887429643527
0.11866791744840526
0.11913696060037525
0.11960600375234522
0.12007504690431521
0.12054409005628518
0.12101313320825517
0.12148217636022515
0.12195121951219512
0.12242026266416513
0.1228893058161351
0.12335834896810507
0.12382739212007507
0.14165103189493436
0.14212007504690433
0.1425891181988743
0.1430581613508443
0.14352720450281428
0.14399624765478425
0.14446529080675422
0.1449343339587242
0.1454033771106942
0.14587242026266417
0.14634146341463417
0.14681050656660413
0.1472795497185741
0.14774859287054412
0.1482176360225141
0.14868667917448405
0.14915572232645405
0.14962476547842402
0.150093808630394
0.150562851782364
0.15103189493433397
0.15150093808630394
0.15196998123827393
0.15243902439024393
0.15947467166979365
0.15994371482176362
0.16041275797373358
0.16088180112570358
0.16135084427767357
0.16181988742964354
0.1622889305816135
0.1627579737335835
0.16322701688555347
0.16369606003752346
0.16416510318949346
0.16463414634146342
0.1651031894934334
0.16557223264540338
0.16604127579737338
0.16651031894934334
0.16697936210131334
0.1674484052532833
0.1679174484052533
0.1683864915572233
0.16885553470919326
0.16932457786116323
0.16979362101313322
0.17026266416510322
0.17073170731707318
0.17120075046904315
0.17166979362101314
0.1721388367729831
0.1726078799249531
0.1730769230769231
0.17354596622889307
0.17401500938086303
0.17448405253283303
0.17495309568480302
0.175422138836773
0.17589118198874298
0.17636022514071295
0.17682926829268295
0.17729831144465294
0.1777673545966229
0.17917448405253286
0.18105065666041276
0.18151969981238275
0.18198874296435275
0.18339587242026267
0.18386491557223267
0.18480300187617263
0.18714821763602252
0.1876172607879925
0.18808630393996248
0.18902439024390247
0.18949343339587243
0.19136960600375236
0.19183864915572232
0.19230769230769232
0.1927767354596623
0.19324577861163228
0.19371482176360227
0.19418386491557224
0.1946529080675422
0.19652908067542216
0.19699812382739212
0.19746716697936212
0.1979362101313321
0.19840525328330208
0.19887429643527205
0.19934333958724204
0.19981238273921204
0.200281425891182
0.20075046904315197
0.20121951219512196
0.20872420262664168
0.20919324577861165
0.20966228893058161
0.2101313320825516
0.21060037523452158
0.21106941838649157
0.21153846153846156
0.21200750469043153
0.2124765478424015
0.21294559099437152
0.2134146341463415
0.21388367729831145
0.21435272045028145
0.21482176360225141
0.2152908067542214
0.2157598499061914
0.21622889305816137
0.21669793621013134
0.21763602251407133
0.2181050656660413
0.21857410881801126
0.21904315196998125
0.21951219512195122
0.21998123827392121
0.2204502814258912
0.22091932457786118
0.22138836772983114
0.22185741088180114
0.22232645403377113
0.22467166979362105
0.2373358348968105
0.2378048780487805
0.2406191369606004
0.24108818011257035
0.24155722326454032
0.2579737335834897
0.2607879924953096
0.26125703564727953
0.26172607879924953
0.2621951219512195
0.2626641651031895
0.2631332082551595
0.2636022514071295
0.26407129455909945
0.26454033771106944
0.2650093808630394
0.26547842401500943
0.2659474671669794
0.26641651031894936
0.26688555347091936
0.2673545966228893
0.2786116322701689
0.2790806754221388
0.2795497185741088
0.28283302063789867
0.2833020637898687
0.28377110694183866
0.28424015009380865
0.28470919324577865
0.2851782363977486
0.2856472795497186
0.2861163227016886
0.28658536585365857
0.28705440900562856
0.2875234521575985
0.2879924953095685
0.2884615384615385
0.28893058161350843
0.2893996247654785
0.2898686679174484
0.2903377110694184
0.2908067542213884
0.29127579737335835
0.29174484052532834
0.29221388367729834
0.29268292682926833
0.2931519699812383
0.29362101313320826
0.29409005628517826
0.2945590994371482
0.29502814258911825
0.29549718574108824
0.2959662288930582
0.2964352720450282
0.2969043151969981
0.2973733583489681
0.2978424015009381
0.2983114446529081
0.2987804878048781
0.29924953095684803
0.299718574108818
0.300187617260788
0.30065666041275796
0.301125703564728
0.30159474671669795
0.3030018761726079
0.30347091932457787
0.30393996247654786
0.30440900562851786
0.30487804878048785
0.3053470919324578
0.3058161350844278
0.3062851782363977
0.3067542213883677
0.30722326454033777
0.3175422138836773
0.3180112570356473
0.31848030018761725
0.3189493433395873
0.32082551594746717
0.32129455909943716
0.32176360225140715
0.32223264540337715
0.32270168855534714
0.3231707317073171
0.3236397748592871
0.324108818011257
0.324577861163227
0.32504690431519706
0.325515947467167
0.325984990619137
0.32645403377110693
0.3269230769230769
0.3273921200750469
0.3278611632270169
0.3283302063789869
0.32879924953095685
0.32926829268292684
0.32973733583489684
0.3302063789868668
0.3306754221388368
0.33114446529080677
0.33161350844277676
0.33208255159474676
0.3325515947467167
0.3330206378986867
0.36772983114446534
0.3681988742964353
0.36866791744840527
0.36913696060037526
0.36960600375234526
0.375703564727955
0.37617260787992496
0.37664165103189495
0.37711069418386495
0.3775797373358349
0.37804878048780494
0.3785178236397749
0.3799249530956848
0.3803939962476548
0.3808630393996248
0.3813320825515948
0.3818011257035648
0.3822701688555347
0.3827392120075047
0.3832082551594747
0.38367729831144465
0.3841463414634147
0.38461538461538464
0.38508442776735463
0.3855534709193246
0.38602251407129456
0.38649155722326456
0.38696060037523455
0.38742964352720455
0.4104127579737336
0.4108818011257036
0.4113508442776736
0.41181988742964354
0.41228893058161353
0.4127579737335835
0.41322701688555347
0.4136960600375235
0.426829268292683
0.4272983114446529
0.4277673545966229
0.4282363977485929
0.4287054409005629
0.4291744840525329
0.42964352720450283
0.4301125703564728
0.4305816135084428
0.43105065666041276
0.4315196998123828
0.43198874296435275
0.43245778611632274
0.43292682926829273
0.4333958724202627
0.43386491557223267
0.4343339587242026
0.43480300187617266
0.43527204502814265
0.4357410881801126
0.44887429643527205
0.4493433395872421
0.44981238273921204
0.45028142589118203
0.450750469043152
0.45121951219512196
0.45168855534709196
0.45215759849906195
0.45262664165103195
0.45309568480300194
0.4535647279549719
0.4540337711069419
0.4840525328330207
0.4845215759849907
0.4849906191369607
0.4854596622889306
0.4859287054409006
0.48639774859287055
0.48686679174484054
0.48733583489681054
0.4878048780487805
0.48827392120075047
0.48874296435272047
0.4892120075046905
0.4896810506566605
0.49015009380863045
0.49061913696060044
0.4910881801125704
0.4915572232645404
0.5107879924953096
0.5112570356472795
0.5117260787992496
0.9132270168855535
0.006566604127579738
0.007035647279549719
0.007504690431519701
0.007973733583489682
0.016416510318949345
0.01829268292682927
0.01876172607879925
0.019230769230769232
0.029080675422138838
0.030956848030018767
0.03142589118198875
0.03189493433395873
0.0323639774859287
0.03330206378986867
0.04596622889305817
0.04643527204502814
0.04878048780487806
0.04924953095684803
0.04971857410881801
0.05018761726078799
0.05065666041275798
0.05112570356472796
0.05159474671669794
0.057223264540337715
0.057692307692307696
0.058161350844277676
0.05863039399624766
0.05909943714821764
0.059568480300187625
0.060037523452157605
0.060506566604127586
0.06097560975609756
0.06144465290806755
0.06425891181988744
0.0698874296435272
0.07035647279549719
0.07082551594746718
0.07129455909943715
0.07176360225140714
0.07223264540337711
0.0727016885553471
0.07317073170731708
0.07363977485928705
0.075046904315197
0.07551594746716699
0.09849906191369606
0.09896810506566606
0.09943714821763602
0.09990619136960602
0.10037523452157598
0.10084427767354598
0.10131332082551596
0.10178236397748593
0.10225140712945592
0.1027204502814259
0.10318949343339588
0.10365853658536586
0.10412757973733583
0.10459662288930582
0.1050656660412758
0.10553470919324578
0.10600375234521577
0.10647279549718576
0.10694183864915573
0.10741088180112571
0.1078799249530957
0.10834896810506567
0.10881801125703566
0.10928705440900563
0.10975609756097561
0.1102251407129456
0.11069418386491557
0.11116322701688557
0.11163227016885555
0.11210131332082553
0.11257035647279551
0.11303939962476549
0.11350844277673547
0.11397748592870545
0.11444652908067543
0.11491557223264541
0.11538461538461539
0.11585365853658537
0.11632270168855535
0.11679174484052535
0.11726078799249531
0.11772983114446531
0.11819887429643527
0.11866791744840526
0.11913696060037525
0.11960600375234522
0.12007504690431521
0.12054409005628518
0.12101313320825517
0.12148217636022515
0.12195121951219512
0.12242026266416513
0.1228893058161351
0.12335834896810507
0.12382739212007507
0.12429643527204504
0.12476547842401502
0.125234521575985
0.125703564727955
0.150562851782364
0.15103189493433397
0.15150093808630394
0.15196998123827393
0.15243902439024393
0.1529080675422139
0.15337711069418386
0.15384615384615385
0.15431519699812385
0.15478424015009382
0.1552532833020638
0.15572232645403378
0.15619136960600374
0.15666041275797377
0.15712945590994373
0.1575984990619137
0.1580675422138837
0.15853658536585366
0.15900562851782366
0.15947467166979365
0.15994371482176362
0.16041275797373358
0.16088180112570358
0.16135084427767357
0.16651031894934334
0.16697936210131334
0.1674484052532833
0.1679174484052533
0.1683864915572233
0.16885553470919326
0.16932457786116323
0.16979362101313322
0.17026266416510322
0.17073170731707318
0.17120075046904315
0.17166979362101314
0.1721388367729831
0.1726078799249531
0.1730769230769231
0.17354596622889307
0.17401500938086303
0.17448405253283303
0.17495309568480302
0.175422138836773
0.17589118198874298
0.17636022514071295
0.17682926829268295
0.17729831144465294
0.1777673545966229
0.17823639774859287
0.17870544090056287
0.17917448405253286
0.17964352720450283
0.18808630393996248
0.18855534709193247
0.18902439024390247
0.18949343339587243
0.1899624765478424
0.1904315196998124
0.1909005628517824
0.19136960600375236
0.19183864915572232
0.19230769230769232
0.1927767354596623
0.19324577861163228
0.19371482176360227
0.19418386491557224
0.1946529080675422
0.19512195121951223
0.1955909943714822
0.19606003752345216
0.19652908067542216
0.19699812382739212
0.19746716697936212
0.1979362101313321
0.19840525328330208
0.19887429643527205
0.19934333958724204
0.19981238273921204
0.200281425891182
0.20075046904315197
0.20121951219512196
0.20168855534709196
0.20215759849906192
0.20262664165103192
0.20309568480300189
0.20356472795497185
0.20403377110694187
0.20450281425891184
0.2049718574108818
0.2054409005628518
0.20590994371482177
0.20637898686679176
0.20684803001876176
0.20731707317073172
0.2077861163227017
0.20825515947467166
0.20872420262664168
0.20919324577861165
0.20966228893058161
0.2101313320825516
0.21060037523452158
0.21106941838649157
0.21153846153846156
0.21200750469043153
0.2124765478424015
0.21294559099437152
0.2134146341463415
0.21388367729831145
0.21435272045028145
0.21482176360225141
0.2152908067542214
0.2157598499061914
0.21622889305816137
0.21669793621013134
0.2171669793621013
0.21763602251407133
0.2181050656660413
0.21857410881801126
0.21904315196998125
0.21951219512195122
0.21998123827392121
0.22232645403377113
0.2227954971857411
0.2232645403377111
0.22373358348968106
0.22420262664165105
0.22467166979362105
0.22514071294559101
0.22560975609756098
0.22607879924953098
0.22654784240150097
0.22936210131332085
0.22983114446529082
0.2303001876172608
0.23076923076923078
0.23123827392120078
0.23170731707317074
0.23217636022514074
0.2326454033771107
0.23311444652908067
0.24906191369606007
0.24953095684803003
0.25328330206378985
0.25469043151969983
0.25515947467166983
0.25562851782363977
0.25609756097560976
0.25656660412757976
0.25703564727954975
0.25750469043151974
0.2579737335834897
0.2584427767354597
0.2589118198874296
0.2593808630393996
0.26641651031894936
0.2706378986866792
0.27110694183864914
0.2715759849906192
0.27485928705440904
0.27532833020637903
0.275797373358349
0.2786116322701689
0.3100375234521576
0.31425891181988747
0.3147279549718574
0.3236397748592871
0.32973733583489684
0.3302063789868668
0.3306754221388368
0.33161350844277676
0.33208255159474676
0.3325515947467167
0.3330206378986867
0.3710131332082552
0.3714821763602251
0.3719512195121951
0.37242026266416517
0.3855534709193246
0.38602251407129456
0.38649155722326456
0.3954033771106942
0.3958724202626642
0.39634146341463417
0.39681050656660416
0.39727954971857415
0.3977485928705441
0.3982176360225141
0.3986866791744841
0.3991557223264541
0.39962476547842407
0.400093808630394
0.400562851782364
0.401031894934334
0.40150093808630394
0.401969981238274
0.4024390243902439
0.4029080675422139
0.4033771106941839
0.40384615384615385
0.40431519699812385
0.40478424015009384
0.40525328330206384
0.4540337711069419
0.4545028142589118
0.4549718574108818
0.45544090056285186
0.4559099437148218
0.4563789868667918
0.45684803001876173
0.4573170731707317
0.50140712945591
0.50187617260788
0.5023452157598499
0.50281425891182
0.5032833020637899
0.5037523452157598
0.5042213883677299
0.5046904315196998
0.5051594746716698
0.5056285178236398
0.5060975609756098
0.5661350844277674
0.5666041275797374
0.5670731707317074
0.5877110694183865
0.5881801125703565
0.5886491557223265
0.5891181988742964
0.5895872420262664
0.007973733583489682
0.008442776735459663
0.008911819887429643
0.009380863039399626
0.03048780487804878
0.039399624765478425
0.03986866791744841
0.07363977485928705
0.07410881801125704
0.07645403377110695
0.09333958724202628
0.09380863039399626
0.09427767354596624
0.09756097560975611
0.09803001876172608
0.09849906191369606
0.10084427767354598
0.10131332082551596
0.10178236397748593
0.10225140712945592
0.1027204502814259
0.10318949343339588
0.10365853658536586
0.10412757973733583
0.10459662288930582
0.1050656660412758
0.10553470919324578
0.10600375234521577
0.10647279549718576
0.10694183864915573
0.10741088180112571
0.1078799249530957
0.10834896810506567
0.10881801125703566
0.10928705440900563
0.10975609756097561
0.1102251407129456
0.11069418386491557
0.11116322701688557
0.11163227016885555
0.11210131332082553
0.11257035647279551
0.11303939962476549
0.11350844277673547
0.11397748592870545
0.11444652908067543
0.11491557223264541
0.11538461538461539
0.11585365853658537
0.11632270168855535
0.11679174484052535
0.11726078799249531
0.11772983114446531
0.11819887429643527
0.11866791744840526
0.11913696060037525
0.11960600375234522
0.12007504690431521
0.12054409005628518
0.12101313320825517
0.12148217636022515
0.1378986866791745
0.13836772983114445
0.13883677298311448
0.15572232645403378
0.15619136960600374
0.15712945590994373
0.1575984990619137
0.1580675422138837
0.15853658536585366
0.15900562851782366
0.15947467166979365
0.15994371482176362
0.16041275797373358
0.16088180112570358
0.16135084427767357
0.16181988742964354
0.1622889305816135
0.1627579737335835
0.16322701688555347
0.16369606003752346
0.16416510318949346
0.16463414634146342
0.1651031894934334
0.16557223264540338
0.16604127579737338
0.16651031894934334
0.16697936210131334
0.1674484052532833
0.1679174484052533
0.1683864915572233
0.16885553470919326
0.16932457786116323
0.16979362101313322
0.17026266416510322
0.17073170731707318
0.17120075046904315
0.17166979362101314
0.1721388367729831
0.1726078799249531
0.1730769230769231
0.17354596622889307
0.17401500938086303
0.17448405253283303
0.17495309568480302
0.175422138836773
0.17589118198874298
0.17636022514071295
0.17682926829268295
0.17729831144465294
0.1777673545966229
0.1946529080675422
0.19512195121951223
0.1955909943714822
0.19652908067542216
0.19699812382739212
0.19746716697936212
0.1979362101313321
0.19840525328330208
0.19887429643527205
0.20168855534709196
0.20215759849906192
0.20262664165103192
0.20309568480300189
0.20356472795497185
0.20403377110694187
0.20450281425891184
0.2049718574108818
0.2054409005628518
0.20590994371482177
0.20637898686679176
0.20684803001876176
0.20731707317073172
0.2077861163227017
0.20825515947467166
0.20872420262664168
0.20919324577861165
0.21388367729831145
0.21435272045028145
0.21482176360225141
0.2152908067542214
0.2157598499061914
0.21622889305816137
0.21669793621013134
0.2171669793621013
0.21763602251407133
0.2181050656660413
0.21857410881801126
0.21904315196998125
0.21951219512195122
0.21998123827392121
0.2204502814258912
0.22091932457786118
0.22138836772983114
0.22185741088180114
0.22232645403377113
0.2227954971857411
0.2232645403377111
0.22373358348968106
0.22420262664165105
0.22467166979362105
0.22514071294559101
0.22560975609756098
0.22607879924953098
0.22654784240150097
0.22701688555347094
0.2274859287054409
0.2279549718574109
0.22842401500938087
0.22889305816135086
0.22936210131332085
0.22983114446529082
0.2303001876172608
0.23076923076923078
0.23123827392120078
0.23170731707317074
0.23217636022514074
0.2326454033771107
0.25750469043151974
0.2636022514071295
0.26407129455909945
0.26454033771106944
0.2650093808630394
0.26547842401500943
0.2659474671669794
0.26641651031894936
0.27345215759849906
0.27392120075046905
0.27439024390243905
0.27485928705440904
0.27532833020637903
0.275797373358349
0.27626641651031897
0.2809568480300188
0.28142589118198874
0.28189493433395874
0.28236397748592873
0.28283302063789867
0.2833020637898687
0.28377110694183866
0.28424015009380865
0.28470919324577865
0.2851782363977486
0.2856472795497186
0.2861163227016886
0.28658536585365857
0.28705440900562856
0.2875234521575985
0.2879924953095685
0.2884615384615385
0.28893058161350843
0.2893996247654785
0.2898686679174484
0.2903377110694184
0.2908067542213884
0.29127579737335835
0.29174484052532834
0.29221388367729834
0.29268292682926833
0.2931519699812383
0.29362101313320826
0.29409005628517826
0.2945590994371482
0.29502814258911825
0.29549718574108824
0.2959662288930582
0.30065666041275796
0.30253283302063794
0.3030018761726079
0.3180112570356473
0.31848030018761725
0.3189493433395873
0.325984990619137
0.32645403377110693
0.3269230769230769
0.3273921200750469
0.3278611632270169
0.33208255159474676
0.3325515947467167
0.3330206378986867
0.3334896810506567
0.35741088180112573
0.35787992495309573
0.35881801125703566
0.35928705440900566
0.3597560975609756
0.3625703564727955
0.3663227016885554
0.36679174484052535
0.36726078799249534
0.36772983114446534
0.3681988742964353
0.36866791744840527
0.36913696060037526
0.36960600375234526
0.37007504690431525
0.3705440900562852
0.3710131332082552
0.3714821763602251
0.3719512195121951
0.37242026266416517
0.3728893058161351
0.3733583489681051
0.37382739212007504
0.37429643527204504
0.37476547842401503
0.375234521575985
0.375703564727955
0.37617260787992496
0.37664165103189495
0.37711069418386495
0.3775797373358349
0.37804878048780494
0.3785178236397749
0.37898686679174487
0.37945590994371486
0.3799249530956848
0.3803939962476548
0.3808630393996248
0.3813320825515948
0.3818011257035648
0.3822701688555347
0.3827392120075047
0.3832082551594747
0.38742964352720455
0.38789868667917454
0.3883677298311445
0.3888367729831145
0.3893058161350844
0.3897748592870544
0.39024390243902446
0.3907129455909944
0.3911819887429644
0.39165103189493433
0.3921200750469043
0.3925891181988743
0.3930581613508443
0.3935272045028143
0.39399624765478425
0.39446529080675424
0.42166979362101314
0.42213883677298314
0.4272983114446529
0.4277673545966229
0.47045028142589124
0.47091932457786123
0.4779549718574109
0.47842401500938087
0.4788930581613509
0.47936210131332085
0.49484052532833017
0.4953095684803003
0.49577861163227027
0.4962476547842402
0.4967166979362102
0.49718574108818014
0.49765478424015014
0.49812382739212013
0.49859287054409007
0.49906191369606007
0.49953095684803
0.5
0.5004690431519699
0.50093808630394
0.50140712945591
0.50187617260788
0.5023452157598499
0.50281425891182
0.5032833020637899
0.5037523452157598
0.5042213883677299
0.5046904315196998
0.5051594746716698
0.5056285178236398
0.5060975609756098
0.5065666041275797
0.5070356472795498
0.5075046904315198
0.5079737335834897
0.5084427767354597
0.5089118198874297
0.5440900562851783
0.5445590994371483
0.5450281425891182
0.5454971857410882
0.5459662288930582
0.551125703564728
0.551594746716698
0.552063789868668
0.5525328330206379
0.5530018761726079
0.5576923076923077
0.5581613508442776
0.5586303939962477
0.7884615384615385
0.7889305816135085
0.02532833020637899
0.02579737335834897
0.03189493433395873
0.0323639774859287
0.03283302063789869
0.03517823639774859
0.05347091932457786
0.05393996247654785
0.05440900562851783
0.054878048780487805
0.055347091932457786
0.05581613508442777
0.056285178236397754
0.056754221388367734
0.057223264540337715
0.057692307692307696
0.058161350844277676
0.05863039399624766
0.06378986866791746
0.06425891181988744
0.0647279549718574
0.0651969981238274
0.06566604127579738
0.06848030018761726
0.06894934333958724
0.06941838649155724
0.0698874296435272
0.07035647279549719
0.07082551594746718
0.07129455909943715
0.07176360225140714
0.07223264540337711
0.07551594746716699
0.09849906191369606
0.10178236397748593
0.10225140712945592
0.1027204502814259
0.10318949343339588
0.10365853658536586
0.10412757973733583
0.10459662288930582
0.1050656660412758
0.10553470919324578
0.10600375234521577
0.10647279549718576
0.10694183864915573
0.10741088180112571
0.1078799249530957
0.10834896810506567
0.10881801125703566
0.10928705440900563
0.10975609756097561
0.1102251407129456
0.11069418386491557
0.11116322701688557
0.11163227016885555
0.11210131332082553
0.11257035647279551
0.11303939962476549
0.11350844277673547
0.11397748592870545
0.11444652908067543
0.11491557223264541
0.11538461538461539
0.11585365853658537
0.11632270168855535
0.11679174484052535
0.11726078799249531
0.15337711069418386
0.15384615384615385
0.15431519699812385
0.15478424015009382
0.1552532833020638
0.15572232645403378
0.15619136960600374
0.15666041275797377
0.15712945590994373
0.1575984990619137
0.1580675422138837
0.15853658536585366
0.15900562851782366
0.15947467166979365
0.15994371482176362
0.16041275797373358
0.16088180112570358
0.16135084427767357
0.16181988742964354
0.1622889305816135
0.1627579737335835
0.16322701688555347
0.16369606003752346
0.16416510318949346
0.16463414634146342
0.1651031894934334
0.16557223264540338
0.16604127579737338
0.16651031894934334
0.16697936210131334
0.1674484052532833
0.1679174484052533
0.1683864915572233
0.16885553470919326
0.16932457786116323
0.16979362101313322
0.17026266416510322
0.17073170731707318
0.17120075046904315
0.17166979362101314
0.1721388367729831
0.1726078799249531
0.1730769230769231
0.17354596622889307
0.17401500938086303
0.17448405253283303
0.17495309568480302
0.175422138836773
0.17589118198874298
0.17636022514071295
0.17682926829268295
0.17729831144465294
0.1777673545966229
0.17823639774859287
0.18198874296435275
0.1824577861163227
0.18902439024390247
0.18949343339587243
0.1899624765478424
0.1904315196998124
0.1909005628517824
0.19136960600375236
0.19183864915572232
0.19230769230769232
0.1927767354596623
0.19324577861163228
0.19371482176360227
0.19418386491557224
0.1946529080675422
0.19512195121951223
0.1955909943714822
0.19606003752345216
0.19652908067542216
0.20450281425891184
0.20731707317073172
0.2077861163227017
0.20825515947467166
0.20872420262664168
0.20919324577861165
0.20966228893058161
0.2101313320825516
0.21060037523452158
0.21106941838649157
0.21153846153846156
0.21200750469043153
0.2124765478424015
0.21294559099437152
0.21857410881801126
0.21904315196998125
0.21951219512195122
0.21998123827392121
0.2204502814258912
0.22091932457786118
0.22138836772983114
0.22185741088180114
0.22232645403377113
0.2227954971857411
0.2232645403377111
0.22373358348968106
0.22420262664165105
0.22467166979362105
0.22514071294559101
0.22560975609756098
0.22607879924953098
0.22654784240150097
0.22701688555347094
0.2274859287054409
0.2279549718574109
0.22842401500938087
0.22889305816135086
0.22936210131332085
0.22983114446529082
0.2303001876172608
0.23076923076923078
0.23123827392120078
0.23170731707317074
0.23217636022514074
0.2326454033771107
0.23311444652908067
0.2335834896810507
0.23405253283302066
0.23452157598499063
0.23499061913696062
0.23545966228893062
0.23592870544090058
0.2678236397748593
0.2682926829268293
0.2715759849906192
0.27204502814258913
0.2725140712945591
0.2729831144465291
0.2879924953095685
0.2884615384615385
0.28893058161350843
0.2893996247654785
0.2898686679174484
0.29174484052532834
0.29221388367729834
0.29268292682926833
0.2959662288930582
0.2964352720450282
0.2969043151969981
0.2973733583489681
0.2978424015009381
0.2983114446529081
0.2987804878048781
0.299718574108818
0.3555347091932458
0.3649155722326454
0.3719512195121951
0.37242026266416517
0.3728893058161351
0.3733583489681051
0.37382739212007504
0.37429643527204504
0.37476547842401503
0.375234521575985
0.375703564727955
0.37617260787992496
0.37664165103189495
0.37711069418386495
0.3775797373358349
0.37804878048780494
0.3785178236397749
0.37898686679174487
0.37945590994371486
0.3799249530956848
0.3803939962476548
0.3808630393996248
0.3813320825515948
0.3818011257035648
0.3822701688555347
0.3827392120075047
0.3832082551594747
0.38367729831144465
0.3841463414634147
0.38461538461538464
0.38508442776735463
0.3855534709193246
0.38602251407129456
0.38649155722326456
0.38696060037523455
0.38742964352720455
0.38789868667917454
0.3883677298311445
0.3888367729831145
0.3893058161350844
0.3897748592870544
0.39024390243902446
0.3907129455909944
0.3911819887429644
0.4160412757973734
0.4165103189493433
0.41697936210131337
0.41744840525328336
0.4179174484052533
0.4183864915572233
0.41885553470919323
0.41932457786116323
0.4197936210131333
0.4202626641651032
0.4207317073170732
0.42120075046904315
0.424953095684803
0.425422138836773
0.42589118198874304
0.426360225140713
0.426829268292683
0.4685741088180113
0.46904315196998125
0.46951219512195125
0.48827392120075047
0.48874296435272047
0.4892120075046905
0.49390243902439024
0.49437148217636023
0.49484052532833017
0.4953095684803003
0.49577861163227027
0.4962476547842402
0.4967166979362102
0.49718574108818014
0.49765478424015014
0.49812382739212013
0.49859287054409007
0.49906191369606007
0.49953095684803
0.5
0.5004690431519699
0.50093808630394
0.50140712945591
0.50187617260788
0.5023452157598499
0.5590994371482176
0.5595684803001876
0.5600375234521576
0.7856472795497186
0.7861163227016886
0.021575984990619138
0.03142589118198875
0.03189493433395873
0.0323639774859287
0.036116322701688554
0.038461538461538464
0.04737335834896811
0.04784240150093809
0.04831144465290807
0.04878048780487806
0.04924953095684803
0.04971857410881801
0.055347091932457786
0.06332082551594746
0.06378986866791746
0.06425891181988744
0.0647279549718574
0.0651969981238274
0.09568480300187618
0.09803001876172608
0.09849906191369606
0.09896810506566606
0.09943714821763602
0.09990619136960602
0.10037523452157598
0.10084427767354598
0.10131332082551596
0.1027204502814259
0.10318949343339588
0.10365853658536586
0.10412757973733583
0.10459662288930582
0.1050656660412758
0.10553470919324578
0.10600375234521577
0.10647279549718576
0.10694183864915573
0.10741088180112571
0.1078799249530957
0.10834896810506567
0.10881801125703566
0.10928705440900563
0.10975609756097561
0.1102251407129456
0.11069418386491557
0.11116322701688557
0.11163227016885555
0.11210131332082553
0.11257035647279551
0.11303939962476549
0.11350844277673547
0.11397748592870545
0.11444652908067543
0.11491557223264541
0.11538461538461539
0.11585365853658537
0.11632270168855535
0.11679174484052535
0.11726078799249531
0.11772983114446531
0.11819887429643527
0.15196998123827393
0.15243902439024393
0.15384615384615385
0.15431519699812385
0.15478424015009382
0.1552532833020638
0.15572232645403378
0.15666041275797377
0.15712945590994373
0.1575984990619137
0.1580675422138837
0.15853658536585366
0.15900562851782366
0.15947467166979365
0.15994371482176362
0.16041275797373358
0.16088180112570358
0.16135084427767357
0.16181988742964354
0.1622889305816135
0.1627579737335835
0.16322701688555347
0.16369606003752346
0.16416510318949346
0.16463414634146342
0.1651031894934334
0.16557223264540338
0.16604127579737338
0.16651031894934334
0.16697936210131334
0.1674484052532833
0.1679174484052533
0.1683864915572233
0.16885553470919326
0.16932457786116323
0.16979362101313322
0.17026266416510322
0.17073170731707318
0.17120075046904315
0.17166979362101314
0.1721388367729831
0.1726078799249531
0.1730769230769231
0.17354596622889307
0.17401500938086303
0.17448405253283303
0.17495309568480302
0.175422138836773
0.18151969981238275
0.18198874296435275
0.1824577861163227
0.2077861163227017
0.20825515947467166
0.20872420262664168
0.20919324577861165
0.20966228893058161
0.21106941838649157
0.21153846153846156
0.21200750469043153
0.2124765478424015
0.21294559099437152
0.2134146341463415
0.21388367729831145
0.21435272045028145
0.21482176360225141
0.2152908067542214
0.2157598499061914
0.21622889305816137
0.21669793621013134
0.2171669793621013
0.21763602251407133
0.2181050656660413
0.21857410881801126
0.21904315196998125
0.21951219512195122
0.21998123827392121
0.2204502814258912
0.22091932457786118
0.22138836772983114
0.22185741088180114
0.22232645403377113
0.2227954971857411
0.2232645403377111
0.22373358348968106
0.22420262664165105
0.22467166979362105
0.22514071294559101
0.22560975609756098
0.22607879924953098
0.22654784240150097
0.22701688555347094
0.2274859287054409
0.2279549718574109
0.22842401500938087
0.22889305816135086
0.22936210131332085
0.22983114446529082
0.2303001876172608
0.23076923076923078
0.2326454033771107
0.23311444652908067
0.2335834896810507
0.23405253283302066
0.23452157598499063
0.23499061913696062
0.28424015009380865
0.2908067542213884
0.29127579737335835
0.3344277673545967
0.3348968105065666
0.3353658536585366
0.3710131332082552
0.3714821763602251
0.3719512195121951
0.37242026266416517
0.3728893058161351
0.3733583489681051
0.37382739212007504
0.37429643527204504
0.37476547842401503
0.375234521575985
0.375703564727955
0.37617260787992496
0.37664165103189495
0.37711069418386495
0.3775797373358349
0.3827392120075047
0.3832082551594747
0.38367729831144465
0.3841463414634147
0.38461538461538464
0.38508442776735463
0.3855534709193246
0.38602251407129456
0.38649155722326456
0.38696060037523455
0.38742964352720455
0.424953095684803
0.425422138836773
0.42589118198874304
0.48874296435272047
0.4892120075046905
0.4896810506566605
0.49015009380863045
0.49061913696060044
0.4910881801125704
0.4915572232645404
0.49202626641651037
0.4924953095684803
0.4929643527204503
0.4934333958724203
0.49390243902439024
0.49437148217636023
0.49484052532833017
0.4953095684803003
0.49577861163227027
0.4962476547842402
0.4967166979362102
0.49718574108818014
0.49765478424015014
0.49812382739212013
0.49859287054409007
0.49906191369606007
0.49953095684803
0.5
0.5004690431519699
0.50093808630394
0.5595684803001876
0.5600375234521576
0.5605065666041277
0.5609756097560976
0.5614446529080677
0.006566604127579738
0.007035647279549719
0.010787992495309569
0.019230769230769232
0.019699812382739212
0.03142589118198875
0.03189493433395873
0.036116322701688554
0.03658536585365854
0.03986866791744841
0.10928705440900563
0.1102251407129456
0.11069418386491557
0.11116322701688557
0.11163227016885555
0.11210131332082553
0.11257035647279551
0.11303939962476549
0.11350844277673547
0.11397748592870545
0.11444652908067543
0.11491557223264541
0.11538461538461539
0.11585365853658537
0.11632270168855535
0.11679174484052535
0.11726078799249531
0.11772983114446531
0.11819887429643527
0.11866791744840526
0.11913696060037525
0.11960600375234522
0.12007504690431521
0.12054409005628518
0.12101313320825517
0.12148217636022515
0.15196998123827393
0.15666041275797377
0.15712945590994373
0.1575984990619137
0.1580675422138837
0.15853658536585366
0.15900562851782366
0.15947467166979365
0.15994371482176362
0.16041275797373358
0.16088180112570358
0.16135084427767357
0.16181988742964354
0.1622889305816135
0.1627579737335835
0.16322701688555347
0.16369606003752346
0.16416510318949346
0.16463414634146342
0.1651031894934334
0.16557223264540338
0.16604127579737338
0.16651031894934334
0.16697936210131334
0.1674484052532833
0.1679174484052533
0.1683864915572233
0.16885553470919326
0.16932457786116323
0.16979362101313322
0.17026266416510322
0.17073170731707318
0.17120075046904315
0.17166979362101314
0.1721388367729831
0.1726078799249531
0.1730769230769231
0.17354596622889307
0.17401500938086303
0.17448405253283303
0.17495309568480302
0.18198874296435275
0.1824577861163227
0.1899624765478424
0.1904315196998124
0.1909005628517824
0.19136960600375236
0.19230769230769232
0.1927767354596623
0.22232645403377113
0.2227954971857411
0.2232645403377111
0.22373358348968106
0.22420262664165105
0.22467166979362105
0.22514071294559101
0.22560975609756098
0.22607879924953098
0.22654784240150097
0.2603189493433396
0.2607879924953096
0.26125703564727953
0.3935272045028143
0.39399624765478425
0.39446529080675424
0.39493433395872424
0.3954033771106942
0.3958724202626642
0.39634146341463417
0.39681050656660416
0.39727954971857415
0.4333958724202627
0.43386491557223267
0.4343339587242026
0.43480300187617266
0.43527204502814265
0.43949343339587243
0.43996247654784243
0.4404315196998124
0.4409005628517824
0.44136960600375236
0.44183864915572235
0.44230769230769235
0.4427767354596623
0.44324577861163234
0.4437148217636023
0.44418386491557227
0.44465290806754226
0.4451219512195122
0.4455909943714822
0.4460600375234522
0.027204502814258916
0.027673545966228893
0.028142589118198877
0.028611632270168857
0.029080675422138838
0.02954971857410882
0.03377110694183865
0.03424015009380863
0.1102251407129456
0.11069418386491557
0.11116322701688557
0.11163227016885555
0.11210131332082553
0.11257035647279551
0.11303939962476549
0.11350844277673547
0.11397748592870545
0.11444652908067543
0.11538461538461539
0.11585365853658537
0.11632270168855535
0.11679174484052535
0.11726078799249531
0.11772983114446531
0.11819887429643527
0.11866791744840526
0.20637898686679176
0.25750469043151974
0.2579737335834897
0.2584427767354597
0.2589118198874296
-0.061913696060037535
-0.06238273921200751
-0.0628517823639775
-0.06332082551594746
-0.06378986866791746
-0.06425891181988744
-0.0647279549718574
-0.0651969981238274
-0.06566604127579738
-0.3681988742964353
-0.36866791744840527
-0.36913696060037526
-0.36960600375234526
-0.37007504690431525
-0.3705440900562852
-0.3710131332082552
-0.3714821763602251
-0.3719512195121951
-0.37242026266416517
-0.3728893058161351
-0.3733583489681051
-0.37382739212007504
-0.37429643527204504
-0.37476547842401503
-0.426360225140713
-0.426829268292683
-0.4272983114446529
-0.4277673545966229
-0.4282363977485929
-0.4287054409005629
-0.4291744840525329
-0.42964352720450283
-0.4301125703564728
-0.4305816135084428
-0.43105065666041276
-0.4315196998123828
-0.43198874296435275
-0.43245778611632274
-0.43292682926829273
-0.4333958724202627
-0.43386491557223267
-0.4343339587242026
-0.43480300187617266
-0.43527204502814265
-0.4357410881801126
-0.4362101313320826
-0.4366791744840525
-0.4371482176360225
-0.43761726078799257
-0.4380863039399625
-0.4385553470919325
-0.43902439024390244
-0.43949343339587243
-0.43996247654784243
-0.4404315196998124
-0.4409005628517824
-0.011726078799249532
-0.012195121951219514
-0.012664165103189495
-0.013133208255159476
-0.013602251407129458
-0.041744840525328335
-0.042213883677298315
-0.056285178236397754
-0.056754221388367734
-0.057223264540337715
-0.057692307692307696
-0.058161350844277676
-0.05863039399624766
-0.05909943714821764
-0.059568480300187625
-0.060037523452157605
-0.060506566604127586
-0.06097560975609756
-0.06144465290806755
-0.061913696060037535
-0.06238273921200751
-0.0628517823639775
-0.06332082551594746
-0.06378986866791746
-0.06425891181988744
-0.1350844277673546
-0.13555347091932457
-0.13602251407129456
-0.13649155722326456
-0.13696060037523453
-0.13742964352720452
-0.1378986866791745
-0.13836772983114445
-0.13883677298311448
-0.13930581613508444
-0.1397748592870544
-0.1402439024390244
-0.14071294559099437
-0.14118198874296436
-0.14165103189493436
-0.14212007504690433
-0.16697936210131334
-0.1674484052532833
-0.1679174484052533
-0.1683864915572233
-0.16885553470919326
-0.16932457786116323
-0.16979362101313322
-0.17026266416510322
-0.17073170731707318
-0.17120075046904315
-0.17166979362101314
-0.052063789868667915
-0.0525328330206379
-0.05300187617260788
-0.05347091932457786
-0.05393996247654785
-0.05440900562851783
-0.054878048780487805
-0.055347091932457786
-0.05581613508442777
-0.056285178236397754
-0.056754221388367734
-0.06238273921200751
-0.13320825515947468
-0.13367729831144465
-0.13414634146341464
-0.13461538461538464
-0.1350844277673546
-0.13555347091932457
-0.13602251407129456
-0.13649155722326456
-0.13696060037523453
-0.13742964352720452
-0.1378986866791745
-0.13836772983114445
-0.13883677298311448
-0.13930581613508444
-0.1397748592870544
-0.16557223264540338
-0.011257035647279551
-0.011726078799249532
-0.012195121951219514
-0.013602251407129458
-0.014071294559099438
-0.014540337711069419
-0.015009380863039401
-0.015478424015009384
-0.015947467166979364
-0.016416510318949345
-0.016885553470919325
-0.01735459662288931
-0.03142589118198875
-0.03189493433395873
-0.0323639774859287
-0.03283302063789869
-0.060037523452157605
-0.060506566604127586
-0.06097560975609756
-0.06144465290806755
-0.061913696060037535
-0.06238273921200751
-0.0628517823639775
-0.06332082551594746
-0.06378986866791746
-0.06425891181988744
-0.0647279549718574
-0.0651969981238274
-0.06566604127579738
-0.06613508442776736
-0.06660412757973734
-0.07317073170731708
-0.07363977485928705
-0.07410881801125704
-0.07457786116322702
-0.13461538461538464
-0.1350844277673546
-0.13555347091932457
-0.13602251407129456
-0.13649155722326456
-0.13696060037523453
-0.13742964352720452
-0.1378986866791745
-0.13836772983114445
-0.13883677298311448
-0.13930581613508444
-0.1397748592870544
-0.1402439024390244
-0.14071294559099437
-0.14118198874296436
-0.14165103189493436
-0.14212007504690433
-0.1425891181988743
-0.1430581613508443
-0.14352720450281428
-0.14399624765478425
-0.14446529080675422
-0.1674484052532833
-0.1679174484052533
-0.1683864915572233
-0.16885553470919326
-0.16932457786116323
-0.16979362101313322
-0.17026266416510322
-0.17073170731707318
-0.17120075046904315
-0.17166979362101314
-0.1721388367729831
-0.1726078799249531
-0.1730769230769231
-0.17354596622889307
-0.17401500938086303
-0.012664165103189495
-0.013133208255159476
-0.013602251407129458
-0.014071294559099438
-0.014540337711069419
-0.015009380863039401
-0.015478424015009384
-0.015947467166979364
-0.016416510318949345
-0.016885553470919325
-0.01735459662288931
-0.017823639774859287
-0.03283302063789869
-0.03330206378986867
-0.03377110694183865
-0.03424015009380863
-0.03470919324577862
-0.04455909943714822
-0.045028142589118206
-0.045497185741088186
-0.04596622889305817
-0.061913696060037535
-0.06238273921200751
-0.0628517823639775
-0.06332082551594746
-0.06378986866791746
-0.06425891181988744
-0.0647279549718574
-0.0651969981238274
-0.06566604127579738
-0.06613508442776736
-0.06660412757973734
-0.06707317073170732
-0.0675422138836773
-0.13836772983114445
-0.13883677298311448
-0.13930581613508444
-0.1397748592870544
-0.1402439024390244
-0.14071294559099437
-0.14118198874296436
-0.14165103189493436
-0.14212007504690433
-0.1425891181988743
-0.1430581613508443
-0.14352720450281428
-0.14399624765478425
-0.14446529080675422
-0.1449343339587242
-0.16885553470919326
-0.16932457786116323
-0.16979362101313322
-0.17026266416510322
-0.17073170731707318
-0.17120075046904315
-0.17166979362101314
-0.1721388367729831
-0.1726078799249531
-0.1730769230769231
-0.17354596622889307
-0.17401500938086303
-0.17448405253283303
-0.36726078799249534
-0.36772983114446534
-0.3681988742964353
-0.36866791744840527
-0.36913696060037526
-0.36960600375234526
-0.37007504690431525
-0.426360225140713
-0.426829268292683
-0.4272983114446529
-0.4282363977485929
-0.4305816135084428
-0.43105065666041276
-0.4404315196998124
-0.4409005628517824
-0.44136960600375236
-0.44230769230769235
-0.44324577861163234
-0.4437148217636023
-0.008442776735459663
-0.011726078799249532
-0.012664165103189495
-0.013133208255159476
-0.013602251407129458
-0.014071294559099438
-0.014540337711069419
-0.015009380863039401
-0.015478424015009384
-0.015947467166979364
-0.016416510318949345
-0.016885553470919325
-0.01735459662288931
-0.017823639774859287
-0.01829268292682927
-0.01876172607879925
-0.0323639774859287
-0.03283302063789869
-0.03330206378986867
-0.03377110694183865
-0.03424015009380863
-0.04080675422138837
-0.042682926829268296
-0.043151969981238276
-0.04362101313320826
-0.04409005628517824
-0.04455909943714822
-0.045028142589118206
-0.045497185741088186
-0.06144465290806755
-0.061913696060037535
-0.06238273921200751
-0.0628517823639775
-0.06332082551594746
-0.06378986866791746
-0.06425891181988744
-0.0647279549718574
-0.0651969981238274
-0.06566604127579738
-0.06613508442776736
-0.06660412757973734
-0.06707317073170732
-0.0675422138836773
-0.07035647279549719
-0.07082551594746718
-0.07129455909943715
-0.07176360225140714
-0.075046904315197
-0.13555347091932457
-0.13602251407129456
-0.13649155722326456
-0.13696060037523453
-0.13742964352720452
-0.1378986866791745
-0.13836772983114445
-0.13883677298311448
-0.13930581613508444
-0.1397748592870544
-0.1402439024390244
-0.14071294559099437
-0.14118198874296436
-0.14165103189493436
-0.14212007504690433
-0.1425891181988743
-0.1430581613508443
-0.14352720450281428
-0.14399624765478425
-0.14446529080675422
-0.1449343339587242
-0.1454033771106942
-0.1679174484052533
-0.1683864915572233
-0.16885553470919326
-0.16932457786116323
-0.16979362101313322
-0.17026266416510322
-0.17073170731707318
-0.17120075046904315
-0.17166979362101314
-0.1721388367729831
-0.1726078799249531
-0.1730769230769231
-0.17354596622889307
-0.17401500938086303
-0.17448405253283303
-0.17495309568480302
-0.175422138836773
-0.3663227016885554
-0.36772983114446534
-0.3681988742964353
-0.36866791744840527
-0.013133208255159476
-0.013602251407129458
-0.05159474671669794
-0.057223264540337715
-0.057692307692307696
-0.058161350844277676
-0.05863039399624766
-0.05909943714821764
-0.059568480300187625
-0.060037523452157605
-0.060506566604127586
-0.06097560975609756
-0.06144465290806755
-0.061913696060037535
-0.06238273921200751
-0.0628517823639775
-0.06332082551594746
-0.06378986866791746
-0.06425891181988744
-0.0647279549718574
-0.0651969981238274
-0.07363977485928705
-0.07410881801125704
-0.13414634146341464
-0.13461538461538464
-0.1350844277673546
-0.13555347091932457
-0.13602251407129456
-0.13649155722326456
-0.13696060037523453
-0.13742964352720452
-0.1378986866791745
-0.13836772983114445
-0.13883677298311448
-0.13930581613508444
-0.1397748592870544
-0.1402439024390244
-0.14071294559099437
-0.14118198874296436
-0.14165103189493436
-0.14212007504690433
-0.1425891181988743
-0.1430581613508443
-0.14352720450281428
-0.04643527204502814
-0.04690431519699813
-0.04737335834896811
-0.04784240150093809
-0.04831144465290807
-0.04878048780487806
-0.04924953095684803
-0.0525328330206379
-0.05300187617260788
-0.05347091932457786
-0.05393996247654785
-0.060506566604127586
-0.06097560975609756
-0.06144465290806755
-0.061913696060037535
-0.1303939962476548
-0.13086303939962476
-0.13133208255159476
-0.13367729831144465
-0.13414634146341464
-0.13461538461538464
-0.1350844277673546
-0.13555347091932457
-0.13602251407129456
-0.13649155722326456
-0.13696060037523453
-0.13742964352720452
-0.1378986866791745
-0.13836772983114445
-0.13883677298311448
-0.13930581613508444
-0.1397748592870544
-0.04643527204502814
-0.04690431519699813
-0.04737335834896811
-0.04784240150093809
-0.04831144465290807
-0.04878048780487806
-0.04971857410881801
-0.05018761726078799
-0.05909943714821764
-0.059568480300187625
-0.060037523452157605
-0.060506566604127586
-0.06097560975609756
-0.06144465290806755
-0.061913696060037535
-0.13086303939962476
-0.13133208255159476
-0.13180112570356475
-0.13555347091932457
-0.13602251407129456
-0.13649155722326456
-0.13696060037523453
-0.13742964352720452
-0.1378986866791745
-0.13836772983114445
-0.13883677298311448
-0.13930581613508444
-0.1397748592870544
-0.1402439024390244
